T,R,D,K
0.039999999999992,0.0050866614122381,-0.003875797936891671,1.9645253064889912
0.0499999999999829,0.0050481199647954,-0.003832574921458332,2.1714238507380434
0.0599999999999739,0.0050100082736359,-0.003789844346453315,1.5768909165151666
0.0699999999999932,0.0049723214624376,-0.0037475980396558277,1.7848282754158076
0.0799999999999841,0.0049350547149501,-0.003705831054496674,1.896414181537515
0.089999999999975,0.0048982032600677,-0.0036645383461041646,2.1847083329105947
0.0999999999999943,0.0048617623812163,-0.0036237156357466632,2.7298538103815946
0.109999999999985,0.0048257273940997,-0.0035833593656517046,2.2141582979432646
0.119999999999976,0.0047900936634957,-0.00354346211100248,1.9541079520393605
0.129999999999995,0.0047548566421811,-0.0035040174759825246,2.3482430004851804
0.139999999999986,0.0047200118191878,-0.0034650214191949986,2.1494325768467752
0.149999999999977,0.0046855547367544,-0.00342646818687997,2.7788078758729977
0.159999999999997,0.0046514809903855,-0.003388354685717582,2.948057317490454
0.169999999999987,0.0046177861941883,-0.0033506761833408125,2.195092332454506
0.179999999999978,0.0045844660409451,-0.0033134251068724536,2.2954785502711386
0.189999999999998,0.0045515162832321,-0.003276596603913323,2.460487636897092
0.199999999999989,0.0045189327155606,-0.00324018616860754,2.1989478224957884
0.20999999999998,0.0044867111835819,-0.003204188285305016,3.070098337258521
0.219999999999999,0.0044548475839764,-0.003168600567639984,2.7779680621195504
0.22999999999999,0.0044233378247951,-0.003133417256694147,1.9067698142738219
0.239999999999981,0.004392177913383,-0.0030986311545716807,2.409352678976803
0.25,0.004361363889638,-0.003064238805339179,2.2499133560325317
0.259999999999991,0.0043308918412682,-0.0030302352270124957,2.1537153511175022
0.269999999999982,0.0043007579045174,-0.0029966156741541745,2.636252791759583
0.279999999999973,0.0042709582596597,-0.002963376814866654,2.245834335409657
0.289999999999992,0.0042414891176685,-0.0029305131603017055,1.6811085397871168
0.299999999999983,0.004212346764261,-0.002898018925103331,1.9533725860391455
0.309999999999974,0.004183527520564,-0.002865890357233304,1.7242054169363885
0.319999999999993,0.0041550277538361,-0.0028341227181591625,1.7000252058302445
0.329999999999984,0.0041268438771373,-0.002802711770254995,1.8071841476097699
0.339999999999975,0.0040989723430265,-0.0027716535722374994,1.3875933948127432
0.349999999999994,0.0040714096465178,-0.00274094309609999,1.0560848463427732
0.359999999999985,0.0040441523375486,-0.0027105755909641593,1.0603446355995816
0.369999999999976,0.0040171970048461,-0.002680547077044958,0.782647700637348
0.379999999999995,0.0039905402805686,-0.002650853133377497,0.7684560649597623
0.389999999999986,0.0039641788399232,-0.002621489895633359,0.6180932965985864
0.399999999999977,0.0039381093941707,-0.0025924532680050042,0.13701637355961133
0.409999999999997,0.0039123287011389,-0.0025637386048766608,-0.09170714675283849
0.419999999999987,0.0038868335624548,-0.002535341801055017,-0.2824698054568684
0.429999999999978,0.0038616208187812,-0.002507258908237501,-0.625764548540899
0.439999999999998,0.0038366873514357,-0.0024794858121533255,-0.6758264708017568
0.449999999999989,0.0038120300819746,-0.002452018940345009,-1.0364236523378876
0.45999999999998,0.0037876459654604,-0.0024248542436924956,-1.579439774233784
0.469999999999999,0.0037635320038202,-0.0023979874571600254,-1.773533985068059
0.47999999999999,0.0037396852354436,-0.002371414944160816,-2.137587752807969
0.489999999999981,0.0037161027366994,-0.0023451328945799962,-2.5111352438581034
0.5,0.0036927816217933,-0.002319137550305005,-2.79746448546055
0.509999999999991,0.0036697190419674,-0.0022934253429774914,-3.2472579053085924
0.519999999999982,0.0036469121836242,-0.0022679925258466765,-3.7431105681484502
0.529999999999973,0.0036243582725039,-0.002242835361108339,-4.109161292912311
0.539999999999992,0.0036020545691869,-0.0022179503630999926,-4.571779335871607
0.549999999999983,0.003579998369802,-0.0021933339902358235,-5.029851755324499
0.559999999999974,0.003558187005581,-0.0021689827622374904,-5.5967782187259205
0.569999999999993,0.003536617842485,-0.002144893131439996,-6.07546844927023
0.579999999999984,0.0035152882821194,-0.0021210617380108213,-6.537787218836162
0.589999999999975,0.003494195757882,-0.002097485306951671,-7.138391312054705
0.599999999999994,0.0034733377373183,-0.002074160460738323,-7.699385438903566
0.609999999999985,0.0034527117209104,-0.002051083934222487,-8.23744973650693
0.619999999999976,0.0034323152416352,-0.0020282525373166785,-9.107652289054144
0.629999999999995,0.0034121458645239,-0.002005662779152496,-9.676090696414136
0.639999999999986,0.0033922011907043,-0.0019833115963308425,-10.096564733310235
0.649999999999977,0.0033724788469615,-0.0019611961460358376,-10.933569212275215
0.659999999999997,0.0033529764926957,-0.001939313200637498,-11.627026542309219
0.669999999999987,0.0033336918179794,-0.0019176597371999974,-12.28211695264666
0.679999999999978,0.003314622542924,-0.0018962328206549946,-13.37960674110595
0.689999999999998,0.0032957664172519,-0.0018750291450400159,-14.15022262224473
0.699999999999989,0.0032771212253543,-0.0018540458231458361,-14.599630520374289
0.70999999999998,0.0032586847748266,-0.0018332803383950033,-15.580580057993473
0.719999999999999,0.0032404549022991,-0.0018127297290716547,-16.482982792528684
0.72999999999999,0.0032224294734177,-0.0017923911539624872,-17.283223941818804
0.739999999999981,0.0032046063815717,-0.0017722619109516692,-18.558634719345513
0.75,0.0031869835474829,-0.00175233894383333,-19.618849208874153
0.759999999999991,0.0031695589241349,-0.0017326194819058545,-20.16323967819956
0.769999999999982,0.0031523304871833,-0.0017131012597158362,-21.23334701877341
0.779999999999973,0.0031352962370036,-0.0016937816259874942,-22.40482516144986
0.789999999999992,0.0031184542015984,-0.00167465789171084,-23.383323596568033
0.799999999999983,0.0031018024345742,-0.0016557275666633127,-24.800270520920872
0.809999999999974,0.0030853390147534,-0.001636987877223346,-26.21173331739596
0.819999999999993,0.0030690620502432,-0.0016184361502241769,-26.925329337336212
0.829999999999984,0.0030529696722172,-0.001600070309436632,-28.058931641683948
0.839999999999975,0.0030370600323115,-0.0015818880177458279,-29.54329248422673
0.849999999999994,0.0030213313084322,-0.0015638867298383504,-30.730647514781776
0.859999999999985,0.0030057817020927,-0.0015460641517700056,-32.29369953282754
0.869999999999976,0.0029904094380474,-0.0015284177817033227,-34.12070698071558
0.879999999999995,0.0029752127674455,-0.0015109450323124913,-35.041535270660276
0.889999999999986,0.002960189965059,-0.0014936439972433313,-36.23358567955839
0.899999999999977,0.002945339322063,-0.0014765126380599841,-38.08420504876799
0.909999999999997,0.0029306591546566,-0.001459548541134139,-39.5044569919195
0.919999999999987,0.0029161478007935,-0.0014427495985933438,-41.260290503789385
0.929999999999978,0.0029018036198391,-0.0014261135372766495,-43.699759605266756
0.939999999999998,0.0028876249953542,-0.001409637772669979,-44.73090380759804
0.949999999999989,0.0028736103356154,-0.001393320639395832,-45.88888997674586
0.95999999999998,0.0028597580597243,-0.0013771604355400022,-48.278691597358126
0.969999999999999,0.0028460666115274,-0.0013611548029950195,-50.009411849962326
0.97999999999999,0.002832534454915,-0.0013453017899316545,-51.72626100556932
0.989999999999981,0.0028191600735004,-0.0013295994968183303,-54.4339999400268
1.0,0.0028059419703001,-0.0013140455545183416,-56.535810047932436
1.00999999999999,0.0027928786742264,-0.0012986380057024866,-57.77926425194608
1.01999999999998,0.0027799687272652,-0.001283375389833323,-60.146980421798375
1.02999999999997,0.0027672106899055,-0.0012682557295966798,-62.437292853328145
1.03999999999999,0.0027546031425129,-0.001253277113199159,-64.72952361161614
1.04999999999998,0.0027421446837596,-0.001238437674819989,-67.52408041293893
1.05999999999997,0.0027298339316819,-0.0012237353868883175,-69.59313807809703
1.06999999999999,0.0027176695242359,-0.0012091686288124917,-71.70246992349072
1.07999999999998,0.0027056501127499,-0.001194735808973343,-74.54283897889415
1.08999999999997,0.0026937743677611,-0.001180435058415006,-76.9741231405716
1.09999999999999,0.0026820409769603,-0.0011662647168258467,-80.10389858798595
1.10999999999999,0.0026704486449289,-0.001152222891296681,-82.78333867621225
1.11999999999998,0.0026589960961114,-0.0011383079487100071,-85.13568192205071
1.13,0.0026476820679255,-0.0011245184427349916,-88.2458212506151
1.13999999999999,0.0026365053147783,-0.0011108526702016653,-91.15904054959317
1.14999999999998,0.0026254646073923,-0.0010973090428416587,-94.34204930734782
1.16,0.00261455873227,-0.0010838859149866803,-97.87633064973073
1.16999999999999,0.0026037864930001,-0.0010705815742333416,-100.70606242927144
1.17999999999998,0.0025931467094391,-0.0010573946381016571,-103.73133076731783
1.19,0.0025826382136531,-0.0010443236987625116,-107.39768880089528
1.19999999999999,0.0025722598540662,-0.0010313671635258227,-110.63179453269208
1.20999999999998,0.0025620104938684,-0.001018523617704173,-115.05705134790641
1.22,0.0025518890107846,-0.0010057912987974811,-118.47153069079447
1.22999999999999,0.0025418943015248,-0.0009931688663375013,-121.4720272325792
1.23999999999998,0.0025320252711731,-0.0009806551652875263,-125.86567352049242
1.25,0.0025222808409369,-0.0009682486281833312,-129.65011340366286
1.25999999999999,0.0025126599459159,-0.0009559479136908376,-134.04251210006356
1.26999999999998,0.0025031615348492,-0.000943751540045815,-138.65141285189785
1.27999999999997,0.0024937845721144,-0.0009316580253325233,-142.37490644528202
1.28999999999999,0.0024845280353304,-0.0009196662232641787,-146.5646581421449
1.29999999999998,0.0024753909128054,-0.0009077748921774698,-151.3884364094092
1.30999999999997,0.0024663722071689,-0.0008959826445816376,-155.8440256757302
1.31999999999999,0.0024574709338837,-0.0008842882312525205,-161.42253035001153
1.32999999999998,0.0024486861213066,-0.0008726901463733329,-166.00321641060395
1.33999999999997,0.0024400168136573,-0.0008611872354725226,-170.32295882232512
1.34999999999999,0.0024314620629225,-0.0008497784628166689,-175.9686567174398
1.35999999999999,0.0024230209350676,-0.0008384624727758192,-181.52820109298398
1.36999999999998,0.002414692508127,-0.000827238012876682,-184.82482802078556
1.38,0.0024064758720264,-0.0008161044746000001,-190.52964953106863
1.38999999999999,0.0023983701201381,-0.0008050605908658359,-199.81505408180996
1.39999999999998,0.0023903743681084,-0.0007941042219249895,-205.4758323481788
1.41,0.0023824877476869,-0.0007832342272308268,-210.8101858551207
1.41999999999999,0.0023747093990478,-0.0007724496217641852,-219.64083848185328
1.42999999999998,0.002367038474921,-0.000761748790889997,-216.26591284113172
1.44,0.0023594741405929,-0.0007511330628049871,-222.49546982373002
1.44999999999999,0.0023520155349545,-0.0007406012944900129,-241.12738170758666
1.45999999999998,0.0023446618468524,-0.0007301494861141607,-245.0762549697974
1.47,0.0023374122803358,-0.000719777117884982,-250.195200219473
1.47999999999999,0.002330266041977,-0.0007094835818549993,-261.1588149504518
1.48999999999998,0.0023232223500975,-0.0006992672124366841,-254.06240440282042
1.5,0.0023162804347686,-0.0006891302281375105,-264.8545107989355
1.50999999999999,0.002309439488161,-0.0006790707570175022,-287.6172067658938
1.51999999999998,0.0023026987738615,-0.0006690844675749942,-288.0016782633533
1.52999999999997,0.0022960575536828,-0.0006591718216625117,-295.9238913956274
1.53999999999999,0.002289515095052,-0.0006493319325766525,-308.2718352050839
1.54999999999998,0.0022830706762845,-0.0006395632213416786,-299.0430894633361
1.55999999999997,0.0022767235865843,-0.0006298683411625101,-314.8818107296672
1.56999999999999,0.0022704730725022,-0.0006202447567441624,-339.9865966289973
1.57999999999998,0.0022643184657331,-0.0006106882592433102,-337.1661359789173
1.58999999999997,0.0022582590802842,-0.000601200103217497,-348.8402082482141
1.59999999999999,0.0022522942399495,-0.0005917790326758496,-360.19352581917593
1.60999999999999,0.0022464232786195,-0.0005824239530349995,-355.0766490187769
1.61999999999998,0.0022406455363366,-0.0005731367554558073,-372.7345301419069
1.63,0.0022349603257452,-0.0005639150023599871,-395.9978948905884
1.63999999999999,0.0022293670276098,-0.0005547553639258378,-396.0716592397644
1.64999999999998,0.0022238650090883,-0.0005456587308491736,-409.22943101149576
1.66,0.0022184536467525,-0.0005366239081725114,-420.0118877215988
1.66999999999999,0.0022131323265887,-0.0005276501896991618,-419.21863400146253
1.67999999999998,0.0022079004365937,-0.0005187388049616631,-438.6286152658807
1.69,0.0022027573505818,-0.0005098874324291753,-460.208877955931
1.69999999999999,0.0021977024952927,-0.0005010934880550098,-463.4955544548737
1.70999999999998,0.0021927352880722,-0.0004923575199916409,-478.2871949839958
1.72,0.0021878551550835,-0.0004836783870508286,-488.0133452764357
1.72999999999999,0.0021830615313072,-0.00047505585036418244,-489.648378763289
1.73999999999998,0.0021783538476188,-0.00046649088872002017,-513.569052485882
1.75,0.0021737315303983,-0.0004579808202933287,-535.1175069181396
1.75999999999999,0.0021691940544587,-0.0004495234440333298,-539.7008493859748
1.76999999999998,0.0021647408844616,-0.00044111933868998374,-555.1378529006012
1.77999999999997,0.0021603714934092,-0.000432767516059172,-572.3379675322469
1.78999999999999,0.0021560853626451,-0.0004244668344908352,-571.7394074680008
1.79999999999998,0.0021518819818538,-0.0004162189284066693,-586.4650012544222
1.80999999999997,0.0021477608121573,-0.00040802292249168814,-619.03185205684
1.81999999999999,0.0021437213609156,-0.0003998752656216787,-628.8830193457648
1.82999999999998,0.0021397631458385,-0.0003917758892583162,-641.128000221117
1.83999999999997,0.002135885683178,-0.0003837245756166671,-658.0996866877164
1.84999999999999,0.0021320884969675,-0.0003757204137991769,-674.932808535876
1.85999999999999,0.0021283711190216,-0.00036776271786084173,-671.4108471315408
1.86999999999998,0.0021247330822432,-0.0003598537106316438,-699.8858617078446
1.88,0.0021211738915269,-0.00035199076402415075,-732.8548254176008
1.88999999999999,0.0021176931222857,-0.0003441706930833358,-735.1709350086538
1.89999999999998,0.0021142903310445,-0.00033639482597834546,-754.7081171687544
1.91,0.002110965081554,-0.00032866222251416233,-773.9872764896545
1.91999999999999,0.0021077169447907,-0.0003209719689666516,-782.8594951310607
1.92999999999998,0.002104545498957,-0.0003133247692958446,-794.6898387248292
1.94,0.0021014503065445,-0.0003057207871349902,-826.9336370201576
1.94999999999999,0.0020984309478999,-0.0002981571968816484,-846.9433282450915
1.95999999999998,0.0020954870307901,-0.00029063297934918164,-858.9950153880704
1.97,0.0020926181565476,-0.00028314840122334463,-878.712917520223
1.97999999999999,0.002089823933248,-0.00027570267838666885,-900.7095988932685
1.98999999999998,0.0020871039757099,-0.0002682948259083216,-902.4897530209466
2.0,0.0020844579054949,-0.0002609267878933144,-928.7478178634861
2.00999999999999,0.0020818853136318,-0.0002535967898341894,-963.2270388737296
2.01999999999998,0.0020793858511704,-0.0002463018971158342,-970.942109245233
2.02999999999997,0.002076959155894,-0.00023904310635998273,-991.9969702421307
2.03999999999999,0.0020746048712464,-0.0002318196602358485,-1012.4634730092458
2.04999999999998,0.002072322647003,-0.00022463082605584826,-1029.0924450906848
2.05999999999997,0.0020701121392707,-0.00021747656873167246,-1040.719451277032
2.06999999999999,0.0020679729992151,-0.0002103575628283256,-1069.5004353729623
2.07999999999998,0.002065904877191,-0.0002032717472358481,-1094.7630593362248
2.08999999999997,0.0020639074579048,-0.0001962176047483405,-1107.9340895880941
2.09999999999999,0.0020619804184566,-0.00018919556717249467,-1128.8144429684342
2.10999999999999,0.0020601234419097,-0.0001822049250916525,-1151.256189433908
2.11999999999998,0.0020583362172909,-0.00017524477903749949,-1157.058636431182
2.13,0.0020566184395902,-0.00016831703678500806,-1180.0708093121489
2.13999999999999,0.0020549697733851,-0.0001614205049108197,-1215.0275710717558
2.14999999999998,0.0020533899350775,-0.00015455184899418128,-1227.407988920078
2.16,0.0020518786417786,-0.00014771162281000064,-1245.0476848816052
2.16999999999999,0.0020504356086175,-0.00014089966194166022,-1264.7529417333153
2.17999999999998,0.0020490605564423,-0.0001341153303133326,-1283.7181580707102
2.19,0.0020477532118201,-0.00012735805602750427,-1303.0151396788115
2.19999999999999,0.002046513307037,-0.00012062717398499658,-1321.3097095164494
2.20999999999998,0.0020453405800984,-0.00011392241316415317,-1323.0738374428695
2.22,0.0020442347635469,-0.00010724704307917983,-1354.20853535088
2.22999999999999,0.002043195553479,-0.0001005974228408227,-1384.7656290950365
2.23999999999998,0.0020422227392513,-9.39698217199917e-05,-1388.8587397446095
2.25,0.0020413160764745,-8.736671749582682e-05,-1407.8896001633589
2.25999999999999,0.0020404753261173,-8.07872484950158e-05,-1424.2585938386762
2.26999999999998,0.0020397002545065,-7.423087892417628e-05,-1440.2048418159031
2.27999999999997,0.0020389906333267,-6.769707298831052e-05,-1457.0167394176008
2.28999999999999,0.0020383462396206,-6.118496077500456e-05,-1465.8781859712496
2.29999999999998,0.0020377668557887,-5.4696575804998794e-05,-1478.7019330709127
2.30999999999997,0.0020372522294955,-4.8232362012512756e-05,-1501.947979063857
2.31999999999999,0.0020368021414225,-4.17878567766667e-05,-1514.9705207650966
2.32999999999998,0.0020364164081325,-3.536236222000241e-05,-1524.5533782157252
2.33999999999997,0.0020360948276979,-2.8957007257500764e-05,-1537.3574321310443
2.34999999999999,0.0020358372031651,-2.2571098964985967e-05,-1548.8851080057352
2.35999999999999,0.0020356433425542,-1.620413999583161e-05,-1559.74683543565
2.36999999999998,0.0020355130588587,-9.855632971665843e-06,-1569.978611560856
2.38,0.0020354461700462,-3.524577737513187e-06,-1579.4647379605567
2.38999999999999,0.0020354424990577,2.7852241299911274e-06,-1588.780831221052
2.39999999999998,0.0020355018134747,9.076510877520778e-06,-1596.1522797019752
2.41,0.0020356239793911,1.5353625524173325e-05,-1604.1945372436141
2.41999999999999,0.0020358088314081,2.161406581497365e-05,-1610.633700378639
2.42999999999998,0.002036056207462,2.7858521482509915e-05,-1616.4008596576978
2.44,0.0020363659501441,3.408746905417534e-05,-1621.3770541118738
2.44999999999999,0.0020367379067012,4.0301374063310965e-05,-1625.0674456508596
2.45999999999998,0.0020371719290352,4.6500831696671126e-05,-1630.0427799138388
2.47,0.0020376678737032,5.2685469638347974e-05,-1637.9907194609154
2.47999999999999,0.0020382255863565,5.885400517331935e-05,-1633.7301425449625
2.48999999999998,0.002038844908915,6.500918534751005e-05,-1630.8114938104795
2.5,0.0020395257301088,7.11527324700065e-05,-1636.1321173230178
2.50999999999999,0.0020402679214799,7.728347426498338e-05,-1634.5181055125877
2.51999999999998,0.0020410713589793,8.340203161917754e-05,-1633.031989636232
2.52999999999997,0.0020419359229672,8.95088454483391e-05,-1630.7569202320594
2.53999999999999,0.0020428614982129,9.560435666668217e-05,-1625.6017586917665
2.54999999999998,0.0020438479738949,0.00010168924725998969,-1632.149650851848
2.55999999999997,0.0020448952436009,0.00010776198273664877,-1626.2230390005734
2.56999999999999,0.0020460031764,0.00011382334173750479,-1608.3278698171036
2.57999999999998,0.0020471716803253,0.00011987601877916553,-1606.914788384382
2.58999999999997,0.0020484006666816,0.00012591965984584154,-1602.1575059338866
2.59999999999999,0.0020496900436002,0.00013195426281750917,-1593.9220468373567
2.60999999999999,0.0020510397234177,0.0001379803097158393,-1585.5493371340665
2.61999999999998,0.002052449622676,0.00014399822105667478,-1575.9521653714517
2.63,0.0020539196621221,0.00015000847071914027,-1565.4531180500073
2.63999999999999,0.0020554497667086,0.00015601136359166,-1577.4791101764838
2.64999999999998,0.0020570398591922,0.00016200460639335845,-1548.85043364207
2.66,0.0020586898356058,0.00016799086756998427,-1518.817401037168
2.66999999999999,0.0020603996605325,0.0001739728627841823,-1525.975525130389
2.67999999999998,0.0020621692733226,0.0001799487521741791,-1509.917209771525
2.69,0.0020639986173925,0.00018591918652000123,-1496.7103745495886
2.69999999999999,0.0020658876402249,0.00019188457243667903,-1482.8325025632864
2.70999999999998,0.0020678362933685,0.0001978453165333158,-1468.450933821377
2.72,0.0020698445324382,0.00020380182541999059,-1453.806884841071
2.72999999999999,0.0020719123171149,0.00020975450570502612,-1433.758870332275
2.73999999999998,0.0020740396111457,0.0002157040643316792,-1442.41668609023
2.75,0.0020762263823439,0.00022164850223165607,-1428.2886647611056
2.75999999999999,0.0020784725665504,0.0002275881378225003,-1377.564017460806
2.76999999999998,0.0020807781400847,0.00023352671091251935,-1367.348851604149
2.77999999999997,0.0020831430965334,0.000239464124868324,-1361.2796106819223
2.78999999999999,0.0020855674168984,0.00024539969639834355,-1341.8364122686612
2.79999999999998,0.0020880510860758,0.00025133395225749797,-1324.4545974745402
2.80999999999997,0.0020905940928561,0.00025726728188082466,-1306.7327682422356
2.81999999999999,0.0020931964299241,0.00026320007471001427,-1288.8445373490604
2.82999999999998,0.0020958580938591,0.00026913272017999935,-1270.0073640913954
2.83999999999997,0.0020985790851346,0.00027506566382499986,-1249.9947481689796
2.84999999999999,0.0021013594081185,0.0002809992135100088,-1271.181769600918
2.85999999999999,0.0021041990643403,0.00028693055732000603,-1222.023623299349
2.86999999999998,0.0021070980218835,0.00029286266193581325,-1171.7942980488892
2.88,0.0021100563283762,0.0002987986374624967,-1186.4283187861297
2.88999999999999,0.0021130740009734,0.0003047362301250289,-1162.337386084056
2.89999999999998,0.002116151060564,0.0003106760983758148,-1143.963929107306
2.91,0.0021192875317709,0.0003166186156241548,-1125.337941849593
2.91999999999999,0.0021224834429511,0.00032256415525416343,-1106.7140497161897
2.92999999999998,0.0021257388261953,0.0003285130906816716,-1088.2673677995415
2.94,0.0021290537173287,0.00033446579529834334,-1066.2724992799087
2.94999999999999,0.0021324281559099,0.0003404228184950067,-1065.1888344494662
2.95999999999998,0.0021358621852321,0.0003463831306183423,-1048.5313391936638
2.97,0.0021393558312031,0.00035234699542999355,-1005.3878492156845
2.97999999999999,0.0021429091440001,0.00035831677524748894,-991.3059612681583
2.98999999999998,0.0021465221866023,0.0003642925997649968,-981.395611472501
3.0,0.002150195015396,0.0003702741592624941,-961.8358514366648
3.00999999999999,0.0021539276903985,0.00037626190204498804,-944.1137247427529
3.01999999999998,0.0021577202752582,0.00038225619121834913,-926.4593057376541
3.02999999999997,0.0021615728372545,0.00038825738988082606,-908.9718182097008
3.03999999999999,0.0021654854472978,0.0003942658611399772,-891.4081911528453
3.04999999999998,0.0021694581799296,0.0004002819851833578,-873.3908055467828
3.05999999999997,0.0021734911133222,0.00040630611497167334,-870.8263637593557
3.06999999999999,0.0021775843272277,0.0004123375107899866,-843.0377845885703
3.07999999999998,0.002181737891886,0.00041837739916082695,-814.9736694484841
3.08999999999997,0.0021859519071452,0.0004244270847425,-810.4742148685308
3.09999999999999,0.0021902264647629,0.0004304860277108452,-792.3444767546092
3.10999999999999,0.0021945616600738,0.0004365546829941705,-776.4671688859606
3.11999999999998,0.0021989575919895,0.0004426334082924891,-760.7174152118822
3.13,0.0022034143629987,0.0004487225613058215,-745.1831093625395
3.13999999999999,0.002207932079167,0.0004548224997316656,-729.8954900571744
3.14999999999998,0.0022125108501371,0.00046093358129167545,-714.1896377300027
3.16,0.0022171507891289,0.00046705619614915045,-702.4050739050683
3.16999999999999,0.0022218520129389,0.0004731904443558356,-688.1834065445789
3.17999999999998,0.0022266146380435,0.00047933665224919066,-669.2939544633165
3.19,0.0022314387881312,0.0004854955514233157,-655.745291777447
3.19999999999999,0.0022363245923974,0.0004916674644733228,-643.3411961756881
3.20999999999998,0.0022412721815993,0.0004978526144808559,-629.3310759691437
3.22,0.0022462816900515,0.0005040513738324877,-615.8687879217897
3.22999999999999,0.0022513532556263,0.0005102640982908382,-602.6245477083226
3.23999999999998,0.0022564870197535,0.0005164911436008655,-589.6073780202787
3.25,0.0022616831274204,0.0005227328655391468,-576.8776496464285
3.25999999999999,0.0022669417271722,0.0005289896151716357,-564.5965127796404
3.26999999999998,0.0022722629711112,0.0005352617476291803,-548.3345340148652
3.27999999999997,0.0022776470154593,0.0005415499527308413,-539.3937649645733
3.28999999999999,0.0022830940240017,0.0005478543107550058,-530.6478102044377
3.29999999999998,0.0022886041559685,0.0005541748893041622,-515.6322077946272
3.30999999999997,0.0022941775778942,0.0005605123309025062,-504.76284728064866
3.31999999999999,0.0022998144598828,0.0005668669613724907,-493.53315673430825
3.32999999999998,0.0023055149756078,0.0005732391376850174,-482.54719603457335
3.33999999999997,0.0023112793023126,0.0005796292168216818,-471.77856889077947
3.34999999999999,0.0023171076208104,0.0005860375558074912,-461.2255622770254
3.35999999999999,0.002323000115485,0.000592464511664984,-450.8855538718631
3.36999999999998,0.0023289569742901,0.0005989104414366702,-440.6673415585167
3.38,0.0023349783887504,0.0006053757022091611,-432.7118073977658
3.38999999999999,0.0023410645539612,0.0006118605302091705,-412.3577490869274
3.39999999999998,0.0023472156685887,0.0006183663008299946,-407.02287473349816
3.41,0.0023534319493714,0.0006248929707349955,-408.37455685597257
3.41999999999999,0.0023597135959324,0.0006314398260591673,-392.7100033687049
3.42999999999998,0.0023660608162226,0.0006380078192599913,-383.1314791646135
3.44,0.0023724738242712,0.0006445974186408225,-374.6075406889535
3.44999999999999,0.0023789528377706,0.0006512089705183607,-365.9923931068627
3.45999999999998,0.0023854980780795,0.0006578428417158371,-357.57588720884246
3.47,0.0023921097702268,0.0006644993994200159,-349.34149138618835
3.47999999999999,0.0023987881429149,0.0006711790111658131,-341.28625540089365
3.48999999999998,0.0024055334285234,0.000677882044838306,-333.34261850474184
3.5,0.0024123458631124,0.0006846088686725015,-327.0264325424092
3.50999999999999,0.0024192256864262,0.0006913597518300168,-312.75124419235345
3.51999999999998,0.0024261731418966,0.0006981358301741736,-302.7291954234932
3.52999999999997,0.0024331884885774,0.0007049377573333315,-306.78143267847395
3.53999999999999,0.0024402719807011,0.0007117646427891419,-299.6439828538851
3.54999999999998,0.0024474238659822,0.0007186168067808106,-287.8325447742777
3.55999999999997,0.0024546444040003,0.0007254951868124989,-281.95266577887446
3.56999999999999,0.0024619338581573,0.00073240009837083,-275.27226193191916
3.57999999999998,0.0024692924956844,0.0007393319247983226,-268.78134991494244
3.58999999999997,0.0024767205876505,0.0007462910502708421,-262.43754289959134
3.59999999999999,0.0024842184089701,0.0007532778596958409,-256.2374334886569
3.60999999999999,0.0024917862384104,0.0007602927387833302,-250.15545748879455
3.61999999999998,0.0024994243586001,0.0007673360740449879,-244.67793355730421
3.63,0.0025071330560365,0.000774408212595859,-237.60069522845296
3.63999999999999,0.0025149126210935,0.0007815097657783219,-224.92739934726185
3.64999999999998,0.0025227633528461,0.0007886419849283007,-227.09495892382247
3.66,0.0025306855611835,0.0007958042896999902,-226.64698253784272
3.66999999999999,0.0025386795385651,0.0008029963932708466,-214.90251372755225
3.67999999999998,0.0025467455920815,0.0008102194950008351,-210.79831749609022
3.69,0.0025548840328376,0.0008174739082841701,-205.68007111216411
3.69999999999999,0.0025630951759634,0.0008247600362400021,-200.72606797182658
3.70999999999998,0.0025713793406262,0.0008320782831449795,-195.88728891997505
3.72,0.0025797368500415,0.0008394290544183332,-191.16131095942876
3.72999999999999,0.002588168031485,0.0008468127566316823,-186.54596626580823
3.73999999999998,0.0025966732163036,0.000854229797491657,-181.9617439991734
3.75,0.0026052527399272,0.0008616805858724975,-179.2868688388378
3.75999999999999,0.0026139069418801,0.0008691653742158333,-165.36127387648997
3.76999999999998,0.0026226361657923,0.000876685937577501,-167.0021380922723
3.77999999999997,0.0026314407783185,0.0008842418525024974,-170.80871564475567
3.78999999999999,0.0026403211189251,0.0008918323298449945,-159.3484271078701
3.79999999999998,0.0026492775446422,0.0008994588360841653,-156.5870662278618
3.80999999999997,0.0026583104168005,0.0009071216886466504,-152.69231372065687
3.81999999999999,0.0026674201009916,0.0009148213138975022,-148.93480351955301
3.82999999999998,0.0026766069670827,0.0009225581401725161,-145.2666326138156
3.83999999999997,0.0026858713892321,0.0009303325973149879,-141.68592046353697
3.84999999999999,0.0026952137459038,0.0009381451166441737,-138.19046286911947
3.85999999999999,0.0027046344198826,0.0009459961310083404,-134.730054097231
3.86999999999998,0.0027141337982894,0.0009538860747524741,-132.46759441236526
3.88,0.0027237122725959,0.0009618152683350204,-123.63943774080307
3.88999999999999,0.0027333702386399,0.0009697850943925014,-121.36653725580149
3.89999999999998,0.0027431081104864,0.0009777958434408357,-124.96158554769809
3.91,0.0027529262900863,0.0009858467885908145,-119.51286612333824
3.91999999999999,0.0027628251829542,0.0009939387343674791,-115.11814981230522
3.92999999999998,0.0027728052037514,0.001002072411670838,-112.52999970664114
3.94,0.0027828667716831,0.0010102482373050004,-109.67583305365412
3.94999999999999,0.002793010310517,0.0010184666684741662,-106.90505742932886
3.95999999999998,0.0028032362486024,0.0010267281642783498,-104.20147473338363
3.97,0.0028135450188889,0.00103503318566832,-101.56342386502949
3.97999999999999,0.0028239370589449,0.0010433821954833312,-98.96287085234215
3.98999999999998,0.0028344128109768,0.0010517756584566408,-97.00811315225802
4.0,0.0028449727218476,0.001060213967614153,-92.12742740704165
4.00999999999999,0.0028556172430957,0.0010686981166141809,-86.76823015836749
4.01999999999998,0.0028663468397824,0.0010772291529641577,-90.21059854598919
4.02999999999997,0.0028771619804615,0.0010858063900758294,-89.4386054115112
4.03999999999999,0.0028880631224183,0.0010944299429275176,-83.73827026847565
4.04999999999998,0.0028990507373738,0.0011031009913358217,-82.15440942846497
4.05999999999997,0.0029101253019295,0.0011118199447075169,-79.98746562368342
4.06999999999999,0.0029212872975908,0.0011205872945533413,-77.89964857803947
4.07999999999998,0.0029325372107894,0.0011294035346649887,-75.86306665696574
4.08999999999997,0.0029438755329066,0.001138269161145831,-73.87675249358612
4.09999999999999,0.0029553027602961,0.0011471846723816626,-71.9285715050358
4.10999999999999,0.0029668193943069,0.0011561505690333316,-70.22090275538729
4.11999999999998,0.002978425941306,0.0011651673182208402,-68.49770382748817
4.13,0.0029901229127018,0.001174235516152478,-59.09828247817464
4.13999999999999,0.0030019108292688,0.0011833573918433333,-63.95337651489315
4.14999999999998,0.003013790236071,0.0011925319213291737,-68.09422622881883
4.16,0.0030257616412384,0.0012017581621299933,-59.813315383508886
4.16999999999999,0.0030378255778991,0.001211038142870828,-59.26535176266473
4.17999999999998,0.003049982584438,0.00122037222582748,-57.61450038615315
4.19,0.0030622332045233,0.0012297609406433465,-56.05093525194281
4.19999999999999,0.0030745779871327,0.0012392048195699885,-54.52672345740818
4.20999999999998,0.0030870174865795,0.0012487043974999939,-53.04111861325989
4.22,0.0030995522625392,0.0012582602119425162,-51.593239321173286
4.22999999999999,0.0031121828800753,0.0012678728030325027,-50.18226505977197
4.23999999999998,0.003124909909666,0.0012775427135308126,-48.806357250818365
4.25,0.00313773392723,0.0012872704888158368,-47.393995304719304
4.25999999999999,0.0031506555141531,0.0012970566727466557,-48.127410495633946
4.26999999999998,0.0031636752573142,0.0013069014698991728,-34.756524950525886
4.27999999999997,0.00317679374961,0.0013168087370842006,-41.45848157823579
4.28999999999999,0.0031900116344973,0.0013267768255408115,-50.12534590017328
4.29999999999998,0.0032033294831678,0.0013368033777441531,-39.2315700505719
4.30999999999997,0.0032167479067117,0.001346891611897483,-39.64169823620437
4.31999999999999,0.0032302675219959,0.0013570418225749934,-38.43267533957676
4.32999999999998,0.0032438889516944,0.0013672545920900266,-37.320391352716406
4.33999999999997,0.0032576128243204,0.0013775305058966818,-36.237151158290445
4.34999999999999,0.0032714397742569,0.0013878701525474946,-35.18207362829987
4.35999999999999,0.0032853704417883,0.001398274123766679,-34.154841558883795
4.36999999999998,0.0032994054731319,0.001408743014364995,-33.15471141385609
4.38,0.0033135455204684,0.0014192774222800168,-32.18103802674018
4.38999999999999,0.0033277912419739,0.0014298779485958392,-31.14999958680172
4.39999999999998,0.0033421433018507,0.0014405451975033061,-32.085701167815465
4.41,0.0033566023703588,0.0014512793779575218,-21.014148181519023
4.41999999999999,0.0033711691238472,0.00146208449750751,-25.046557513246537
4.42999999999998,0.003385844292591,0.0014729595226483374,-33.98330354697487
4.44,0.0034006285400074,0.0014839015966183235,-26.27852861781928
4.44999999999999,0.0034155225569226,0.0014949135651441754,-25.339581303375436
4.45999999999998,0.0034305270469058,0.0015059962645850107,-24.71171455280907
4.47,0.0034456427199609,0.0015171502873875015,-23.913662443237953
4.47999999999999,0.0034608702925636,0.001528376282580001,-23.14702768558946
4.48999999999998,0.0034762104876985,0.0015396749029508363,-22.40128019798756
4.5,0.003491664034897,0.0015510468050150008,-21.675971551993488
4.50999999999999,0.003507231670274,0.0015624926490150188,-20.97059696331302
4.51999999999998,0.0035229141365658,0.001574013098945816,-20.28485939855071
4.52999999999997,0.0035387121831671,0.0015856088225075034,-19.558518135352244
4.53999999999999,0.0035546265661683,0.001597280491153346,-20.224794179369738
4.54999999999998,0.0035706580483931,0.0016090284342424822,-12.668945046868105
4.55999999999997,0.0035868073994354,0.001620856186365031,-13.5727780602734
4.56999999999999,0.0036030754371948,0.0016327638113749965,-21.26670007214223
4.57999999999998,0.0036194629342181,0.001644748450390833,-17.40243848038338
4.58999999999997,0.0036359706692897,0.0016568120078650085,-15.149575158499475
4.59999999999999,0.0036525994421477,0.0016689560116283286,-14.970675078548595
4.60999999999999,0.0036693500596878,0.0016811810643216692,-14.4000294816685
4.61999999999998,0.0036862233360075,0.0016934878882975068,-13.863517602500561
4.63,0.0037032200924495,0.0017058772102641867,-13.342365971234106
4.63999999999999,0.0037203411576456,0.0017183497613483122,-12.836393401560047
4.64999999999998,0.0037375873675609,0.0017309062770341698,-12.345265899205238
4.66,0.0037549595655369,0.0017435474971699955,-11.868536090066728
4.66999999999999,0.0037724586023358,0.0017562741660291895,-11.365187177614096
4.67999999999998,0.0037900853361844,0.0017690870322358274,-11.80016116994636
4.69,0.0038078406328174,0.001781986560906653,-6.989190168832338
4.69999999999999,0.0038257253655214,0.0017949757700633606,-5.551512058019504
4.70999999999998,0.003843740449723,0.0018080559209291682,-12.138254678722125
4.72,0.0038618867790216,0.0018212241654383225,-11.173571797172293
4.72999999999999,0.0038801652303075,0.001834481386894157,-7.990385516084405
4.73999999999998,0.0038985767103448,0.001847829865943292,-8.131024269921918
4.75,0.0039171221338813,0.0018612702206291984,-7.726451105777066
4.75999999999999,0.0039358024236988,0.001874803256891664,-7.357395884021861
4.76999999999998,0.003954618510664,0.001888429785769992,-6.999839805658644
4.77999999999997,0.0039735713337794,0.0019021506233666819,-6.6535887478011055
4.78999999999999,0.0039926618402337,0.0019159665908241455,-6.318281491006929
4.79999999999998,0.0040118909854524,0.001929878514393329,-5.99378359333299
4.80999999999997,0.0040312597331491,0.0019438872253816435,-5.652335085862341
4.81999999999999,0.0040507690553754,0.0019579935601308344,-5.926201366362203
4.82999999999998,0.0040704199325719,0.001972198123500857,-3.094978016307699
4.83999999999997,0.0040902133536191,0.0019865034596674904,0.1911911871428015
4.84999999999999,0.0041101503442786,0.0020009122260224747,-5.743351743362948
4.85999999999999,0.0041302319338689,0.00201542139721497,-6.992077900005083
4.86999999999998,0.0041504591074476,0.0020300306925558325,-2.9985752225296727
4.88,0.0041708328913053,0.0020447433321808166,-3.39335232862943
4.88999999999999,0.0041913543206631,0.0020595599423966905,-3.107825610689929
4.89999999999998,0.0042120244397312,0.0020744814250291815,-2.8599033084353165
4.91,0.0042328443017672,0.0020895086877399747,-2.6205083359732586
4.91999999999999,0.0042538149691346,0.002104642644060842,-2.389557221571209
4.92999999999998,0.0042749375133615,0.0021198842133341917,-2.1668440931627915
4.94,0.0042962130151983,0.0021352343207341473,-1.952122834637098
4.94999999999999,0.0043176425646767,0.0021506938973183337,-1.72864231841988
4.95999999999998,0.0043392272611681,0.002166263879959979,-1.8565091592250322
4.97,0.0043609682134417,0.0021819450365291753,-0.6342241761220786
4.97999999999999,0.0043828665397231,0.0021977393311641783,4.195375748036796
4.98999999999998,0.0044049233887332,0.0022136511331683015,-1.2038835533617818
5.0,0.0044271399437604,0.002229677175216672,-4.263339996983454
5.00999999999999,0.0044495173097599,0.002245815737718342,0.41873187911458004
5.01999999999998,0.0044720566469107,0.002262071195155829,-0.17342283623923732
5.02999999999997,0.0044947591254094,0.0022784441753875176,0.027120953297924615
5.03999999999999,0.0045176259255377,0.002294935690274988,0.18808075445802722
5.04999999999998,0.0045406582377294,0.002311546758389997,0.3426480248995369
5.05999999999997,0.0045638572626377,0.0023282784050466456,0.49090318104447783
5.06999999999999,0.0045872242112026,0.0023451316622633204,0.6329905985912146
5.07999999999998,0.0046107603047177,0.0023621075687758363,0.7690870659548641
5.08999999999997,0.0046344667748978,0.0023792071700775,0.9043133653090242
5.09999999999999,0.0046583448639462,0.0023964315183425166,0.9515195649921253
5.10999999999999,0.0046823958246213,0.0024137816072174784,0.881242381786157
5.11999999999998,0.0047066209203046,0.0024312585881249987,5.190179380590364
5.13,0.0047310214328989,0.002448867326234181,2.0511982503764092
5.13999999999999,0.004755598699592,0.0024666059263166434,-1.0861380513805474
5.14999999999998,0.0047803539797724,0.0024844722877116017,2.4391819164229878
5.16,0.0048052885841346,0.0025024706179658813,1.994108391675262
5.16999999999999,0.0048304038347143,0.0025206017216208333,2.1281420013553967
5.17999999999998,0.0048557010649713,0.002538866745192478,2.2334964672060202
5.19,0.0048811816198715,0.0025572668433950156,2.334153374981151
5.19999999999999,0.0049068468559691,0.0025758031791933526,2.430192502488177
5.20999999999998,0.0049326981414893,0.0025944769238033195,2.5318076579417044
5.22,0.0049587368564105,0.002613289256638289,2.401134457647005
5.22999999999999,0.0049849643925463,0.002632241210039959,3.527532273888575
5.23999999999998,0.0050113821536285,0.0026513351684508773,4.083597726090159
5.25,0.0050379915740285,0.0026705728576491877,2.3898832751337435
5.25999999999999,0.005064794088054,0.002689953516937497,2.424401929823999
5.26999999999998,0.0050917911250324,0.002709478229687464,3.2850541049364694
5.27999999999997,0.0051189841396272,0.0027291491420716584,3.212363223208306
5.28999999999999,0.0051463745990516,0.002748967406270016,3.2876338998249652
5.29999999999998,0.005173963983159,0.0027689342908683305,3.3526917533759524
5.30999999999997,0.0052017537845344,0.0027890510735875647,3.413952525411188
5.31999999999999,0.0052297455085854,0.002809319041188325,3.471513084424329
5.32999999999998,0.0052579406736323,0.0028297394895066994,3.5404564346807947
5.33999999999997,0.0052863408109996,0.0028503137235366626,3.257086043331796
5.34999999999999,0.0053149474651072,0.0028710427848383105,5.145747024733746
5.35999999999999,0.0053437621935602,0.0028919303352933495,4.1821372429270784
5.36999999999998,0.0053727865999365,0.002912976427389951,2.645879176392196
5.38,0.0054020222493988,0.0029341802612375366,4.022279827158067
5.38999999999999,0.0054314707405292,0.002955544868546658,3.914496744348527
5.39999999999998,0.0054611336869533,0.0029770715400507498,3.9504165706694248
5.41,0.0054910127161469,0.002998761654911708,3.986885795142877
5.41999999999999,0.0055211094695343,0.0030206166129517187,4.019801351399936
5.42999999999998,0.0055514256025878,0.003042637823905046,4.049731117326031
5.44,0.0055819627849263,0.003064826707379973,4.082828948400866
5.44999999999999,0.0056127227004143,0.00308718469287415,3.9833461700692303
5.45999999999998,0.0056437070472607,0.0031097130891866976,4.480293612052245
5.47,0.0056749175381181,0.0031324141998233307,5.613936877654173
5.47999999999999,0.0057063559158543,0.003155291176879134,4.076311779192228
5.48999999999998,0.0057380239451843,0.003178343077057481,3.3935343004069463
5.5,0.0057699233625648,0.0032015701656817105,4.5144978101363975
5.50999999999999,0.0058020559425552,0.0032249756612182955,4.343631331475321
5.51999999999998,0.0058344234749397,0.003248560900081664,4.36752357718796
5.52999999999997,0.0058670277648373,0.003272327421250866,4.380829701635023
5.53999999999999,0.0058998706328118,0.0032962767747066754,4.39177895361
5.54999999999998,0.0059329539149819,0.0033204105214666916,4.400402585377222
5.55999999999997,0.0059662794631317,0.003344730233565857,4.421049917443514
5.56999999999999,0.0059998491448205,0.00336923749401085,4.109422270971669
5.57999999999998,0.0060336648434927,0.003393933528882489,5.7815614768539305
5.58999999999997,0.0060677284585886,0.0034188229909991536,5.344715264995442
5.59999999999999,0.0061020419498106,0.003443906726009171,3.515230911054713
5.60999999999999,0.0061366072364438,0.003469182892825875,4.363472243806828
5.61999999999998,0.0061714262592132,0.003494654561248376,4.626941814267563
5.63,0.0062065009866703,0.0035203240201007882,4.560733211070232
5.63999999999999,0.0062418334042728,0.003546192874163273,4.564038060133341
5.64999999999998,0.0062774255145085,0.003572262832641676,4.562161142326865
5.66,0.0063132793370192,0.0035985356171183503,4.558445318281826
5.66999999999999,0.0063493969087245,0.0036250129616200557,4.555586502529807
5.67999999999998,0.0063857802839466,0.0036516966125591096,4.502577818482436
5.69,0.0064224315345333,0.003678588247061681,4.5007159657116915
5.69999999999999,0.0064593527499825,0.003705689890975025,6.112720935440928
5.70999999999998,0.0064965460473643,0.0037330068002499888,4.737716844515066
5.72,0.0065340135996776,0.003760537813680899,3.497001656841591
5.72999999999999,0.0065717575160641,0.003788281867440793,4.836227966101105
5.73999999999998,0.0066097799619392,0.003816243707457482,4.605525196916135
5.75,0.0066480831213642,0.003844424890444151,4.605283486832351
5.75999999999999,0.0066866691971835,0.0038728273017391854,4.594043131006945
5.76999999999998,0.0067255404111652,0.003901452840590892,4.581282450849444
5.77999999999997,0.0067646990041385,0.003930303420083365,4.5670485944244525
5.78999999999999,0.0068041472361333,0.003959380967189986,4.559696143037816
5.79999999999998,0.0068438873865183,0.003988687422784107,4.3632292059987465
5.80999999999997,0.0068839217541408,0.004018224438829202,5.2246928989159365
5.81999999999999,0.0069242526574644,0.004047996343214232,5.451328227232104
5.82999999999998,0.0069648824710426,0.004078005768084111,4.069919930053261
5.83999999999997,0.007005813560547,0.004108251084416682,4.135430532093261
5.84999999999999,0.0070470482866315,0.004138734356517502,4.651129907572145
5.85999999999999,0.0070885890520456,0.004169459116015819,4.532997539413196
5.86999999999998,0.0071304382802493,0.004200427262196696,4.519232326655209
5.88,0.0071725984155675,0.0042316408891925235,4.499756990529585
5.88999999999999,0.0072150719233431,0.0042631021065975,4.479096595402089
5.89999999999998,0.0072578612900929,0.004294813039474178,4.457228966139705
5.91,0.0073009690236608,0.004326775828238326,4.443208555245367
5.91999999999999,0.0073443976533722,0.004358992628789157,4.218946137159979
5.92999999999998,0.0073881497301889,0.004391465219700033,5.290593401136478
5.94,0.007432227826863,0.004424199138409164,4.697121675161439
5.94999999999999,0.0074766345852232,0.004457194880494171,3.782490723704844
5.95999999999998,0.0075213725970375,0.004490451781028371,4.536853824495388
5.97,0.0075664445059256,0.004523974445234144,4.400510288243367
5.97999999999999,0.0076118529787588,0.004557764953698293,4.384958881503599
5.98999999999998,0.0076576007055655,0.004591825628909149,4.3644480996943305
6.0,0.0077036903997129,0.004626158813850851,4.346499298222422
6.00999999999999,0.0077501247980893,0.004660766869784979,4.2470782044723405
6.01999999999998,0.0077969066612871,0.004695652001550012,4.640975707443764
6.02999999999997,0.0078440387737849,0.004730818079979176,4.438453203760966
6.03999999999999,0.0078915239650917,0.004766266908298321,4.048517738037582
6.04999999999998,0.0079393650589286,0.0048019995624008285,4.2927442321263225
6.05999999999997,0.0079875649134409,0.004838019424670805,4.254448552643598
6.06999999999999,0.0080361264130904,0.004874328996070848,4.228517610707913
6.07999999999998,0.0080850524674256,0.004910930783182501,4.205128064973733
6.08999999999997,0.0081343460112777,0.004947827324125754,4.183127103254358
6.09999999999999,0.0081840100049574,0.004985021176585834,4.105273330338529
6.10999999999999,0.0082340474344497,0.0050225147799025,4.3597936057933255
6.11999999999998,0.0082844613116113,0.005060311878651727,4.2433692392586195
6.13,0.0083352546909206,0.005098414740025044,3.9479438789265084
6.13999999999999,0.0083864306312864,0.005136824857215836,4.078772305622157
6.14999999999998,0.0084379922230475,0.005175545505259179,4.065527713102866
6.16,0.0084899425857606,0.005214579479904152,4.033498717984019
6.16999999999999,0.0085422848660831,0.00525392948233336,4.006968265263075
6.17999999999998,0.0085950222379827,0.005293598253935765,3.982255808118887
6.19,0.0086481579029443,0.005333588556810032,3.89232690525777
6.19999999999999,0.0087016950901779,0.005373902986743346,4.18573845384407
6.20999999999998,0.0087556370568275,0.005414545879337505,4.096107886260689
6.22,0.0088099871106391,0.005455519800724136,3.725951985625449
6.22999999999999,0.0088647485611134,0.005496825933219201,3.845876286260868
6.23999999999998,0.0089199247483782,0.005538467798793407,3.8658787696500925
6.25,0.008975519046754,0.005580448602279118,3.826244966104515
6.25999999999999,0.0090315348599087,0.005622771247473313,3.798741858375082
6.26999999999998,0.0090879756210839,0.00566543870303411,3.7720380146774426
6.27999999999997,0.0091448447933206,0.005708453960198412,3.700950211867041
6.28999999999999,0.0092021458696851,0.0057518198845875135,3.8807441961956615
6.29999999999998,0.0092598823734945,0.0057955406825966884,3.8700638884486707
6.30999999999997,0.0093180578763246,0.005839619550518401,3.599624196160547
6.31999999999999,0.009376675964525,0.005884058236991629,3.6284943908472664
6.32999999999998,0.0094357402518669,0.005928860126276636,3.6617463771286056
6.33999999999997,0.0094952543893939,0.005974028760569169,3.624084672170922
6.34999999999999,0.0095552220601226,0.006019567303822369,3.5929502378750247
6.35999999999999,0.0096156469793023,0.0060654789670941175,3.577985645999132
6.36999999999998,0.0096765328946754,0.006111767132361736,3.6640467452548706
6.38,0.009737883589765,0.006158435782892515,3.550173504109861
6.38999999999999,0.0097997028879408,0.006205487712604155,3.4450777934765213
6.39999999999998,0.0098619946314784,0.006252925754180918,3.501793148243715
6.41,0.0099247627028701,0.0063007537981999715,3.46277200607181
6.41999999999999,0.0099880110186977,0.006348975214189064,3.438754771892915
6.42999999999998,0.0100517435299112,0.006397593452765069,3.381993194223845
6.44,0.0101159642221045,0.00644661185767909,3.514479886755251
6.44999999999999,0.0101806771157927,0.0064960350397190916,3.458413279270683
6.45999999999998,0.0102458862828282,0.006545866340492505,3.2450188973166014
6.47,0.0103115958109345,0.006596107965875899,3.254451183249997
6.47999999999999,0.0103778098223798,0.006646763664446678,3.226377846541682
6.48999999999998,0.0104445324763004,0.006697837008437571,3.0961193116494794
6.5,0.0105117679660218,0.006749331000135813,3.312428285306758
6.50999999999999,0.010579520519058,0.006801251538691569,3.997610344526378
6.51999999999998,0.0106477944444243,0.006853607768722497,3.1520755544192256
6.52999999999997,0.0107165941188774,0.006906397115444968,2.6339586271557116
6.53999999999999,0.0107859238323303,0.006959619118666608,3.1604191213506123
6.54999999999998,0.0108557879684526,0.007013281764830926,3.023157593105143
6.55999999999997,0.0109261909467859,0.007067388158697571,2.7246237016225825
6.56999999999999,0.0109971372227425,0.007121940546059057,3.9994378174611116
6.57999999999998,0.0110686312876058,0.007176953737930804,3.4328423580550336
6.58999999999997,0.0111406778294847,0.007232427250284225,2.2457549335862392
6.59999999999999,0.0112132813521718,0.007288354718228401,2.9989693865269795
6.60999999999999,0.0112864464692364,0.007344746401670852,2.8846464312796662
6.61999999999998,0.011360177839432,0.007401605914239233,2.704129298835459
6.63,0.0114344801593658,0.0074589362098299895,3.190379427981696
6.63999999999999,0.0115093581634983,0.007516746592629202,3.7044917794132637
6.64999999999998,0.0115848167165872,0.0075750463515483965,2.674323027767692
6.66,0.0116608607060877,0.007633830069907474,2.3721175516184285
6.66999999999999,0.0117374949378952,0.0076930987463224845,2.8410561130119136
6.67999999999998,0.0118147243255734,0.007752861352521619,2.698156039147899
6.69,0.0118925538229141,0.007813121247341657,2.4740927409855926
6.69999999999999,0.0119709884239363,0.007873881580291661,3.799827436410696
6.70999999999998,0.0120500331751174,0.007935160648158334,3.0316652586264787
6.72,0.0121296933535648,0.007996955302117506,1.901046069496396
6.72999999999999,0.0122099739821631,0.008059257782384215,2.779766447118665
6.73999999999998,0.0122908802440478,0.008122081692507496,2.593687784957994
6.75,0.0123724173650953,0.00818543032724423,2.409479529157203
6.75999999999999,0.0124545906139215,0.008249306884343388,3.047496457950976
6.76999999999998,0.0125374053018834,0.008313723911157493,3.230973653144114
6.77999999999997,0.0126208669122314,0.008378688613117557,2.265346310348147
6.78999999999999,0.0127049808822356,0.008444194515245087,2.2643608181423573
6.79999999999998,0.012789752623165,0.0085102460118017,2.5351284354398507
6.80999999999997,0.0128751876475228,0.008576851489826677,2.4007558263203865
6.81999999999999,0.0129612915131128,0.008644014699669909,2.364907977283507
6.82999999999998,0.0130480698230388,0.008711741165472462,3.3157078408800897
6.83999999999997,0.0131355282633326,0.008780048237704225,2.5959355692499155
6.84999999999999,0.0132236727094245,0.008848932041735069,1.8101742519519992
6.85999999999999,0.0133125088156739,0.00891838705569167,2.4678974422207394
6.86999999999998,0.013402042396761,0.00898842687265906,2.319202401863036
6.88,0.0134922793153416,0.009059055353974188,2.11648709284999
6.88999999999999,0.013583225482047,0.009130275802983348,2.899800549542532
6.89999999999998,0.013674886855485,0.009202105024816703,2.8075068276215287
6.91,0.0137672696215502,0.0092745474802576,1.8744180446414995
6.91999999999999,0.0138603798283892,0.009347595002882441,2.1299715536166954
6.92999999999998,0.0139542235676497,0.009421256276935882,2.240128679386414
6.94,0.0140488070239351,0.009495538904132449,2.1028142785614174
6.94999999999999,0.0141441364326851,0.009570446934336653,2.2542755437116773
6.95999999999998,0.0142402180801765,0.009645989425165088,3.008533634557078
6.97,0.0143370583854605,0.009722184175575818,2.187629015744428
6.97999999999999,0.0144346639151185,0.009799024068759144,1.607657112612846
6.98999999999998,0.014533041011152,0.00987650493819,2.189784342852191
7.0,0.0146321961974574,0.009954641948786746,2.050202366962362
7.00999999999999,0.0147321360515889,0.010033439397730791,1.915599360902195
7.01999999999998,0.0148328672047593,0.010112901493251674,2.273323062296491
7.02999999999997,0.0149343963418395,0.010193041566938383,2.8468903309370344
7.03999999999999,0.015036730340272,0.010273876118214141,1.9154022952238348
7.04999999999998,0.0151398761476579,0.01035539472391426,1.5376634795865958
7.05999999999997,0.0152438405171208,0.010437595944723349,2.04129970734439
7.06999999999999,0.0153486303897602,0.010520495218932415,1.9149129515254304
7.07999999999998,0.0154542527637236,0.01060409716038004,1.7504847197942142
7.08999999999997,0.0155607146942084,0.010688405804820913,2.3048421478166476
7.09999999999999,0.0156680232934608,0.010773439365809856,2.6187138325818746
7.10999999999999,0.0157761859310793,0.010859210925201696,1.6485715259368683
7.11999999999998,0.0158852099347936,0.010945707505182733,1.530015861608277
7.13,0.0159951025138466,0.011032932390308333,1.8944129610765366
7.13999999999999,0.0161058710549773,0.011120899961274943,1.7912938261518385
7.14999999999998,0.0162175230057119,0.011209615324194941,1.6039470232769995
7.16,0.016330065874363,0.011299082370550054,2.321292585878974
7.16999999999999,0.0164435072300288,0.011389324442115958,2.3637692361831126
7.17999999999998,0.0165578549650465,0.011480349871316667,1.4025360498379305
7.19,0.016673116798126,0.011572143755124008,1.541378285238811
7.19999999999999,0.0167893004345826,0.011664715318169892,1.7492907664735586
7.20999999999998,0.0169064137357027,0.011758077005747549,1.6722789226526553
7.22,0.0170244646274797,0.011852234527959249,1.4643203122951725
7.22999999999999,0.0171434611006131,0.011947191587838274,2.3281674815370943
7.23999999999998,0.0172634112105107,0.012042977280417456,2.1186051355870754
7.25,0.0173843234094101,0.012139594320890087,1.1713865757350759
7.25999999999999,0.0175062058242056,0.012237025756329258,1.5476346564684023
7.26999999999998,0.0176290666916655,0.0123352876726376,1.60885672780515
7.27999999999997,0.0177529143777944,0.012434390133353313,1.5563888702657434
7.28999999999999,0.017877757317404,0.012534339515492498,1.3278315184787146
7.29999999999998,0.0180036040141112,0.012635139240355897,2.3350914596317702
7.30999999999997,0.0181304630403408,0.012736825189974104,1.8892636769836846
7.31999999999999,0.0182583434524461,0.012839393411351638,0.9484909854232987
7.32999999999998,0.0183872538012863,0.012942824424052451,1.549207131519938
7.33999999999997,0.018517202892313,0.013047142364646606,1.4746728463814582
7.34999999999999,0.0186481996283897,0.01315235445066004,1.4359924250526788
7.35999999999999,0.0187802529855157,0.01325846763486595,1.2527480512231841
7.36999999999998,0.0189133720128287,0.013365486715673168,2.2522308552523533
7.38,0.0190475658516411,0.013473451129715775,1.672263029304302
7.38999999999999,0.0191828441515121,0.013582351696262627,0.8195907078767263
7.39999999999998,0.019319215959417,0.013692168748786749,1.4961661673183138
7.41,0.0194566906714844,0.01380293156217916,1.3546562326230627
7.41999999999999,0.0195952777615651,0.013914645646914085,1.308708524657532
7.42999999999998,0.0197349867812354,0.014027318189690878,1.2570065059286488
7.44,0.0198758273597953,0.014140958255975857,2.048099429777362
7.44999999999999,0.0200178092745631,0.01425560247763248,1.465972865888289
7.45999999999998,0.0201609427174696,0.01437123974631577,0.8129355966357492
7.47,0.0203052373453139,0.014487854614925015,1.3719454115146767
7.47999999999999,0.0204507031562438,0.014605475582839025,1.2495975917262079
7.48999999999998,0.0205973502309657,0.014724108749279997,1.1966959702133868
7.5,0.0207451887327433,0.014843761584681838,1.2323330131560382
7.50999999999999,0.0208942289073963,0.014964446316045588,1.686419301217172
7.51999999999998,0.0210444811775268,0.015086190553919843,1.2954727353328739
7.52999999999997,0.0211959562313082,0.015208988742780045,0.9349365253579208
7.53999999999999,0.0213486644575681,0.015332835251334118,1.2424984586937178
7.54999999999998,0.0215026164985931,0.015457751808049959,1.1206019106812581
7.55999999999997,0.0216578230856459,0.015583744710196697,1.2969126655007732
7.56999999999999,0.0218142950389646,0.015710832052654236,1.38508535048401
7.57999999999998,0.0219720434153165,0.01583902808043996,1.0812060817707505
7.58999999999997,0.0221310792896394,0.015968329617355923,1.0378641923462224
7.59999999999999,0.0222914137213915,0.016098744365514173,1.1265666804581616
7.60999999999999,0.0224530579334819,0.016230286657320805,1.0209240735012193
7.61999999999998,0.0226160232421948,0.016362963385989967,1.3167754133272735
7.63,0.0227803210571873,0.016496799244562304,1.1975752858910056
7.63999999999999,0.0229459631047159,0.016631799568409888,0.8961694468041275
7.64999999999998,0.0231129609243032,0.016767960127646742,1.0461006744701695
7.66,0.0232813262309128,0.016905298430657748,1.004815157318725
7.66999999999999,0.0234510708514449,0.017043823988173157,0.9893700639627558
7.67999999999998,0.0236222067101706,0.01718354806364234,1.241856560699094
7.69,0.0237947458797848,0.017324495104064242,1.0370517739715297
7.69999999999999,0.0239687006899949,0.017466665754247605,0.8137079649245245
7.70999999999998,0.0241440832775516,0.01761005875258916,0.9767246475172201
7.72,0.0243209060017953,0.017754693781981523,0.8928650593110893
7.72999999999999,0.0244991813238773,0.017900578832400826,1.0070839602231694
7.73999999999998,0.0246789218067627,0.01804773265776993,1.107390403373067
7.75,0.0248601402574027,0.018196173018168293,0.8653775741292813
7.75999999999999,0.0250428495510661,0.018345897526602716,0.7960325211477186
7.76999999999998,0.0252270625161243,0.018496913212810835,0.881896135178472
7.77999999999997,0.0254127921733432,0.01864923702031389,0.790437347065169
7.78999999999999,0.0256000516500822,0.018802876835835102,1.0289044706138855
7.79999999999998,0.0257888541802916,0.01895786009023431,0.9557353085497332
7.80999999999997,0.0259792133514113,0.01911419479857076,0.6923077392885079
7.81999999999999,0.0261711425731479,0.019271875915917332,0.7928771685207344
7.82999999999998,0.0263646554171041,0.01943092166642096,0.779313298334219
7.83999999999997,0.0265597655959239,0.01959134425132935,0.7445999676044152
7.84999999999999,0.0267564869336488,0.019753154923486758,0.909792316233106
7.85999999999999,0.026954833395346,0.019916378124656676,0.8015753927400109
7.86999999999998,0.0271548192216625,0.020081019466145687,0.6510071257918243
7.88,0.0273564585250747,0.020247080844147527,0.7492574779209145
7.88999999999999,0.0275597656355409,0.020414582109413385,0.7171816088905233
7.89999999999998,0.0277647550050755,0.020583534705282486,0.6993374339457574
7.91,0.0279714412085393,0.020753950751369883,0.7065298071489211
7.91999999999999,0.028179838944428,0.02092584434225505,0.6851252100371497
7.92999999999998,0.0283899630601965,0.021099227472148558,0.6536395772941116
7.94,0.0286018284972625,0.021274111332518095,0.6524052162096617
7.94999999999999,0.0288154503345575,0.02145050958068497,0.6372265828891389
7.95999999999998,0.0290308437794138,0.02162843498169917,0.6267411492398194
7.97,0.0292480241677247,0.021807900606604994,0.5974009922001525
7.97999999999999,0.0294670069647962,0.021988918037752544,0.5824400726374062
7.98999999999998,0.0296878077448241,0.022171500166343235,0.5849971775583644
8.0,0.0299104422316787,0.022355661553205997,0.5664405119402727
8.00999999999999,0.0301349262828235,0.022541415029380046,0.5489902750708889
8.01999999999998,0.0303612758824067,0.022728773492326656,0.5380384176023163
8.02999999999997,0.0305895071471225,0.022917750437145893,0.513055408920523
8.03999999999999,0.0308196363269915,0.02310835809771995,0.4880400451718122
8.04999999999998,0.0310516797870444,0.023300608811832633,0.4906856873332117
8.05999999999997,0.0312856540300555,0.02349451769303503,0.4800718328025714
8.06999999999999,0.0315215757142146,0.0236900987310817,0.45659103450690613
8.07999999999998,0.0317594616211889,0.023887364614854207,0.4445262632927235
8.08999999999997,0.0319993286683818,0.02408632914093096,0.4262050638410078
8.09999999999999,0.0322411939096106,0.024287005473002353,0.3940821050617921
8.10999999999999,0.0324850745246765,0.024489405455658045,0.3925509953388714
8.11999999999998,0.0327309878147862,0.02469354425386755,0.38857902266361305
8.13,0.0329789512551076,0.024899436955199094,0.3615164233383593
8.13999999999999,0.0332289824425953,0.025107096125469068,0.34844367149599403
8.14999999999998,0.0334810991125254,0.02531653580109186,0.33572553344505673
8.16,0.0337353191390723,0.025527769975143902,0.29164978524611285
8.16999999999999,0.0339916605307926,0.025740809179930088,0.2900183832731361
8.17999999999998,0.0342501413917156,0.025955668950920833,0.2958072596733281
8.19,0.0345107800320802,0.026172365956034113,0.2617203374058884
8.19999999999999,0.0347735948752626,0.026390912063148482,0.2483586035445301
8.20999999999998,0.0350386044844445,0.026611321493341493,0.23972219192673194
8.22,0.0353058275630522,0.026833608911487387,0.18578016751185886
8.22999999999999,0.035575282955196,0.027057783343010025,0.1792845451438259
8.23999999999998,0.0358469895718961,0.02728385996367012,0.19549028808546717
8.25,0.0361209665540345,0.027511857251230912,0.15890181789709446
8.25999999999999,0.0363972331581198,0.02774178669746625,0.14227413741415387
8.26999999999998,0.0366758087748379,0.027973662151477632,0.13263404145069282
8.27999999999997,0.0369567129346273,0.02820749828076555,0.08364693829284739
8.28999999999999,0.0372399653079172,0.028443304182583565,0.05911335818465211
8.29999999999998,0.0375255856290623,0.02868109251246264,0.07856949841998181
8.30999999999997,0.0378135938284079,0.028920882604974336,0.05530427331326804
8.31999999999999,0.0381040099970574,0.02916268766621234,0.02731475493150292
8.32999999999998,0.0383968543392811,0.029406519796073827,0.016875740917059963
8.33999999999997,0.0386921471961024,0.029652393458483077,-0.023601954830132815
8.34999999999999,0.038989909045239,0.029900318216772328,-0.07329592976950751
8.35999999999999,0.0392901604297027,0.030150302325747218,-0.050069565133461925
8.36999999999998,0.0395929220220708,0.030402365965636995,-0.053826555889956676
8.38,0.0398982147316671,0.03065652528523328,-0.09758516058030797
8.38999999999999,0.0402060595450778,0.030912789354354923,-0.11171441922999505
8.39999999999998,0.0405164775795307,0.0311711718464854,-0.12333834977767397
8.41,0.040829490082457,0.03143168610590218,-0.22565949678935115
8.41999999999999,0.0411451184091225,0.0316943300109054,-0.20454437129270614
8.42999999999998,0.0414633838491039,0.03195912326116781,-0.16258944337447284
8.44,0.0417843081113972,0.032226090122364735,-0.236760996722336
8.44999999999999,0.0421079129093145,0.0324952333570682,-0.25009625514952205
8.45999999999998,0.0424342200761236,0.032766565883637334,-0.256915512136423
8.47,0.0427632515640669,0.033040101431532715,-0.34985962318388786
8.47999999999999,0.0430950294433799,0.03331583693447933,-0.37678379433871706
8.48999999999998,0.043429575675581,0.03359378225567389,-0.3227336123491849
8.5,0.0437669125360989,0.03387396407382639,-0.36633381803037013
8.50999999999999,0.044107062435138,0.034156389590291686,-0.40526897174572546
8.51999999999998,0.0444500478309767,0.03444106559418106,-0.41834943640707917
8.52999999999997,0.0447958912837684,0.0347280037371388,-0.46568331070812846
8.53999999999999,0.0451446154538404,0.035017207358437746,-0.5657598431532612
8.54999999999998,0.045496242969591,0.03530866876830912,-0.5210463330531121
8.55999999999997,0.0458507964345449,0.035602412195069544,-0.4995217064329506
8.56999999999999,0.0462082988772073,0.035898457631346775,-0.579671787854966
8.57999999999998,0.0465687732513625,0.03619680107767564,-0.5980954839465108
8.58999999999997,0.0469322425883702,0.03649745147059497,-0.596066157463554
8.59999999999999,0.047298729994527,0.036800420570761404,-0.7772088634821086
8.60999999999999,0.0476682586460519,0.037105677443655116,-0.7428946935467527
8.61999999999998,0.0480408512443247,0.0374132426065076,-0.6500253469914923
8.63,0.0484165312935132,0.037723152694198646,-0.7763618346177225
8.63999999999999,0.0487953220614365,0.038035389448431815,-0.7918142689134653
8.64999999999998,0.0491772468596424,0.0383499594151913,-0.8030418884074487
8.66,0.0495623290395465,0.03866686977440313,-0.9222041731334859
8.66999999999999,0.0499505919885703,0.03898609836364726,-0.9937330069984305
8.67999999999998,0.0503420587199313,0.03930763577773839,-0.9104608657728291
8.69,0.0507367524990831,0.0396315152082385,-0.944591660400766
8.69999999999999,0.0511346968303203,0.039957738560538324,-1.020412713302712
8.70999999999998,0.0515359150466937,0.0402862935153569,-1.0395399015102809
8.72,0.0519404304735515,0.040617182083811716,-1.0876422459052955
8.72999999999999,0.0523482664230899,0.040950395225372645,-1.2791979525852277
8.73999999999998,0.0527594459914325,0.041285883250197566,-1.2097337782526612
8.75,0.053173991762697,0.041623673192691994,-1.13917946142283
8.75999999999999,0.0535919272003846,0.04196379458955609,-1.2838986445542933
8.76999999999998,0.0540132753115837,0.04230620997104923,-1.3084393037583013
8.77999999999997,0.0544380590317794,0.042650915070156496,-1.3097240711012954
8.78999999999999,0.0548663012173295,0.04299790983776063,-1.5538263583764889
8.79999999999998,0.0552980246379322,0.04334711782201662,-1.547570704840488
8.80999999999997,0.0557332509802748,0.043698542318512265,-1.4122066717706412
8.81999999999999,0.0561720029966998,0.04405223141190623,-1.562665831417049
8.82999999999998,0.0566143030092488,0.04440813850687935,-1.6110701214188574
8.83999999999997,0.0570601731002955,0.04476624509263041,-1.639157433537581
8.84999999999999,0.0575096351882149,0.04512653888159348,-1.7529305503511727
8.85999999999999,0.0579627110173129,0.04548897519386375,-1.894279095480249
8.86999999999998,0.0584194216795968,0.04585349958578609,-1.8425274868055677
8.88,0.0588797880080871,0.046220126197862636,-1.8583720302758941
8.88999999999999,0.0593438311641142,0.04658884610709759,-1.973521449131315
8.89999999999998,0.0598115717497086,0.046959610649915245,-2.025575217211368
8.91,0.0602830300797171,0.04733238915645624,-2.1626363021448682
8.91999999999999,0.0607582260549205,0.04770711994368024,-2.1972815054905066
8.92999999999998,0.0612371789070346,0.0480837784955429,-2.216088817947514
8.94,0.061719907975007,0.04846234647387475,-2.317935355911794
8.94999999999999,0.062206432020944,0.0488427705559526,-2.4197939214361877
8.95999999999998,0.0626967693893307,0.04922499408863384,-2.4896408009077855
8.97,0.0631909377549099,0.04960897240693004,-2.5371901126661034
8.97999999999999,0.0636889545560981,0.04999466875629649,-2.6263790134602747
8.98999999999998,0.0641908366662516,0.0503820272200069,-2.725320427471445
9.0,0.0646966004293087,0.05077098451220299,-2.826192640195089
9.00999999999999,0.0652062614741939,0.0511614752855902,-2.885565540203639
9.01999999999998,0.0657198348781721,0.05155345027496791,-2.96361373325382
9.02999999999997,0.0662373352228879,0.05194685062961067,-3.0675112372348887
9.03999999999999,0.0667587763858646,0.05234160195656789,-3.215488598755271
9.04999999999998,0.0672841714601806,0.0527376088760746,-3.285081396655421
9.05999999999997,0.0678135325417256,0.053134808937510665,-3.3463460772841125
9.06999999999999,0.068346871404647,0.053533142864508124,-3.46125671906192
9.07999999999998,0.0688841988690945,0.05393252209994054,-3.6462013310814476
9.08999999999997,0.0694255249353908,0.054332823280754096,-3.742126607183117
9.09999999999999,0.0699708581356831,0.054733962326283574,-3.791368106520778
9.10999999999999,0.0705202067436653,0.05513587615459867,-3.9423896712628883
9.11999999999998,0.0710735778561365,0.05553845093784898,-4.09736790250735
9.13,0.0716309775604661,0.055941565083685266,-4.253787288504595
9.13999999999999,0.0721924105575477,0.056345095607650275,-4.342246513955681
9.14999999999998,0.0727578805449127,0.05674895042908912,-4.470008199557513
9.16,0.0733273902587912,0.05715301662009692,-4.634675814066225
9.16999999999999,0.0739009411189234,0.05755715761603641,-4.833580654486566
9.17999999999998,0.0744785331552217,0.05796121785706284,-4.9598218640753755
9.19,0.0750601648024323,0.058365076036519484,-5.083066935609424
9.19999999999999,0.0756458335840149,0.05876861131579326,-5.260802562715685
9.20999999999998,0.0762355354248867,0.059171669932116026,-5.503982027863489
9.22,0.0768292647769617,0.05957406218230869,-5.665721761252254
9.22999999999999,0.0774270139541527,0.059975638148616436,-5.790774849624693
9.23999999999998,0.0780287743562659,0.06037626570783046,-6.012245695470278
9.25,0.0786345354814864,0.060775759690903305,-6.2486300246592865
9.25999999999999,0.0792442851106916,0.06117392164224009,-6.4839853182294
9.26999999999998,0.0798580088266499,0.061570553477752546,-6.651673597897646
9.27999999999997,0.0804756905205051,0.06196549093421186,-6.869591469474158
9.28999999999999,0.081097312342664,0.06235854186780142,-7.129703419034455
9.29999999999998,0.081722854326699,0.06274948632811496,-7.432788892690592
9.30999999999997,0.0823522942520649,0.06313808084935889,-7.655496229397471
9.31999999999999,0.0829856074363385,0.06352412357977777,-7.882103660293294
9.32999999999998,0.0836227675178569,0.06390741041496588,-8.178584898471819
9.33999999999997,0.0842637456234616,0.06428769550989831,-8.539549500940877
9.34999999999999,0.0849085104992538,0.06466469732030548,-8.825359418359582
9.35999999999999,0.0855570278263259,0.06503817441860875,-9.081899061781082
9.36999999999998,0.0862092614623347,0.0654079011620054,-9.44331038569664
9.38,0.0868651723978757,0.06577359465742191,-9.819356202382535
9.38999999999999,0.0875247189322115,0.06613496105468629,-10.198354794891285
9.39999999999998,0.0881878562264498,0.06649170710134392,-10.532632069552456
9.41,0.0888545367643652,0.0668435639222626,-10.923533761152171
9.41999999999999,0.089524710202944,0.06719023358338384,-11.349857205015793
9.42999999999998,0.0901983230734936,0.06753139733613675,-11.82321146293888
9.44,0.090875318669471,0.06786671403420699,-12.248571566037981
9.44999999999999,0.0915556368162448,0.06819587002142372,-12.685583100339382
9.45999999999998,0.0922392144608488,0.06851854820165924,-13.191762108049733
9.47,0.0929259850019451,0.0688343959393546,-13.7428100747311
9.47999999999999,0.0936158783708743,0.06914303952377325,-14.273880421318555
9.48999999999998,0.0943088205837263,0.06944411987697362,-14.79639214042602
9.5,0.0950047343722457,0.06973728606102086,-15.398894818170705
9.50999999999999,0.0957035386276794,0.07002215033678066,-16.01438272172692
9.51999999999998,0.0964051483951766,0.07029832092445415,-16.66135019419643
9.52999999999997,0.0971094747267598,0.07056539584863429,-17.3147367362024
9.53999999999999,0.0978164246539545,0.07082297502371583,-18.002085193694402
9.54999999999998,0.0985259011960665,0.07107064691139857,-18.730498193584133
9.55999999999997,0.0992378031467842,0.07130798554269603,-19.46632217505681
9.56999999999999,0.0999520250400295,0.07153456650242432,-20.249627700249434
9.57999999999998,0.100668457140535,0.07174994834817731,-21.06831751279631
9.58999999999997,0.101386985165782,0.07195367832987024,-21.90825299935756
9.59999999999999,0.102107490351023,0.07214530081625035,-22.74267880450681
9.60999999999999,0.102829849324349,0.07232436877508373,-23.62746377383695
9.61999999999998,0.103553934311121,0.07249041608122452,-24.58609029926591
9.63,0.104279612593556,0.07264294693356625,-25.53615419067812
9.63999999999999,0.105006746574932,0.07278147444124208,-26.48964896600518
9.64999999999998,0.105735193802809,0.07290551707971697,-27.41291518563185
9.66,0.106464807052196,0.0730146078343076,-28.466804266565585
9.66999999999999,0.107195434362102,0.07310822114718306,-29.54096036159283
9.67999999999998,0.107926918109159,0.07318582120424261,-30.573197898779405
9.69,0.108659095720851,0.07324689512672455,-31.45937058489334
9.69999999999999,0.109391799377679,0.07329099006579132,-32.528986219321204
9.70999999999998,0.110124857095055,0.07331756344198365,-33.69111457320648
9.72,0.110858090294896,0.07332602163855838,-34.645705864249386
9.72999999999999,0.111591315445549,0.07331585273186599,-35.5578518632427
9.73999999999998,0.112324343585004,0.07328655554046741,-36.41186086409351
9.75,0.113056981088095,0.07323763068669172,-37.44748484986494
9.75999999999999,0.113789028770408,0.07316847432501673,-38.352146420883535
9.76999999999998,0.114520281246378,0.07307851173538396,-39.100381408915325
9.77999999999997,0.115250527932266,0.07296721767732518,-39.570269249087104
9.78999999999999,0.115979552974713,0.07283415563962536,-40.29831376308021
9.79999999999998,0.116707136475809,0.07267872915184201,-41.02029554305232
9.80999999999997,0.117433050917967,0.07250029383019975,-41.37431087411333
9.81999999999999,0.118157063980077,0.07229833539849177,-41.45527046319572
9.82999999999998,0.118878937749233,0.07207242724936667,-41.61925901155826
9.83999999999997,0.119598430878118,0.0718220421832165,-41.932852316606414
9.84999999999999,0.120315294832371,0.07154651197199108,-41.83662799362484
9.85999999999999,0.121029275583195,0.07124531086492535,-41.54445051562531
9.86999999999998,0.12174011395321,0.07091797275193337,-40.982692568412205
9.88,0.122447546541039,0.07056411411471668,-40.72221588922407
9.88999999999999,0.123151305764891,0.07018311399806752,-40.30644282647052
9.89999999999998,0.123851116382877,0.0697743603413416,-39.57420885428933
9.91,0.124546699008146,0.06933738914989204,-38.39552989999284
9.91999999999999,0.125237769246118,0.06887198169857485,-37.630738930836436
9.92999999999998,0.125924041972832,0.06837759182842448,-36.970423664868974
9.94,0.126605222296536,0.06785352304172626,-35.776800399140754
9.94999999999999,0.127281012392079,0.06729942863685015,-34.515097577846
9.95999999999998,0.127951109835087,0.06671502813445802,-33.23724433675791
9.97,0.128615210844818,0.06610003199986614,-32.28120778756019
9.97999999999999,0.129273006542313,0.06545383654141766,-31.11306378216044
9.98999999999998,0.129924182209903,0.06477600296243304,-29.808919030450625
10.0,0.130568420370797,0.06406627093960746,-28.31135621787097
10.01,0.131205401117198,0.06332463970678294,-27.231496618538166
10.02,0.13183480528792,0.06255065637605756,-26.212538203568567
10.03,0.132456304782073,0.06174378152664246,-24.94435317457299
10.04,0.13306957092467,0.06090387033862606,-23.567269663686062
10.05,0.133674272428001,0.060031071860273955,-22.45843087164664
10.06,0.134270082014709,0.05912520870085744,-21.57375106660853
10.07,0.134856664879152,0.05818577093374133,-20.46724748166006
10.08,0.135433685489775,0.05721272432180046,-19.391970593678664
10.09,0.13600080771648,0.056206165994008205,-18.309835103664636
10.1,0.136557697794717,0.05516636448686686,-17.50749123799647
10.11,0.137104023399407,0.05409307009741765,-16.70220844832989
10.12,0.137639447214767,0.052986127938016436,-15.83452836905476
10.13,0.13816363466519,0.05184574496666673,-14.902126603598179
10.14,0.138676252568419,0.05067257049212598,-14.216933393256456
10.15,0.139176976832623,0.04946665047363223,-13.632468020315388
10.16,0.139665476095176,0.04822780056549907,-12.915230216113182
10.17,0.14014142482241,0.046956520483051184,-12.247285047415794
10.18,0.140604500418855,0.045653424852526436,-11.642542730552133
10.19,0.141054388964089,0.04431907218790758,-11.166820024903986
10.2,0.141490778246305,0.04295359292561737,-10.661032665354245
10.21,0.141913358779461,0.04155746117860913,-10.16457469339431
10.22,0.142321827790757,0.04013139546628283,-9.675775625814563
10.23,0.142715889978272,0.0386763689678588,-9.289781604485524
10.24,0.143095260380839,0.037192907667440295,-8.936001328425064
10.25,0.143459655223974,0.03568151454540018,-8.559940949123117
10.26,0.14380880083628,0.03414314325397595,-8.203505741564571
10.27,0.144142431876352,0.03257893409947556,-7.899681567625197
10.28,0.144460296409386,0.03098980906204955,-7.637077072633736
10.29,0.144762147716885,0.029376532251124132,-7.363411784920009
10.3,0.145047750473098,0.027740274231848976,-7.119377037103046
10.31,0.145316880515913,0.026082200976124126,-6.894099847950695
10.32,0.145569325893788,0.024403550490875496,-6.694084589348036
10.33,0.14580488696527,0.022705519832991416,-6.5099838196180935
10.34,0.146023376009049,0.02098938996112331,-6.339587512303937
10.35,0.146224619058042,0.019256559375391745,-6.194680449085136
10.36,0.146408455840629,0.017508289818525768,-6.057041365759377
10.37,0.146574738492863,0.015746093808732126,-5.932944234322791
10.38,0.146723336709394,0.013971608046275027,-5.829536668648058
10.39,0.146854134751114,0.012186378312143328,-5.7464859675391695
10.4,0.146967032941084,0.010391715384632655,-5.672311373406876
10.41,0.147061942948926,0.0085891619191233,-5.604241973098794
10.42,0.147138796445734,0.006780717247908732,-5.557963394613912
10.43,0.147197543358019,0.004968122833217774,-5.52747274656258
10.44,0.147238150144079,0.003152934136792472,-5.510898728067465
10.45,0.1472605977957,0.0013363602657833393,-5.503498326450966
10.46,0.147264879850767,-0.00047948068341597633,-5.512452747439764
10.47,0.147251017779629,-0.0022923668116496083,-5.5401121274540825
10.48,0.147219047697521,-0.004100590483676013,-5.569389456256311
10.49,0.14716902458713,-0.005903382959033625,-5.624447060454365
10.5,0.147101005168816,-0.007698726868675168,-5.70625820245391
10.51,0.147015083505073,-0.009483876676567398,-5.79076562145815
10.52,0.146911366265306,-0.011257406498958039,-5.8865700060189985
10.53,0.146789978560238,-0.013017980827708064,-5.991878067433034
10.54,0.146651054390011,-0.014764382671375587,-6.154282467320521
10.55,0.146494746202038,-0.016494153498316143,-6.331034963481634
10.56,0.146321233320271,-0.018205220046491288,-6.513412355950409
10.57,0.146130708422116,-0.019896181874281643,-6.657424197933669
10.58,0.145923378556214,-0.021566696188642792,-6.91389380406469
10.59,0.145699449914496,-0.023214652407300973,-7.236223321313007
10.6,0.145459168801948,-0.02483741676723115,-7.505936817300534
10.61,0.145202788676864,-0.026433976585626268,-7.7633828955596424
10.62,0.144930578667226,-0.02800381109399966,-8.099875132592516
10.63,0.144642806026995,-0.029545708550583055,-8.581590672092016
10.64,0.144339764934276,-0.031057335329668045,-9.012899153865694
10.65,0.144021763839334,-0.03253753644372447,-9.462777863973788
10.66,0.143689121405498,-0.033985529401025366,-9.888125900508461
10.67,0.143342162170018,-0.03540100043472397,-10.537480436019207
10.68,0.142981215107871,-0.03678235337102459,-11.262847368434134
10.69,0.142606633510485,-0.03812805426743384,-11.94213263654872
10.7,0.142218774533757,-0.03943750850525762,-12.537660604929641
10.71,0.141818004089198,-0.04071087176203391,-13.417148319703724
10.72,0.141404680758206,-0.041947196757883415,-14.529279839988797
10.73,0.140979187917521,-0.043145030523300314,-15.447772944673325
10.74,0.140541908771287,-0.044304270213426276,-16.505511022364054
10.75,0.140093231856642,-0.04542470229604255,-17.629694300748927
10.76,0.139633544696785,-0.04650620262134943,-19.06570057831726
10.77,0.13916323959703,-0.047548122179341915,-20.539955009380037
10.78,0.138682715008953,-0.04855016701732611,-22.046027195291565
10.79,0.138192369015507,-0.04951237294533289,-23.67541887541125
10.8,0.13769260008668,-0.05043482777940002,-25.515626309206265
10.81,0.137183804972286,-0.05131752160634148,-27.52679013520844
10.82,0.136666381996713,-0.05216047891241684,-29.522866543959985
10.83,0.136140726888532,-0.05296401515778408,-31.922997943546594
10.84,0.135607232886138,-0.053728154299206854,-34.30129469021298
10.85,0.13506629390662,-0.05445322177796488,-36.5738337943895
10.86,0.134518296657322,-0.05513984714901772,-39.130294803960716
10.87,0.13396362367136,-0.055788479538425306,-41.936608475123684
10.88,0.13340265266194,-0.05639944293705836,-45.157750167352376
10.89,0.132835759488175,-0.05697290627282535,-47.50048577428996
10.9,0.132263316344289,-0.05750982139401627,-49.79329553884402
10.91,0.131685681882891,-0.058011143050967315,-52.44514861230956
10.92,0.13110321038695,-0.05847747321710839,-56.452374285636544
10.93,0.130516248995579,-0.0589086870710009,-58.45294441771131
10.94,0.129925150031846,-0.059305816864341686,-59.10409513423129
10.95,0.129330241490579,-0.05967042339932357,-61.53660922931542
10.96,0.128731848370671,-0.0600030198891259,-64.08038427515737
10.97,0.128130286514098,-0.06030395206614141,-66.10256464634078
10.98,0.127525872606693,-0.06057377741284116,-65.24165844859915
10.99,0.126918909626692,-0.060814062878875724,-65.30295825377814
11.0,0.126309686560964,-0.06102584078260069,-65.71067901979374
11.01,0.125698485693731,-0.061209798826541525,-67.02513466114566
11.02,0.125085582036917,-0.0613662216383581,-65.74400467548915
11.03,0.124471249293501,-0.06149619939163353,-63.20203056058352
11.04,0.123855741955727,-0.06160110850793321,-63.10927810681244
11.05,0.123239308971207,-0.061681425731383605,-61.47945550655954
11.06,0.122622192479517,-0.061738009424699175,-59.197425022254514
11.07,0.122004624571587,-0.061771871391407926,-57.10130230789067
11.08,0.121386827889731,-0.061783897826242495,-55.25641501633559
11.09,0.120769016819888,-0.06177484443556647,-52.80230174891317
11.1,0.120151398205074,-0.06174562352783304,-50.0092315607277
11.11,0.119534168426599,-0.061697219310933214,-48.211483633377526
11.12,0.118917515566759,-0.06163028189932497,-46.11895089267393
11.13,0.11830162203068,-0.061545541380908744,-43.234324967263085
11.14,0.117686660865641,-0.06144398469967449,-40.82153515866006
11.15,0.117072795783364,-0.06132643871288371,-39.563652155187334
11.16,0.116460183752192,-0.061193355065367515,-37.26402651992712
11.17,0.115848977768634,-0.06104553127800744,-34.66199456175407
11.18,0.115239319355645,-0.06088388429804105,-33.25397209672386
11.19,0.114631344364349,-0.060708944185866705,-31.50775853957915
11.2,0.114025182633677,-0.06052134882599178,-29.674908901965647
11.21,0.113420957295194,-0.06032178747700015,-28.045658402624102
11.22,0.112818784661524,-0.0601108953319172,-26.461040908212667
11.23,0.112218775084365,-0.05988930057377491,-25.01800929575374
11.24,0.111621032386875,-0.05965759051548246,-23.719440294782977
11.25,0.111025655166855,-0.0594163110124165,-22.37959208320917
11.26,0.110432736183302,-0.05916603128008381,-21.171888407858116
11.27,0.109842362777271,-0.05890728341384141,-20.018426157912934
11.28,0.109254617023813,-0.05864058620599136,-18.92136234635132
11.29,0.108669575900604,-0.05836644233292536,-17.971441496170925
11.3,0.108087311514685,-0.05808530197785785,-17.130454515656268
11.31,0.107507891784198,-0.05779757960061675,-16.169976826251872
11.32,0.106931380329908,-0.05750373965049208,-15.309787849234885
11.33,0.106357835974462,-0.057204212411074894,-14.597905060178707
11.34,0.105787313794856,-0.05689937182938229,-13.861822329301125
11.35,0.105219864993111,-0.05658959952385805,-13.217340396313533
11.36,0.104655537098626,-0.05627524227482493,-12.640691458484126
11.37,0.104094374347485,-0.05595662141666749,-12.016486089786543
11.38,0.103536417702827,-0.05563408380515021,-11.186813288841332
11.39,0.102981704396719,-0.05530805163098326,-10.816191602996808
11.4,0.102430267549116,-0.054978761532358096,-10.540134408201872
11.41,0.101882139313515,-0.054646409493416356,-9.922891849726033
11.42,0.101337348421078,-0.05431133297775041,-9.165291610642164
11.43,0.100795920511625,-0.05397392381406551,-8.877671875335478
11.44,0.100257877091326,-0.05363437884396509,-8.728724328157039
11.45,0.0997232395331868,-0.05329283603619599,-8.180098167560505
11.46,0.0991920260548482,-0.052949589927006144,-7.696192596772749
11.47,0.0986642525441461,-0.052604912546591956,-7.4053997123935575
11.48,0.0981399319702411,-0.05225899082615046,-7.207866409301289
11.49,0.097619076361921,-0.051911971767091884,-6.838710276849693
11.5,0.0971016954961855,-0.05156406606827309,-6.50636099933388
11.51,0.0965877973637523,-0.05121546936699521,-6.266531498428244
11.52,0.0960773879130842,-0.05086633520993168,-6.084099579838944
11.53,0.0955704720211501,-0.05051679034279386,-5.912006321631967
11.54,0.0950670529805597,-0.05016696550340904,-5.287477205672478
11.55,0.0945671327446915,-0.049817153722344264,-5.14683916025424
11.56,0.0940707095618245,-0.04946745844127895,-5.274985182351156
11.57,0.0935777831179499,-0.04911787927314564,-4.92346227785888
11.58,0.0930883509795804,-0.048768593657359346,-4.480533275048883
11.59,0.0926024095995162,-0.04841981586415772,-4.302445146549393
11.6,0.092119952653238,-0.04807165192339027,-4.36224379524951
11.61,0.0916409744109096,-0.04772411941915099,-4.079401944194919
11.62,0.0911654677015344,-0.047377355199376,-3.810440529295873
11.63,0.0906934243161855,-0.047031493839409105,-3.634635833428686
11.64,0.0902248345193704,-0.046686629690525484,-3.5733487994099646
11.65,0.0897596882143267,-0.046342814024315115,-3.4053432319644545
11.66,0.089297974449527,-0.04600013282114515,-3.189792010566827
11.67,0.0888396814403561,-0.04565868851360821,-2.983066096275635
11.68,0.088384796266143,-0.04531857497725375,-2.927947101214522
11.69,0.0879333053688876,-0.0449798319563177,-2.830366785788992
11.7,0.0874851948750495,-0.04464251088130734,-2.649869496942226
11.71,0.0870404501463662,-0.04430669074065354,-2.435037106308106
11.72,0.0865990557917287,-0.043972457792301516,-2.3711084876151074
11.73,0.0861609955911997,-0.04363984604839136,-2.3296976189516654
11.74,0.0857262533687937,-0.043308880256174326,-2.189472897201104
11.75,0.0852948122886932,-0.0429796184036723,-1.8805266565597367
11.76,0.0848666550024176,-0.042652166260069915,-1.827073285127657
11.77,0.0844417628686315,-0.04232654701575,-1.8819798111817991
11.78,0.0840201179595085,-0.042002749826800315,-1.699214486536793
11.79,0.0836017015873105,-0.04168083483486254,-1.434577307220325
11.8,0.0831864947310656,-0.04136088598297241,-1.3237896830760933
11.81,0.0827744772212717,-0.041042936713640385,-1.369392327122408
11.82,0.0823656293491547,-0.04072697502364396,-1.188706945687257
11.83,0.0819599309376602,-0.04041304938473117,-1.0658574822609257
11.84,0.0815573614650109,-0.040101193712833536,-0.9525710760747013
11.85,0.081157900074289,-0.03979143603670954,-0.8659647549633168
11.86,0.0807615256877251,-0.039483795345955294,-0.7715275427609696
11.87,0.080368217043779,-0.039178291300799355,-0.6601498732315916
11.88,0.0799779526624455,-0.03887494706136715,-0.5361211677684082
11.89,0.0795907108281482,-0.038573787006819515,-0.46210480400142034
11.9,0.0792064696100428,-0.038274821047840545,-0.39550167437994954
11.91,0.0788252070653757,-0.0379780560935616,-0.2972838019097034
11.92,0.0784469010860064,-0.03768350833983497,-0.04673589197413119
11.93,0.0780715293670844,-0.03739122704367754,-0.026420959033746697
11.94,0.0776990690244926,-0.037101203928630845,-0.06656258628914731
11.95,0.0773294978185066,-0.03681341605491206,0.11339767991664816
11.96,0.0769627931688197,-0.03652788983500056,0.17719753207386088
11.97,0.0765989324482906,-0.03624463038576879,0.5069434022386661
11.98,0.0762378928429646,-0.035963695741853104,0.4944622909058704
11.99,0.0758796508579581,-0.03568506606482167,0.4029632162592688
12.0,0.0755241839351821,-0.03540870438522546,0.6401490180440911
12.01,0.0751714691138091,-0.035134642242049104,0.7090586203836533
12.02,0.0748214834159997,-0.0348628799505824,0.9326656196082314
12.03,0.0744742037735448,-0.03459344476316288,0.970962079901143
12.04,0.0741296068071375,-0.03432632478154914,0.97062436718472
12.05,0.073787669614491,-0.034061500007002976,1.1453728223063806
12.06,0.0734483691173552,-0.0337989836742125,1.2288300828602656
12.07,0.0731116822561267,-0.033538772456456874,1.3527973067495027
12.08,0.0727775859811286,-0.03328086848588356,1.4334488571499637
12.09,0.0724460572194531,-0.033025264951722436,1.5051704112070785
12.1,0.0721170730422725,-0.03277195272163025,1.6103250470883035
12.11,0.0717906105394846,-0.032520928109028985,1.7023883541246478
12.12,0.0714666468679762,-0.03227218579269544,1.8844797598964835
12.13,0.0711451591981662,-0.03202573406243433,1.9313058081977938
12.14,0.0708261246068488,-0.031781556897447424,1.9558711887108247
12.15,0.0705095205379575,-0.03153963417216524,2.094829636427013
12.16,0.0701953244140003,-0.03129996437592336,2.1882020139594123
12.17,0.069883513756038,-0.03106254063786849,2.4451289944078063
12.18,0.0695740660766036,-0.030827379071066027,2.45763227890958
12.19,0.0692669587153282,-0.030594456040895432,2.4377005492741164
12.2,0.0689621695768498,-0.030363742876389026,2.633585606762501
12.21,0.068659676482915,-0.030135243274807128,2.7256978566509393
12.22,0.0683594573624647,-0.029908947264307637,2.9179514000116358
12.23,0.0680614901932243,-0.02968485705531337,2.972883572256759
12.24,0.0677657529310411,-0.029462954292190993,3.0133060558298066
12.25,0.0674722238781639,-0.029243218394085085,3.175053663101854
12.26,0.0671808813570444,-0.029025645202573315,3.2705009011952337
12.27,0.0668917038085409,-0.02881022178761438,3.3725066761562355
12.28,0.0666046697983659,-0.028596935253772868,3.477847354256373
12.29,0.0663197580232496,-0.02838577285350479,3.582714496031928
12.3,0.0660369473051668,-0.028176721422995314,3.681098973531448
12.31,0.0657562166053686,-0.02796976669482814,3.7802875933780156
12.32,0.0654775450260773,-0.027764894756678038,3.9468277467924917
12.33,0.0652009117939131,-0.027562099130617794,4.020945879974336
12.34,0.0649262961843242,-0.027361361629095703,4.071989631805489
12.35,0.0646536777670179,-0.027162661255876696,4.213115807723231
12.36,0.0643830362064072,-0.02696598711108891,4.277535278411336
12.37,0.0641143513212823,-0.02677132143998444,4.57707846715395
12.38,0.0638476030717701,-0.02657867099442393,4.6226298987350996
12.39,0.0635827712627193,-0.02638801345105716,4.570105574821897
12.4,0.063319836257234,-0.026199316174610583,4.801393923276036
12.41,0.0630587784191203,-0.02601257620562028,4.8732230315605145
12.42,0.0627995782639314,-0.02582777577920317,5.079979429344964
12.43,0.0625422164609729,-0.025644909515117286,5.1776372064351115
12.44,0.0622866736855591,-0.025463960481767838,5.208822839682392
12.45,0.062032930933956,-0.025284905199487197,5.374989888840075
12.46,0.0617809693056084,-0.025107733122296055,5.495709134037645
12.47,0.0615307700453057,-0.02493242949441066,5.5694694359255665
12.48,0.0612823145510322,-0.02475897486511839,5.678160914068211
12.49,0.0610355844366757,-0.024587353177753814,5.829988964501819
12.5,0.0607905614203826,-0.02441755218867478,5.9267098734421175
12.51,0.0605472273814393,-0.024249554666229644,6.021255349482794
12.52,0.060305564371782,-0.024083343193283605,6.168561468123341
12.53,0.0600655546078185,-0.023918904905816628,6.296709912345156
12.54,0.0598271804146102,-0.02375622500788826,6.359048889354735
12.55,0.0595904243127629,-0.023595283176207696,6.467491969593859
12.56,0.0593552690122838,-0.023436062793985697,6.572972738754977
12.57,0.0591216973703522,-0.023278547662538656,6.744238009134185
12.58,0.0588896924106029,-0.02312272705606693,6.940456625553991
12.59,0.0586592372188203,-0.02296859131652561,6.948925438185971
12.6,0.0584303150467566,-0.022816116286070456,7.025240861474153
12.61,0.0582029094175649,-0.022665282969834326,7.190028748500359
12.62,0.0579770039548882,-0.022516079425891126,7.325154831513507
12.63,0.0577525824402532,-0.022368492174645815,7.53000501634718
12.64,0.0575296287593699,-0.022222511858406513,7.578496934520853
12.65,0.057308126914376,-0.02207811802040835,7.645933017129829
12.66,0.0570880611708794,-0.021935291657280514,7.826761025668079
12.67,0.0568694158947782,-0.021794021669074213,7.967270166890197
12.68,0.0566521756014612,-0.02165429378853517,7.923110952592888
12.69,0.0564363249593193,-0.021516082131524165,8.090473476521256
12.7,0.0562218489418324,-0.021379374943715848,8.340257035646095
12.71,0.0560087324735307,-0.021244165530898373,8.347507741494129
12.72,0.0557969607083983,-0.021110432344091715,8.48284476317916
12.73,0.0555865189555543,-0.020978160897787135,8.54189819963099
12.74,0.0553773926793122,-0.02084733261313304,8.61561278083746
12.75,0.0551695675485764,-0.020717930137454113,8.77317484277679
12.76,0.0549630293661511,-0.02058994115349255,8.871766821296593
12.77,0.05475776406676,-0.020463350029725595,8.92367372960591
12.78,0.0545537577632001,-0.020338138725074843,9.04091241443912
12.79,0.0543509967285355,-0.02021429443477945,9.552624487274185
12.8,0.0541494673073641,-0.020091824382991764,9.437869346478331
12.81,0.0539491557522455,-0.019970701458006612,9.242202342212057
12.82,0.0537500488788391,-0.019850894805004474,9.624592523755565
12.83,0.0535521334752963,-0.019732403779295846,9.704041449935223
12.84,0.053355396468371,-0.01961521344279142,9.783072430339208
12.85,0.0531598249220162,-0.019499308157459004,9.9005935530042
12.86,0.0529654060657333,-0.019384674509185205,10.05024935444389
12.87,0.0527721272330898,-0.019271300752485808,10.145088207768886
12.88,0.052579975898062,-0.019159172713590727,10.283123533593894
12.89,0.0523889396709441,-0.01904827783913409,10.290967686771678
12.9,0.0521990062941986,-0.01893859731347501,10.21032885114869
12.91,0.0520101637428787,-0.018830109298086095,10.495051052966168
12.92,0.0518224001511558,-0.01872280884212587,10.682834279747565
12.93,0.051635703642372,-0.0186166867378453,10.638697727881924
12.94,0.0514500625512001,-0.01851172349899242,10.717569939284289
12.95,0.0512654653517745,-0.018407905399283876,11.013125942571532
12.96,0.0510819006462549,-0.018305227850960785,11.019079959575512
12.97,0.0508993570507245,-0.01820367395717158,10.93129744623827
12.98,0.0507178234849154,-0.01810322327848163,11.150879594585058
12.99,0.0505372889359191,-0.018003867888839384,11.192554291400352
13.0,0.0503577425212295,-0.01790559374830082,11.367982074574622
13.01,0.050179173487898,-0.017808391841318653,11.482379610464431
13.02,0.0500015711505427,-0.01771225069417346,11.461656408816012
13.03,0.0498249249913829,-0.017617153813755754,11.559588207807373
13.04,0.0496492246324095,-0.017523089326750587,11.672910702554647
13.05,0.0494744598004831,-0.017430046298216064,11.747093337680186
13.06,0.0493006203425544,-0.01733801247154754,11.809492295644528
13.07,0.049127696228328,-0.01724697530828956,11.90125349317129
13.08,0.0489556775517544,-0.01715692350970673,11.992534604840685
13.09,0.0487845545110779,-0.01706784591485432,12.055761662248436
13.1,0.0486143174257184,-0.01697973057813712,12.15112230300522
13.11,0.0484449567298225,-0.01689256653122622,12.128807334547831
13.12,0.0482764629710876,-0.016806339208271598,12.216716419900893
13.13,0.0481088268577786,-0.016721037989112127,12.364241358859816
13.14,0.0479420391543598,-0.016636654331134787,12.374158174428345
13.15,0.0477760907546936,-0.016553175455421832,12.43639656761881
13.16,0.0476109726661438,-0.01647059024103877,12.502912952991544
13.17,0.0474466760067012,-0.016388887975460634,12.56554572936134
13.18,0.0472831919993453,-0.01630805795547781,12.60572589182838
13.19,0.0471205119773609,-0.016228088950688675,12.654817623330183
13.2,0.0469586273860787,-0.01614897016788385,12.710665846306874
13.21,0.046797529774651,-0.016070691197310878,12.75693653149136
13.22,0.0466372107978122,-0.015993241506579808,12.791086385347224
13.23,0.0464776622149062,-0.01591661047821077,12.884057562233616
13.24,0.0463188758889099,-0.015840789341662644,12.954981521254497
13.25,0.0461608437608179,-0.015765768708048886,12.922129006119627
13.26,0.0460035578861053,-0.01569153643531454,12.956490487386747
13.27,0.0458470104374353,-0.015618082401883695,13.024098328422914
13.28,0.0456911936740868,-0.015545397645171793,13.053482068051899
13.29,0.0455360999528959,-0.015473472361789895,13.089060675387813
13.3,0.0453817217272107,-0.015402296991010554,13.109702552193978
13.31,0.0452280515458413,-0.015331861747584543,13.13461967644387
13.32,0.0450750820565713,-0.015262157137830846,13.175436589699348
13.33,0.0449228059974908,-0.015193174231194265,13.19948449097289
13.34,0.0447712161969464,-0.015124903826355524,13.217387749317098
13.35,0.0446203055765854,-0.015057336702480224,13.239103892607522
13.36,0.0444700671484908,-0.014990463883148529,13.258908687588132
13.37,0.0443204940141436,-0.014924276495000579,13.271376317867686
13.38,0.0441715793633898,-0.014858765637999125,13.28548400229031
13.39,0.0440233164751775,-0.014793922606912783,13.304356354337205
13.4,0.0438756987133219,-0.01472973895481512,13.31488797446259
13.41,0.0437287195264299,-0.014666206185384145,13.322993296194362
13.42,0.0435823724479868,-0.014603315882155861,13.33024799634649
13.43,0.0434366510947428,-0.014541059774971637,13.359578494584316
13.44,0.0432915491656838,-0.014479430032494854,13.246639764548787
13.45,0.0431470604410025,-0.014418415885166595,13.237176111780702
13.46,0.0430031788219638,-0.014358009150797098,13.36871015833939
13.47,0.0428598982512028,-0.014298204851477305,13.327731313959124
13.48,0.0427172127453819,-0.014238994448008933,13.291113266279735
13.49,0.0425751164105246,-0.014180369454538355,13.287410719395426
13.5,0.0424336034302992,-0.014122322243059529,13.275679397405849
13.51,0.0422926680650858,-0.014064845193756278,13.26042181809574
13.52,0.0421523046510387,-0.014007930739893398,13.245144235863185
13.53,0.0420125075996913,-0.013951571445180999,13.229932294492036
13.54,0.0418732713959304,-0.013895760001963095,13.210594121518476
13.55,0.0417345905976412,-0.013840489146361296,13.19007722493865
13.56,0.0415964598348735,-0.013785751713204949,13.166713704916855
13.57,0.0414588738087994,-0.013731540637789096,13.180722927262618
13.58,0.0413218272907806,-0.01367784941833216,12.960278797114624
13.59,0.0411853151214327,-0.013624667356089127,12.955757171680784
13.6,0.0410493322661397,-0.013571988147214702,13.120153533106901
13.61,0.0409138736944029,-0.013519808763514756,12.992350934230076
13.62,0.040778934452208,-0.013468120895096641,12.935992535639533
13.63,0.0406445096616009,-0.01341691741025888,12.901763898386882
13.64,0.0405105945111353,-0.013366191772020154,12.837327098851668
13.65,0.0403771842550523,-0.013315937196287387,12.909495490206965
13.66,0.0402442742124616,-0.013266149340035102,12.841145928897834
13.67,0.0401118597357658,-0.013216821396448409,12.686333633671595
13.68,0.0399799362776475,-0.013167945160506614,12.704123025792525
13.69,0.0398484993441133,-0.01311951551117256,12.662593209717311
13.7,0.0397175444985024,-0.01307152655152111,12.612349130067635
13.71,0.0395870673639457,-0.013023972318420887,12.62293641887823
13.72,0.0394570636224892,-0.012976847588784535,12.269134091990244
13.73,0.0393275290142182,-0.012930141430452305,12.304691083028086
13.74,0.0391984594113366,-0.012883849647016624,12.526880707193577
13.75,0.0390698506463792,-0.012837971177519284,12.286087165079607
13.76,0.0389416986374192,-0.012792497571198434,12.232271374721709
13.77,0.0388139993641813,-0.01274742314298164,12.171119455575766
13.78,0.0386867488622972,-0.012702742381096033,12.125972775853214
13.79,0.038559943222561,-0.012658450004037735,11.95606464345484
13.8,0.0384335785901883,-0.01261453895638499,11.925197786449122
13.81,0.0383076511877946,-0.012571004488865525,11.946066235199766
13.82,0.0381821572589322,-0.01252784273019283,11.807344789970807
13.83,0.0380570931111761,-0.012485047470531368,11.742091729627441
13.84,0.0379324551048635,-0.01244261359089847,11.66832998372328
13.85,0.0378082396517087,-0.012400535994256818,11.59160106000712
13.86,0.0376844432141008,-0.012358809631174302,11.526107979438818
13.87,0.0375610623043853,-0.01231742969180407,11.445523958761141
13.88,0.0374380934820172,-0.01227639122256408,11.359971788501017
13.89,0.0373155333580564,-0.012235689279073194,11.289415852181458
13.9,0.0371933785901773,-0.012195319211288509,11.210188551251356
13.91,0.0370716258831549,-0.012155276334434539,11.131710417870405
13.92,0.0369502719881598,-0.012115556061743395,11.086812584562017
13.93,0.0368293137020485,-0.01207615411681056,10.76806935147321
13.94,0.0367087478687353,-0.01203706269188321,10.80315807377287
13.95,0.0365885714217762,-0.011998279049209363,10.918377545486088
13.96,0.0364687812690074,-0.011959801603363997,10.66215604100922
13.97,0.0363493743901304,-0.011921623786132277,10.603789196693121
13.98,0.0362303478079726,-0.01188374155168612,10.515339849481109
13.99,0.0361116985878337,-0.011846150685301064,10.44977533081184
14.0,0.0359934238368362,-0.01180884723677005,10.286279095412459
14.01,0.0358755207032753,-0.011771825866658571,9.975912313904834
14.02,0.0357579863999178,-0.01173507964854336,10.116316208595109
14.03,0.0356408181964855,-0.011698607686640104,10.168008380244057
14.04,0.035524013340343,-0.011662407991876064,9.889580976028999
14.05,0.0354075691490737,-0.011626474307744813,9.823844419452197
14.06,0.0352914829796485,-0.011590802976043046,9.724660704772289
14.07,0.0351757522278589,-0.011555390143047628,9.64318109791796
14.08,0.0350603743277498,-0.011520232144604167,9.465042462625387
14.09,0.0349453467510498,-0.011485324193677426,9.354947713064
14.1,0.0348306670225282,-0.01145066247437322,9.353978483677412
14.11,0.0347163326893274,-0.01141624458198953,9.233443281142526
14.12,0.0346023413308954,-0.011382066712778763,9.106190898727945
14.13,0.0344886905678262,-0.011348124964337519,9.010324603398189
14.14,0.034375378056052,-0.011314415873873995,8.908370027587809
14.15,0.0342624014863007,-0.01128093599097989,8.8225873908221
14.16,0.0341497585835563,-0.01124768202890898,8.629049894312509
14.17,0.0340374471067782,-0.01121464955058677,8.570017495966505
14.18,0.0339254648633411,-0.011181835775225918,8.545430509497296
14.19,0.0338138096706495,-0.011149238369011622,8.37780049399248
14.2,0.0337024793875538,-0.011116853400664218,8.286252071370303
14.21,0.0335914719047612,-0.01108467778611928,8.183259667073694
14.22,0.0334807851443144,-0.011052708417951206,8.098866559231563
14.23,0.0333704170590686,-0.011020942380329744,7.941220065526081
14.24,0.0332603656321671,-0.010989375839906383,7.624642565836295
14.25,0.0331506288932224,-0.010958003443398378,7.725689275855809
14.26,0.0330412049183336,-0.010926824594659271,7.767463956367649
14.27,0.0329320917616084,-0.010895838085443523,7.488343762758886
14.28,0.0328232875306142,-0.010865039170084197,7.410861502092997
14.29,0.0327147903617204,-0.010834425192957423,7.3018463043880555
14.3,0.0326065984196397,-0.010803993342773979,7.229079267811382
14.31,0.0324987098969673,-0.010773741091823127,6.958579528867477
14.32,0.0323911230137223,-0.010743663867121556,6.811369429668961
14.33,0.0322838360454,-0.010713758578927783,6.916329936486431
14.34,0.0321768472711559,-0.010684024868054011,6.7790559235253625
14.35,0.0320701549859074,-0.010654459882426573,6.602387274885314
14.36,0.031963757521948,-0.010625060266889266,6.505208244025
14.37,0.031857653237628,-0.010595823527059327,6.39424289587081
14.38,0.0317518405169474,-0.010566747118254753,6.293059117195825
14.39,0.0316463177691497,-0.010537828592507964,6.137677414858413
14.4,0.0315410834283122,-0.010509065014832678,6.048541309291638
14.41,0.0314361359596474,-0.010480454168440047,5.979012170133785
14.42,0.0313314738427089,-0.010451994067805018,5.838518482772415
14.43,0.0312270955845361,-0.010423682055807754,5.735328419469122
14.44,0.0311229997155584,-0.010395515846980027,5.627492005510708
14.45,0.0310191847891403,-0.01036749316833486,5.529166773929625
14.46,0.0309156493811801,-0.010339611846309245,5.39838086774498
14.47,0.0308123920897099,-0.010311869350318355,5.16854668988402
14.48,0.0307094115416723,-0.010284262322875014,5.1750676756376865
14.49,0.0306067063951161,-0.010256789753078135,5.157231191478362
14.5,0.0305042753031747,-0.010229450426754109,4.951118026107773
14.51,0.0304021169520985,-0.010202241337798398,4.862482931519852
14.52,0.030300230048742,-0.01017516054562844,4.756260920856435
14.53,0.0301986133201903,-0.010148206045910903,4.670569009210533
14.54,0.0300972655133845,-0.010121375997956759,4.516771552270283
14.55,0.0299961853947478,-0.010094667786143385,4.115797007555537
14.56,0.0298953717649568,-0.010068076760929093,4.270029372901267
14.57,0.0297948234671059,-0.010041603495958284,4.378096468462956
14.58,0.0296945393035608,-0.010015248168915969,4.032804528634874
14.59,0.0295945181230948,-0.009989006797811046,3.9650608646327314
14.6,0.0294947587931379,-0.009962877761416553,3.8560839231507957
14.61,0.02939526019946,-0.009936859241664136,3.7573154807119775
14.62,0.0292960212458524,-0.009910949502573568,3.632523898356032
14.63,0.0291970408538105,-0.009885146527393302,3.3925637768386987
14.64,0.0290983179682507,-0.009859447400129007,3.3997359804903278
14.65,0.0289998515619336,-0.009833851441258333,3.3920444410383928
14.66,0.0289016405988527,-0.0098083578652716,3.179381804533793
14.67,0.0288036840715775,-0.009782964101888477,3.0915502387949583
14.68,0.0287059809892345,-0.009757668607762466,2.985887311998975
14.69,0.0286085303772146,-0.009732469771038909,2.8818136339186933
14.7,0.028511331276881,-0.009707366009414388,2.778489375506911
14.71,0.0284143827452742,-0.0096823557689209,2.6755342718390387
14.72,0.028317683854841,-0.009657437520991526,2.574501807483927
14.73,0.0282212336931651,-0.009632609774966733,2.4744065694104402
14.74,0.0281250313625272,-0.009607871069259102,2.3744601738816993
14.75,0.0280290759797598,-0.009583219964315038,2.276085135562948
14.76,0.0279333666759097,-0.009558655053838478,2.1781148620776025
14.77,0.0278379025959429,-0.009534174960519037,2.093768104669925
14.78,0.0277426828984526,-0.009509778412251028,1.9743701001521237
14.79,0.0276477067553653,-0.009485463734060028,1.6167375453384507
14.8,0.027552973360759,-0.00946122749901062,1.7256275282858227
14.81,0.0274584819424813,-0.009437070131957463,1.8252917248601266
14.82,0.0273642316952619,-0.0094129920033683,1.5233050689481935
14.83,0.0272702218472234,-0.009388990256666644,1.460438991010661
14.84,0.0271764516391,-0.009365063814340165,1.362364473203029
14.85,0.0270829203239861,-0.009341211452950846,1.280223558845898
14.86,0.0269896271670843,-0.009317432054302527,1.1643707962961165
14.87,0.0268965714454519,-0.009293724095057559,0.7550214957346956
14.88,0.0268037524573427,-0.009270083967348984,0.8964917368018075
14.89,0.0267111695374602,-0.009246512421049192,1.0375115244983364
14.9,0.0266188219792326,-0.009223010220682793,0.6954608767007344
14.91,0.026526709111097,-0.009199574406939099,0.6376207000650357
14.92,0.026434830272919,-0.009176204042185786,0.538472264106991
14.93,0.0263431848157841,-0.009152898014755877,0.43871893002779877
14.94,0.0262517721017917,-0.00912965521621574,0.34621422961848386
14.95,0.0261605915038493,-0.009106474646054335,0.3289387450398863
14.96,0.0260696424033865,-0.00908335583842488,0.1784729070879963
14.97,0.025978924186069,-0.009060297334922338,0.02661422226785552
14.98,0.0258884362601603,-0.009037297681262647,-0.004543310277666138
14.99,0.0257981780382304,-0.00901435633375424,-0.10431715075046856
15.0,0.0257081489424292,-0.008991472299422551,-0.19287587996553945
15.01,0.0256183484042707,-0.00896864465284028,-0.2780999928734243
15.02,0.0255287758644134,-0.008945872505584034,-0.3668754548179663
15.03,0.0254394307724448,-0.008923154920212456,-0.5312475051473156
15.04,0.0253503125884921,-0.008900490471056764,-0.5612400805440069
15.05,0.0252614207873258,-0.008877878721714218,-0.5853285165935
15.06,0.0251727548399882,-0.008855319291197651,-0.7292254336665842
15.07,0.0250843142310193,-0.008832810958096505,-0.8022511781794983
15.08,0.0249960984529838,-0.008810352974271726,-0.8849761281273104
15.09,0.0249081070062622,-0.008787944568505821,-0.9555229800862772
15.1,0.024820339398844,-0.008765585050384314,-1.0330622076032414
15.11,0.0247327951461216,-0.008743273519635792,-1.4865516986388523
15.12,0.0246454737779051,-0.008721006661017387,-1.3522915273321028
15.13,0.0245583748611073,-0.008698785276377442,-1.1540313331139833
15.14,0.0244714979180517,-0.008676610625182678,-1.5047299226461959
15.15,0.0243848425004597,-0.008654480235296651,-1.551860632674626
15.16,0.0242984081677462,-0.008632393523236536,-1.659080700365218
15.17,0.0242121944868989,-0.008610349665570845,-1.6846203447285975
15.18,0.0241262010323537,-0.008588348418378291,-1.668574357307337
15.19,0.0240404273771882,-0.008566389758586675,-1.8835332446796624
15.2,0.023954873100266,-0.008544472118107629,-2.022242033481997
15.21,0.0238695378012277,-0.008522594435750782,-2.019420161243984
15.22,0.0237844210788426,-0.008500756623569817,-2.1134346068756202
15.23,0.0236995225380911,-0.00847895800825087,-2.197515793472072
15.24,0.0236148417900016,-0.008457197967910723,-2.2460175407229572
15.25,0.0235303784514898,-0.008435476120429119,-2.3195809765521807
15.26,0.0234461321421815,-0.008413791921425048,-2.4274956564843637
15.27,0.0233621024899818,-0.00839214461339667,-2.4923818076077673
15.28,0.0232782891285086,-0.008370533720500773,-2.5574963454273454
15.29,0.0231946916957142,-0.00834895878857762,-2.6323930655128978
15.3,0.0231113098345008,-0.008327419327290125,-2.634382016794813
15.31,0.0230281431925487,-0.008305915136153058,-3.086718408951435
15.32,0.0229451914224594,-0.008284443343239967,-3.011128221309638
15.33,0.0228624542157214,-0.008263004420194325,-2.7821169006062116
15.34,0.0227799312210712,-0.008241599796194259,-3.1267718022407465
15.35,0.0226976221118664,-0.008220227393832599,-3.182404999628749
15.36,0.0226155265671627,-0.008198886750254188,-3.309819083770793
15.37,0.0225336442717133,-0.0081775773049409,-2.853863344996938
15.38,0.0224519749098769,-0.008156301822064265,-3.2263908451362857
15.39,0.0223705181301729,-0.008135057985148339,-3.74565408577667
15.4,0.0222892736534872,-0.008113842591864293,-3.4547880096072094
15.41,0.0222082411788135,-0.008092657278303193,-3.6117141613672477
15.42,0.0221274204100254,-0.00807150127244977,-3.665778199792771
15.43,0.0220468110558749,-0.008050374375629152,-3.468397795314605
15.44,0.0219664128226724,-0.008029277771032559,-3.749662187132749
15.45,0.021886225405065,-0.008008209797327633,-4.0401086566615305
15.46,0.0218062485360701,-0.007987168737146692,-3.9195990802513743
15.47,0.0217264819387358,-0.00796615527246493,-4.060484482954342
15.48,0.0216469253404964,-0.007945168740685083,-4.0480771595341585
15.49,0.0215675784731712,-0.007924209366705608,-3.879494036978369
15.5,0.0214884410604355,-0.007903278157243555,-4.212497895935863
15.51,0.0214095128222533,-0.007882373227924983,-4.453515026839053
15.52,0.0213307935120224,-0.007861493208333297,-4.339167018742966
15.53,0.0212522828732174,-0.007840638764174934,-4.499867808251139
15.54,0.0211739806531483,-0.00781980921154635,-4.363871874339152
15.55,0.0210958866029615,-0.00779900549992274,-4.213118766201836
15.56,0.0210180004553608,-0.007778228526133328,-4.659265949381574
15.57,0.0209403219509081,-0.007757475850485018,-4.835315246417713
15.58,0.0208628508598571,-0.007736746501641722,-4.709347809650624
15.59,0.0207855869409901,-0.007716041239986052,-4.867544948402808
15.6,0.0207085299562138,-0.007695359452834927,-4.701855235287507
15.61,0.02063167967056,-0.007674702199879022,-4.68689082679446
15.62,0.0205550358307565,-0.007654069644506649,-5.069261682552359
15.63,0.0204785982013172,-0.007633459799659259,-5.123159795607774
15.64,0.0204023665596122,-0.0076128724146357135,-5.08860982625434
15.65,0.0203263406773647,-0.007592307796234118,-5.218938808218336
15.66,0.0202505203288928,-0.0075717654781174044,-5.084127383974043
15.67,0.0201749052911101,-0.007551246312315681,-5.163348843936475
15.68,0.0200994953269495,-0.007530749989346792,-5.4531340884723205
15.69,0.0200242902192962,-0.00751027509919335,-5.4436782400141555
15.7,0.0199492897531032,-0.007489821769660904,-5.478902780554388
15.71,0.0198744937122429,-0.00746938996628582,-5.619738236895088
15.72,0.0197999018828824,-0.007448979219499182,-5.377141264643221
15.73,0.0197255140534841,-0.007428590966908315,-5.396327672077743
15.74,0.0196513299893727,-0.0074082252256634186,-5.837779499022236
15.75,0.0195773494801943,-0.0073878798652093555,-5.832058659943183
15.76,0.0195035723236436,-0.007367554979950588,-5.802577644831184
15.77,0.0194299983114764,-0.007347250894642442,-5.921772331381929
15.78,0.0193566272372236,-0.0073269672550833834,-5.824081763493979
15.79,0.0192834588961914,-0.007306704742755134,-5.819771117278036
15.8,0.0192104930719736,-0.007286463522454921,-6.107132185375953
15.81,0.019137729558607,-0.007266242320013144,-6.168370002802823
15.82,0.019065168159243,-0.007246040952877449,-6.1504839896383094
15.83,0.0189928086727482,-0.00722585967399605,-6.273004396689419
15.84,0.0189206508994485,-0.007205698150144352,-6.141086448319094
15.85,0.0188486946411305,-0.0071855572608941175,-6.045713038064804
15.86,0.0187769396843187,-0.007165437616423141,-6.420824945419148
15.87,0.0187053858230171,-0.00714533757253397,-6.535870690128523
15.88,0.0186340328685121,-0.007125256699797543,-6.444385260987591
15.89,0.0185628806233818,-0.007105195599837472,-6.573558608136726
15.9,0.018491928891212,-0.007085153955133471,-6.452170629714247
15.91,0.0184211774765968,-0.007065132613825037,-6.259979590937308
15.92,0.0183506261688481,-0.007045132634203444,-6.6688491508696846
15.93,0.0182802747581296,-0.007025152280140899,-6.854944397969024
15.94,0.0182101230595788,-0.007005190821974256,-6.696318247360766
15.95,0.0181401708760593,-0.006985249159411483,-6.7931038453193295
15.96,0.0180704180109226,-0.006965327116816572,-6.821066061982179
15.97,0.0180008642680094,-0.006945424777790067,-6.81700314772759
15.98,0.0179315094491976,-0.006925542354633413,-6.93389240639408
15.99,0.0178623533555941,-0.0069056795163384135,-7.024849805526667
16.0,0.0177933957941562,-0.006885836046961689,-7.033345130960476
16.01,0.0177246365696388,-0.006866012104048194,-7.096364706135374
16.02,0.0176560754871906,-0.006846207625451749,-7.150404610549006
16.03,0.0175877123523551,-0.006826422577913312,-7.2016557790529605
16.04,0.0175195469709408,-0.006806656942382495,-7.262146697208558
16.05,0.01745157914899,-0.006786910661798317,-7.322383082884623
16.0599999999999,0.0173838086933557,-0.006767183682443416,-7.375197440853633
16.07,0.0173162354110901,-0.006747475979964213,-7.455789974413202
16.08,0.0172488591096348,-0.006727787441211606,-7.47083041625363
16.09,0.0171816795968185,-0.006708118362729228,-7.033536367723584
16.1,0.0171146966721283,-0.006688470785293279,-7.437240575194609
16.11,0.0170479101145656,-0.006668843189654191,-7.857558605448821
16.12,0.0169813197458468,-0.006649233983194256,-7.547402244855507
16.13,0.016914925369325,-0.006629644601393396,-7.670933544963478
16.14,0.0168487267881868,-0.006610074853120613,-7.723866077121976
16.15,0.0167827238054528,-0.006590524906416549,-7.150535717912889
16.16,0.0167169162172437,-0.006570997300390866,-7.592245512774538
16.17,0.0166513037905502,-0.006551490414833291,-8.124831662178302
16.1799999999999,0.0165858863450129,-0.006532002265356891,-7.709714740185623
16.19,0.0165206636773864,-0.006512534658166767,-7.827360146510778
16.2,0.0164556355837761,-0.006493087473007318,-7.7967279250671995
16.21,0.0163908018596358,-0.006473660955562544,-8.162875315573704
16.22,0.016326162299769,-0.00645425380395587,-8.383141839559839
16.23,0.0162617167199971,-0.006434865408947495,-7.94547329978956
16.24,0.0161974649231412,-0.006415497747736497,-7.969883136733863
16.25,0.0161334066956871,-0.0063961510274185285,-8.221701270373694
16.26,0.0160695418350174,-0.006376824487107561,-8.231820433473777
16.27,0.0160058701382969,-0.006357518238876529,-8.423888198369125
16.28,0.0159423914024725,-0.006338231973360923,-7.694309182569198
16.29,0.0158791054239931,-0.0063189686721716485,-8.093912069209834
16.3,0.0158160119573903,-0.0062997270057048305,-8.802091819620507
16.3099999999999,0.0157531108182999,-0.0062805044981682715,-8.301527399651745
16.32,0.0156904017976115,-0.0062613031358609425,-8.42957800100236
16.33,0.0156278846855429,-0.006242122785476747,-8.529673776847808
16.34,0.0155655592716376,-0.006222963359515799,-8.333933321118874
16.35,0.0155034253447659,-0.0062038259553625205,-7.881042213780434
16.36,0.0154414826745374,-0.006184712424629136,-8.512591447023729
16.37,0.0153797310233848,-0.006165620648849073,-8.851472611115462
16.38,0.0153181701915443,-0.006146549552668275,-8.46742830617045
16.39,0.015256799958683,-0.006127500712219949,-8.577254028286355
16.4,0.0151956201032432,-0.006108474088779153,-8.435804436789557
16.41,0.0151346304024424,-0.006089470196915945,-9.365259620528846
16.42,0.015073830632273,-0.006070485946676668,-9.239794858792166
16.4299999999999,0.0150132206145513,-0.006051522066332455,-8.368074222149426
16.44,0.0149528001137156,-0.00603258188882831,-8.85510291257702
16.45,0.0148925689019431,-0.006013664091399143,-8.974053010769019
16.46,0.0148325267580668,-0.005994768379830922,-9.034988194409717
16.47,0.0147726734603288,-0.005975894776667637,-9.022606314218574
16.48,0.0147130087863809,-0.005957043768203265,-8.192271830039067
16.49,0.014653532501656,-0.0059382183671967004,-8.874606200184873
16.5,0.0145942443408688,-0.005919416437349179,-9.579232539920683
16.51,0.0145351441002956,-0.005900635768393302,-8.954251974125048
16.52,0.0144762315479796,-0.005881878580997581,-9.096476387559093
16.53,0.0144175064507496,-0.005863144771416591,-9.112385813583618
16.54,0.0143589685742205,-0.0058444344883874875,-9.207693443649157
16.55,0.0143006176827928,-0.005825747640609202,-9.258478241509891
16.5599999999999,0.0142424535429317,-0.005807084296816697,-9.209803491601704
16.57,0.0141844759173123,-0.005788444849156646,-9.252356054721266
16.58,0.0141266845659945,-0.0057698293998490755,-9.313841671673202
16.59,0.014069079249194,-0.005751237975982444,-9.341765277343882
16.6,0.0140116597259672,-0.005732670704403333,-9.416468229047986
16.61,0.0139544257542118,-0.005714127620125848,-9.237421115435442
16.62,0.0138973770906653,-0.005695609513758322,-9.33951203408853
16.63,0.0138405134811939,-0.005677116279892511,-9.572679176582742
16.64,0.013783834683475,-0.00565864740824995,-9.476587760730913
16.65,0.0137273404502765,-0.005640203392660078,-9.511461210181684
16.66,0.0136710305323161,-0.005621784375283284,-9.546779238720651
16.67,0.0136149046790419,-0.005603390472955,-9.58118257364299
16.6799999999999,0.0135589626386322,-0.005585021817790783,-9.544812427832222
16.69,0.0135032041575599,-0.005566678739754149,-9.617195286150025
16.7,0.013447628978595,-0.005548361239457542,-9.70232561636387
16.71,0.0133922368475148,-0.005530069280020844,-9.68296952566538
16.72,0.0133370275070063,-0.005511803131939136,-9.721813050125272
16.73,0.0132820006984528,-0.0054935629108200604,-9.741563600470018
16.74,0.0132271561619317,-0.005475348767864166,-9.81112874774983
16.75,0.0131724936362164,-0.005457160697844979,-9.931379812785233
16.76,0.0131180128612588,-0.005438998575497565,-9.857857635574494
16.77,0.013063713576811,-0.005420862836291672,-9.83241330172619
16.78,0.0130095955157482,-0.005402753779548209,-9.94007728895244
16.79,0.0129556584124866,-0.005384671319715792,-9.958491906968904
16.8,0.0129019020002094,-0.005366615603226606,-10.005443515449613
16.8099999999999,0.0128483260108665,-0.005348586726524194,-9.965392098469971
16.82,0.0127949301751746,-0.005330585022113383,-9.976309451987294
16.83,0.0127417142193911,-0.005312610666206704,-10.10293155023517
16.84,0.0126886778710598,-0.00529466351519587,-10.124035896005257
16.85,0.0126358208578929,-0.0052767437103334,-10.122464709646598
16.86,0.0125831429050125,-0.005258851468520834,-10.15651355951033
16.87,0.0125306437362527,-0.00524098690765329,-10.218751728096404
16.88,0.0124783230741607,-0.005223150098723429,-10.068199866813996
16.89,0.0124261806399969,-0.0052053416510841125,-10.152986009165689
16.9,0.0123742161468129,-0.0051875615368933165,-10.34852294414264
16.91,0.0123224293156004,-0.005169809438030021,-10.267269296107925
16.92,0.0122708198634159,-0.005152085751494975,-10.295245559246199
16.9299999999999,0.0122193875053845,-0.0051343906254783305,-10.322618859495503
16.94,0.0121681319552651,-0.00511672419183752,-10.34754513507707
16.95,0.0121170529254514,-0.005099086587145834,-10.372514619485747
16.96,0.0120661501269716,-0.005081477947554069,-10.396976978860705
16.97,0.012015423269494,-0.005063898409832466,-10.421082036055196
16.98,0.0119648720613124,-0.005046348110951726,-10.44656727390886
16.99,0.0119144962093577,-0.005028827187229974,-10.440176925784547
17.0,0.0118642954191954,-0.005011335825969961,-10.601889882938135
17.01,0.0118142693950256,-0.0049938737925616546,-10.745252199199848
17.02,0.011764417845772,-0.00497644093354585,-10.560067393722662
17.03,0.0117147404770779,-0.004959037903153385,-10.548121507597793
17.04,0.0116652369876393,-0.004941664941883299,-10.679672118535779
17.05,0.0116159070783424,-0.0049243219220373655,-10.693006778755564
17.0599999999999,0.011566750448914,-0.004907008985045869,-10.714679666809731
17.07,0.01151776679792,-0.004889726267870056,-10.747089804777566
17.08,0.0114689558224656,-0.004872473879254132,-10.783619777022437
17.09,0.0114203172188996,-0.004855251917796656,-10.805969739231108
17.1,0.0113718506822613,-0.004838060512044268,-10.85396027370427
17.11,0.0113235559064212,-0.004820899746612499,-10.813483079919857
17.12,0.0112754325840837,-0.004803769931920792,-10.643257473262702
17.13,0.0112274804030723,-0.00478667163444833,-10.850694540232109
17.14,0.0111796990473006,-0.004769604552534145,-10.998506241508204
17.15,0.0111320882082902,-0.004752568515350043,-10.875567228033228
17.16,0.011084647572131,-0.004735563970915798,-10.871096111927741
17.17,0.0110373768235575,-0.0047185910900884465,-11.134298926248938
17.1799999999999,0.0109902756459489,-0.004701649451383409,-11.144351130301029
17.19,0.010943343729644,-0.004684739214681665,-10.914874194496702
17.2,0.010896580754989,-0.004667861063299926,-11.036709251798275
17.21,0.0108499864016401,-0.004651014929276699,-11.082405139164525
17.22,0.0108035603495137,-0.004634200865402484,-11.105281427184362
17.23,0.0107573022773548,-0.004617418946419979,-11.392933939797533
17.24,0.0107112118645549,-0.00460066873014843,-11.263733936935036
17.25,0.0106652887955401,-0.0045839506647283364,-11.092360099547335
17.26,0.0106195327426139,-0.00456726528594493,-11.30087195733451
17.27,0.0105739433815942,-0.004550612337661649,-11.325064927956717
17.28,0.0105285203873011,-0.004533991924529996,-11.242175833726163
17.29,0.0104832634335571,-0.004517404394226646,-11.213254018997397
17.3,0.0104381721892607,-0.004500849961585884,-11.390294682463427
17.3099999999999,0.0103932463245782,-0.004484328419730732,-11.416635404315675
17.32,0.0103484855108602,-0.004467839860489153,-11.383891035274647
17.33,0.0103038894167208,-0.004451384511726676,-11.374334305552498
17.34,0.0102594577096602,-0.004434962517660792,-11.682601163741626
17.35,0.0102151900563854,-0.0044185734230365575,-11.589621146585007
17.36,0.0101710861302963,-0.004402217571025123,-11.37946608516219
17.37,0.010127145592574,-0.004385895530027558,-11.594330746979338
17.38,0.010083368107692,-0.004369607054633285,-11.594953267870054
17.39,0.0100397533391543,-0.004353352272322492,-11.60806445858385
17.4,0.0099963009494947,-0.004337131312851685,-11.602355112807404
17.41,0.0099530105996743,-0.004320944333587503,-11.654292789024849
17.42,0.0099098819493942,-0.004304791381114963,-11.698365989950133
17.4299999999999,0.0098669146583808,-0.0042886725213282595,-11.62581497214262
17.44,0.0098241083848805,-0.0042725879825567985,-12.045080722386158
17.45,0.0097814627861241,-0.004256537123931712,-12.011558572431547
17.46,0.0097389775292474,-0.004240520150859915,-11.706521840236832
17.47,0.0096966522681878,-0.004224537762593277,-11.94388339130586
17.48,0.0096544866594933,-0.004208589695766672,-11.96711393692129
17.49,0.0096124803596025,-0.004192676023356751,-11.984367118350196
17.5,0.009570633024057,-0.00417679684816168,-12.034263793582276
17.51,0.0095289443075002,-0.004160952214510814,-12.079181562431486
17.52,0.0094874138644543,-0.004145142169920833,-12.160707040475325
17.53,0.0094460413485222,-0.004129366736187566,-11.905598166027199
17.54,0.0094048264126235,-0.004113626499105752,-11.944442235104628
17.55,0.0093637687011963,-0.004097921518511627,-12.237845625232797
17.5599999999999,0.0093228678657398,-0.004082251418198428,-12.12625384744886
17.57,0.009282123555674,-0.004066616490012564,-12.162709746201742
17.58,0.0092415354186289,-0.0040510167884725045,-12.389718421669473
17.59,0.0092011031031106,-0.00403545206088653,-12.292175179993729
17.6,0.0091608262598493,-0.004019922597340017,-12.186246051166878
17.61,0.0091207045327436,-0.0040044287105024876,-12.242105708684953
17.62,0.0090807375673737,-0.003988970386872544,-12.733705836513863
17.63,0.0090409250085661,-0.003973546906870021,-12.830250116216122
17.64,0.009001266512854,-0.003958158237892393,-12.397492740451368
17.65,0.0089617617254104,-0.00394280519849254,-12.597296378270324
17.66,0.0089224102906752,-0.003927487620637513,-12.716051569331245
17.67,0.0088832118549548,-0.0039122054235874995,-12.653598593651186
17.6799999999999,0.0088441660636857,-0.0038969588099674528,-12.756822708211772
17.69,0.0088052725603249,-0.003881747729915768,-12.875328217807642
17.7,0.0087665309908321,-0.0038665721026958566,-12.940867433945337
17.71,0.0087279409997159,-0.0038514319725425445,-12.621889285957586
17.72,0.0086895022311372,-0.0038363279694159065,-12.543897828256268
17.73,0.0086512143194708,-0.0038212603182008536,-12.982949018856118
17.74,0.0086130769052012,-0.003806228461933304,-12.942236429719681
17.75,0.008575089630412,-0.0037912325430307747,-12.852732390927475
17.76,0.0085372521340988,-0.003776272773892518,-13.263767887668743
17.77,0.0084995640558153,-0.0037613486587391473,-13.19636090128079
17.78,0.0084620250412947,-0.0037464604043941675,-12.921077810606311
17.79,0.0084246347270279,-0.003731608493981739,-13.377008244719176
17.8,0.0083873927523269,-0.0037167923263725445,-13.949171771178134
17.8099999999999,0.0083502987633507,-0.00370201115291073,-13.672507825318988
17.82,0.0083133524110418,-0.0036872654532366968,-13.660145413697215
17.83,0.0082765533350964,-0.0036725554407825533,-13.200143505220751
17.84,0.0082399011806809,-0.0036578819391407807,-12.84313893871526
17.85,0.0082033955733574,-0.0036432455251108383,-13.730281740011876
17.86,0.0081670361498267,-0.003628645082920798,-13.515304744976293
17.87,0.0081308225512761,-0.0036140808739408533,-14.21264811830531
17.88,0.008094754413981,-0.003599552046138352,-14.152237739831108
17.89,0.0080588313914647,-0.0035850587980633688,-13.521413985091314
17.9,0.0080230531168721,-0.0035706020688133287,-14.061546001465583
17.91,0.0079874192301725,-0.003556181269669141,-14.159634440907666
17.92,0.007951929371901,-0.0035417963237582696,-14.20539818503037
17.9299999999999,0.0079165831840562,-0.0035274472655550332,-14.219577676289651
17.94,0.0078813803067927,-0.0035131341664725617,-14.366230327967514
17.95,0.0078463203811727,-0.003498856928010813,-14.463411701047091
17.96,0.0078114030488097,-0.003484615510304107,-14.529948342398045
17.97,0.0077766279515535,-0.0034704099178267003,-14.607828342161614
17.98,0.0077419947310756,-0.0034562401417417453,-14.705627524861752
17.99,0.0077075030294391,-0.0034421061481599373,-14.79163227520434
18.0,0.0076731524889035,-0.003428007917386693,-14.879945404611963
18.01,0.0076389427519559,-0.0034139454290208187,-14.951297572498248
18.02,0.0076048734612964,-0.003399918670434135,-15.19522273461603
18.03,0.0075709442600648,-0.003385927429887566,-15.257884838470018
18.04,0.0075371547942268,-0.0033719717192075313,-15.234388988797733
18.05,0.0075035047069856,-0.00335805165099997,-15.444017653568785
18.0599999999999,0.0074699936429677,-0.0033441670573849717,-15.6655991000049
18.07,0.007436621248112,-0.003330317754949985,-15.713096774641517
18.08,0.0074033871701242,-0.0033165037731091402,-15.771117994802022
18.09,0.0073702910548316,-0.003302725139939992,-15.866305361126757
18.1,0.0073373325494976,-0.0032889818466742076,-15.869501659514539
18.11,0.007304511299892,-0.0032752739801966547,-15.965664982750036
18.12,0.0072718269522083,-0.003261601487606616,-16.489375517162266
18.13,0.0072392791541408,-0.003247963802822535,-17.15432332563883
18.14,0.0072068675620008,-0.003234360243195046,-16.974053632879688
18.15,0.0071745918345707,-0.0032207910932724893,-16.867406775623454
18.16,0.0071424516248309,-0.0032072565864491656,-17.103933687691345
18.17,0.0071104465879743,-0.003193756555023306,-17.45136533123004
18.1799999999999,0.0070785763796035,-0.003180290709131646,-17.49607555781948
18.19,0.0070468406593543,-0.003166859132909199,-16.99460601064228
18.2,0.0070152390809667,-0.003153462466129963,-17.378995099547076
18.21,0.006983771294829,-0.003140100394759195,-17.903366679597898
18.22,0.0069524369593367,-0.0031267724120550167,-18.232303315036386
18.23,0.0069212357336854,-0.0031134782475615995,-18.159206724565756
18.24,0.0068901672812645,-0.0031002180635358407,-18.290098729392767
18.25,0.0068592312599588,-0.0030869917476725444,-19.621236651977583
18.26,0.0068284273371482,-0.0030737980150374647,-19.554857384359753
18.27,0.0067977551904757,-0.00306063699796083,-19.30826362897677
18.28,0.0067672144872042,-0.0030475090585325125,-19.7536326207511
18.29,0.0067368049001621,-0.003034413864841668,-20.12291069963824
18.3,0.0067065261016633,-0.0030213511234199724,-20.51988487561315
18.3099999999999,0.0066763777699295,-0.0030083205969758517,-19.82539151564095
18.32,0.0066463595801538,-0.0029953230714749777,-20.268291696386267
18.33,0.0066164711997232,-0.002982358232431659,-21.0184506015266
18.34,0.0065867123085899,-0.0029694254232149834,-21.391291174588517
18.35,0.0065570825853101,-0.0029565243615041975,-21.547887419437167
18.36,0.0065275817156348,-0.0029436550202317172,-21.444708518217965
18.37,0.0064982093794629,-0.002930817511504944,-23.33677683533384
18.38,0.0064689652642401,-0.002918010165434188,-23.474018394950143
18.39,0.0064398490755331,-0.0029052329300666784,-23.04212479249534
18.4,0.0064108605040485,-0.0028924863104999848,-23.985922884062024
18.41,0.0063819992495381,-0.0028797695915158657,-24.397596991913588
18.42,0.0063532650135401,-0.002867082470600823,-25.071718691196303
18.4299999999999,0.0063246575024478,-0.0028544245236749814,-24.39819637828006
18.44,0.0062961764237982,-0.002841796482234201,-24.924692509012132
18.45,0.0062678214744439,-0.0028291980195616754,-25.983435337733756
18.46,0.006239592367377,-0.002816628307472516,-26.445650992770794
18.47,0.0062114888134256,-0.0028040870343008393,-26.90441812169306
18.48,0.0061835105325485,-0.002791573975204994,-26.57553599358414
18.49,0.006155657239932,-0.0027790894165242116,-29.4501873707945
18.5,0.0061279286564528,-0.002766631000293288,-30.496643537302848
18.51,0.0061003245346429,-0.0027541979434291333,-29.551507562050592
18.52,0.0060728446102709,-0.0027417912056391706,-30.044119225246714
18.53,0.0060454886236883,-0.0027294105924924837,-31.229068429894095
18.54,0.0060182563134927,-0.002717055328484131,-31.042386068875363
18.55,0.0059911474315164,-0.0027047257637250388,-30.869293047806952
18.5599999999999,0.0059641617123138,-0.0026924221820975583,-32.78075847174076
18.57,0.0059372989059041,-0.002680143167407494,-34.35312438739655
18.58,0.005910558770446,-0.0026678875772066517,-34.33628494869636
18.59,0.0058839410766629,-0.0026556554855033583,-36.53307562641819
18.6,0.005857445587649,-0.0026434452823950304,-38.48432573105728
18.61,0.0058310721017885,-0.0026312556183358173,-37.98442246119413
18.62,0.0058048204053382,-0.0026190870491525084,-38.967131995097304
18.63,0.0057786902923768,-0.002606939061759168,-40.58173946510318
18.64,0.0057526815582537,-0.0025948106788625212,-40.488694435267206
18.65,0.0057267940125236,-0.0025827022231700463,-40.653740012928274
18.66,0.0057010274479761,-0.0025706137607366454,-43.35107218668039
18.67,0.0056753816769364,-0.002558543417068312,-46.050749131334506
18.6799999999999,0.0056498565248445,-0.002546489313340845,-47.241577459685516
18.69,0.005624451837519,-0.0025344509009875616,-45.485255548651054
18.7,0.0055991674502378,-0.0025224297577350328,-47.11200959740102
18.71,0.0055740031882013,-0.0025104250100433244,-49.91628741043317
18.72,0.0055489589012311,-0.0024984348256658425,-51.83688873785191
18.73,0.0055240344466706,-0.002486458057026629,-52.175498153505146
18.74,0.0054992296970721,-0.0024744945553800634,-57.12671132905064
18.75,0.0054745445217725,-0.0024625410273275187,-60.23164505905695
18.76,0.0054499788486919,-0.0024505955438182967,-59.63188057919767
18.77,0.0054255325829083,-0.0024386587341549758,-62.92819614351407
18.78,0.0054012056514167,-0.0024267286620266782,-66.97793077122577
18.79,0.0053769979916695,-0.002414803202067491,-61.09987631985209
18.8,0.0053529095582247,-0.002402886909658327,-59.918525652892264
18.8099999999999,0.0053289402216204,-0.002390981014356687,-67.94030369216716
18.82,0.0053050899201829,-0.002379080336323324,-74.10847957001414
18.83,0.0052813586090579,-0.0023671808891733105,-74.15807755632726
18.84,0.0052577462980835,-0.002355282884614995,-76.36218102013734
18.85,0.005234252951526,-0.002343385155773391,-83.44739742990333
18.86,0.0052108786060815,-0.002331483579572507,-83.49683106327268
18.87,0.0051876232917347,-0.002319578489000775,-84.60193573116686
18.88,0.0051644870493018,-0.0023076697226833906,-88.43838709457224
18.89,0.0051414699159685,-0.0022957553314791584,-91.99472202964844
18.9,0.0051185719666739,-0.0022838335810900137,-93.17477141259077
18.91,0.005095793270489,-0.0022719041887974754,-97.01824930620876
18.92,0.0050731339151966,-0.0022599652296841064,-102.48166821167682
18.9299999999999,0.0050505940068058,-0.0022480138021342185,-105.20082556033633
18.94,0.0050281736847704,-0.002236048713488349,-108.29380017696283
18.95,0.0050058730833355,-0.0022240685643982686,-114.22803120487062
18.96,0.0049836923730528,-0.0022120703502208714,-117.10212329543631
18.97,0.0049616317407928,-0.002200052854880017,-121.21459197602103
18.98,0.0049396913864553,-0.0021880142439566815,-125.73292226607961
18.99,0.0049178715331411,-0.0021759524499391216,-129.971101723172
19.0,0.004896172421114,-0.002163865584816676,-134.77707620808647
19.01,0.0048745943120551,-0.002151751503930025,-138.8363844359688
19.02,0.0048531374879453,-0.002139608466176666,-144.79785203180003
19.03,0.0048318022482631,-0.002127433704612533,-149.80185517716117
19.04,0.0048105889267192,-0.0021152250400316994,-154.02111725832899
19.05,0.0047894978667998,-0.002102980734294137,-160.9780818624016
19.0599999999999,0.0047685294410427,-0.002090697600932473,-165.78653122247061
19.07,0.0047476840509664,-0.0020783736441366933,-171.2775858553418
19.08,0.0047269621121639,-0.0020660065515324755,-177.92054909066152
19.09,0.0047063640730658,-0.002053593433269142,-182.95199076658108
19.1,0.0046858904040218,-0.0020411322664324713,-189.95791965408625
19.11,0.0046655415978219,-0.0020286200267541775,-196.17868726989707
19.12,0.0046453181821846,-0.0020160541469675204,-201.80838992333526
19.13,0.0046252207015787,-0.0020034323864583526,-209.7109028297395
19.14,0.0046052497317123,-0.001990751347591673,-215.80322440838302
19.15,0.0045854058804185,-0.00197800860532996,-222.56673899255236
19.16,0.004565689774614,-0.001965201420724157,-230.43266559188945
19.17,0.0045461020774319,-0.0019523265180108292,-236.63046513872416
19.1799999999999,0.0045266434783064,-0.001939381497213347,-244.65203718864015
19.19,0.004507314692119,-0.0019263630526841437,-252.08829329994265
19.2,0.0044881164717764,-0.0019132682115699836,-258.80792860758993
19.21,0.004469049591514,-0.001900094386505049,-267.40677535403483
19.22,0.0044501148588548,-0.0018868380470200422,-274.6955536944571
19.23,0.0044313131151268,-0.0018734963507249676,-282.21081493321554
19.24,0.0044126452263212,-0.0018600663650999733,-290.65129250487365
19.25,0.0043941120933322,-0.0018465446862083713,-298.337889514551
19.26,0.00437571464831,-0.0018329283054516908,-306.2971568915572
19.27,0.0043574538533822,-0.0018192140941516335,-314.4952021581985
19.28,0.0043393307033754,-0.001805398794457497,-322.6183899419771
19.29,0.0043213462251536,-0.0017914791899658286,-330.6235316609619
19.3,0.0043035014778161,-0.001777452126355813,-338.8162790883314
19.3099999999999,0.0042857975517037,-0.0017633143415442037,-347.0365649785314
19.32,0.0042682355709389,-0.0017490625525266638,-354.9099447885826
19.33,0.0042508166911213,-0.0017346936422941836,-363.0788289805528
19.34,0.0042335420994601,-0.001720204319386683,-371.13598305006076
19.35,0.0042164130169486,-0.0017055913224074681,-378.97434392293303
19.36,0.0041994306958837,-0.0016908514753008245,-386.93857726065454
19.37,0.004182596421199,-0.00167598149863249,-394.75382236547046
19.38,0.0041659115104994,-0.0016609781443542148,-402.4647273118661
19.39,0.0041493773137101,-0.0016458381717916618,-410.0944517011131
19.4,0.004132995213295,-0.0016305583277649944,-417.5675569772807
19.41,0.0041167666241788,-0.0016151353788916912,-424.9558241275097
19.42,0.0041006929935808,-0.0015995660674199507,-432.1614149242911
19.4299999999999,0.0040847758014635,-0.001583847160484987,-439.1244462979083
19.44,0.004069016559663,-0.0015679754738583838,-446.04820331787954
19.45,0.0040534168120946,-0.001551947750472486,-452.7293499238421
19.46,0.0040379781354926,-0.0015357607686258216,-459.12353009908935
19.47,0.004022702138157,-0.0015194113622299923,-465.4063063252822
19.48,0.0040075904603973,-0.001502896310135855,-471.4487004570537
19.49,0.0039926447747998,-0.0014862124010550344,-477.22063911686
19.5,0.0039778667858513,-0.001469356448625788,-482.736529168524
19.51,0.0039632582299156,-0.0014523252734324943,-488.0438942738284
19.52,0.0039488208751588,-0.0014351156643983857,-493.07200677897947
19.53,0.0039345565220717,-0.001417724417420847,-497.74437823317425
19.54,0.0039204670028279,-0.0014001483743400114,-502.2462793717821
19.55,0.0039065541813589,-0.0013823842971557984,-506.41628115361516
19.5599999999999,0.0038928199543772,-0.0013644289659358144,-510.1673809068819
19.57,0.0038792662501248,-0.001346279227180831,-513.8182923510775
19.58,0.0038658950288674,-0.001327931772404999,-517.0498619126688
19.59,0.0038527082845422,-0.0013093833500525047,-519.8073573913396
19.6,0.003839708042405,-0.0012906307960408288,-522.5651960023308
19.61,0.0038268963604319,-0.0012716706868399932,-524.7942281411998
19.62,0.0038142753315099,-0.0012524997177041366,-526.5247193786121
19.63,0.0038018470798022,-0.0012331146752841589,-528.3736661472285
19.64,0.0037896137634919,-0.0012135119578866843,-529.5055162071205
19.65,0.003777577577322,-0.0011936882265541882,-530.1403059539529
19.66,0.0037657407466147,-0.001173640245024985,-530.7004768466538
19.67,0.0037541055319711,-0.0011533644687941546,-531.5141497923447
19.6799999999999,0.0037426742300877,-0.0011328567490775194,-531.1105813198194
19.69,0.0037314491813613,-0.0011121136878041494,-530.0338620129893
19.7,0.0037204327516256,-0.0010911321637424797,-529.5303038696916
19.71,0.0037096273468108,-0.001069908072949157,-528.9250988436673
19.72,0.0036990354133328,-0.0010484369233083293,-527.063799996052
19.73,0.0036886594437728,-0.001026715127602502,-524.651624261818
19.74,0.0036785019581186,-0.0010047392795091744,-522.8641409880479
19.75,0.0036685655204095,-0.0009825047829233394,-520.6735755278154
19.76,0.0036588527399675,-0.0009600069410891837,-517.4688780524889
19.77,0.0036493662725148,-0.0009372418287424812,-513.8686033967484
19.78,0.0036401088078917,-0.0009142055280633367,-510.78841415477564
19.79,0.0036310830832522,-0.0008908928463891598,-507.26118177262697
19.8,0.0036222918892343,-0.0008672985658433495,-502.68743216656037
19.8099999999999,0.0036137380648223,-0.0008434184596558434,-497.906032220508
19.82,0.0036054244883537,-0.0008192480595966454,-493.684725151441
19.83,0.0035973540913661,-0.0007947813045124798,-488.8163098682848
19.84,0.0035895298687363,-0.0007700124858333478,-483.0430212197218
19.85,0.0035819548644246,-0.0007449369222091715,-477.2494377315786
19.86,0.0035746321711217,-0.0007195493349333307,-471.93985146749606
19.87,0.0035675649411144,-0.0006938426431183178,-465.8622429954814
19.88,0.0035607564024467,-0.000667810574954159,-459.04846497319596
19.89,0.0035542098321988,-0.0006414478825049973,-452.3731468064452
19.9,0.0035479285687914,-0.0006147482601899961,-446.1536020376031
19.91,0.0035419160177726,-0.0005877032006383165,-438.98156990206013
19.92,0.0035361756782599,-0.0005603059727666681,-431.23745974803506
19.9299999999999,0.0035307110920234,-0.0005325509054133408,-423.93528774827604
19.94,0.0035255258795298,-0.0005044301803108205,-416.53791122112943
19.95,0.0035206237365814,-0.00047593504343917324,-408.98722435588445
19.96,0.0035160084563612,-0.0004470563173308496,-400.6787094616509
19.97,0.0035116839118873,-0.00041778722358500183,-392.4605416795167
19.98,0.0035076540400567,-0.000388119965697512,-384.38478510533105
19.99,0.0035039228729756,-0.00035804488278332513,-376.472634334628
20.0,0.0035004945409513,-0.0003275497817625007,-367.83071030989765
20.01,0.0034973733049781,-0.0002966262987566808,-359.02242799543967
20.02,0.0034945634698882,-0.0002652668360141588,-350.5961685416783
20.03,0.0034920694603216,-0.00023346001874497563,-342.1416598858713
20.04,0.003489895804021,-0.0002011925734341619,-333.41839542994495
20.05,0.0034880471802899,-0.00016845346316585216,-324.523198222802
20.0599999999999,0.0034865283384467,-0.00013523368765666464,-315.8500775590921
20.07,0.0034853441513071,-0.00010152069220500316,-307.1478891690025
20.08,0.0034844996146774,-6.730075990081996e-05,-298.43140379952024
20.09,0.0034839998732001,-3.2559337362492405e-05,-289.67737374882853
20.1,0.0034838502047788,2.714988636647534e-06,-281.00235685700926
20.11,0.0034840559926018,3.8534813158315795e-05,-272.39426729337697
20.12,0.0034846227712546,7.491531226167028e-05,-263.7417579930116
20.13,0.0034855562274275,0.0001118749173991618,-255.26116075412165
20.14,0.003486862245913,0.00014942753410501948,-246.91442866659318
20.15,0.0034885467997811,0.00018758601911417279,-238.575848332753
20.16,0.0034906160459908,0.00022636801899499347,-230.18711623795383
20.17,0.0034930763057562,0.00026579402504248493,-222.05345981938714
20.1799999999999,0.0034959341314344,0.0003058818668824799,-214.22370896552118
20.19,0.0034991962003248,0.00034664628522586196,-206.3271587570491
20.2,0.0035028693785137,0.0003881067926941627,-198.49799101561635
20.21,0.0035069607281635,0.0004302847331066613,-190.72912972460026
20.22,0.0035114775390207,0.00047320293085832514,-183.4498166855027
20.23,0.003516427316408,0.0005168798392108486,-176.2756438561252
20.24,0.0035218177327667,0.0005613352810258346,-169.09222811131465
20.25,0.0035276566974262,0.0006065928192116497,-161.7735286896357
20.26,0.0035339523534432,0.0006526803182275254,-155.12815285077951
20.27,0.0035407131435146,0.000699619895669176,-148.79569225326549
20.28,0.0035479476632866,0.0007474322006341665,-142.24059240921216
20.29,0.0035556647886931,0.0007961444179866658,-135.71318398080683
20.3,0.0035638736507951,0.0008457865526825033,-129.5221988701004
20.3099999999999,0.0035725837134242,0.0008963873690049812,-123.95863822857687
20.32,0.0035818046748135,0.0009479705655241696,-118.25395789154489
20.33,0.0035915464965597,0.0010005648012616907,-112.63042811391031
20.34,0.0036018194480162,0.001054201641493321,-106.87884880459514
20.35,0.0036126341228944,0.0011089173646216589,-101.9399240985912
20.36,0.0036240014885119,0.0011647410930325152,-97.24505562712322
20.37,0.0036359327367707,0.001221701466343325,-92.32514190281562
20.38,0.0036484394278627,0.0012798342074174822,-87.33062866133476
20.39,0.0036615334617396,0.001339179705203339,-82.89894332138483
20.4,0.003675227183373,0.0013997741326108397,-78.99540112501472
20.41,0.0036895332162287,0.0014616491471308413,-74.79740411929238
20.42,0.0037044645678622,0.0015248442515750104,-70.77937948109586
20.4299999999999,0.0037200346399975,0.0015894005996616493,-66.77644170746028
20.44,0.0037362572633344,0.0016553626467483455,-63.38122589118795
20.45,0.0037531467080469,0.0017227690550691728,-60.10039010832835
20.46,0.0037707175946476,0.0017916597656516707,-56.799331000245914
20.47,0.0037889850038948,0.0018620795772483255,-53.21195752235835
20.48,0.0038079644582394,0.0019340820182949983,-50.364121830362095
20.49,0.0038276720675115,0.002007711868795826,-47.88968164306748
20.5,0.0038481242613858,0.0020830099833974896,-44.985632600098626
20.51,0.0038693380048105,0.0021600292640466894,-42.3656927980167
20.52,0.0038913307586237,0.0022388218808016766,-39.81317068326845
20.53,0.0039141205337291,0.0023194423669675047,-37.6610694405275
20.54,0.0039377258670384,0.002401940803864145,-35.53908018853434
20.55,0.003962165788092,0.0024863701364891844,-33.41904151053117
20.5599999999999,0.0039874598970632,0.002572787499862483,-31.449520092478583
20.57,0.0040136283575488,0.002661250656443342,-29.638439936462817
20.58,0.0040406919227093,0.0027518174240283473,-27.9490529368999
20.59,0.0040686719144876,0.0028445463639966183,-26.316608003962525
20.6,0.0040975902616902,0.0029394985293500443,-24.767995227310895
20.61,0.0041274695057164,0.0030367367279916734,-23.32388627931243
20.62,0.0041583328290177,0.003136324722809148,-22.015575782875636
20.63,0.0041902040457486,0.003238326078756694,-20.75276247506319
20.64,0.0042231076152107,0.0033428066799508693,-19.569360733646857
20.65,0.0042570686658096,0.003449833481379944,-18.591040171400365
20.66,0.0042921129879116,0.00355947031533666,-17.511523488892323
20.67,0.0043282670095902,0.0036717880262950482,-16.484039897455208
20.6799999999999,0.0043655579276151,0.0037868598938391217,-15.58682769560869
20.69,0.0044040136202822,0.0039047569508091537,-15.059684085259413
20.7,0.0044436626861869,0.004025538397587529,-14.32076912320914
20.71,0.0044845342440675,0.0041492748046849685,-13.359215758455043
20.72,0.004526658310187,0.0042760511066574965,-12.760596446483904
20.73,0.0045700656357208,0.00440593929037502,-12.286393718137793
20.74,0.0046147876866144,0.004539005894880024,-12.117454987787738
20.75,0.0046608565406417,0.0046753047147208016,-11.37585072759759
20.76,0.0047083048421686,0.004814921587062434,-10.71427261866453
20.77,0.0047571663143879,0.004957943819892526,-10.35232659586662
20.78,0.0048074752861365,0.005104440794985028,-10.650684088444558
20.79,0.0048592668339978,0.005254443149515847,-10.187316969948819
20.8,0.0049125761036496,0.005408028288397569,-9.38179099639292
20.8099999999999,0.0049674396765508,0.005565302718912499,-9.362135805406364
20.82,0.0050238946319528,0.005726320951078289,-9.350774862875161
20.83,0.0050819787341539,0.0058911318734807825,-9.543451054600713
20.84,0.005141730050345,0.006059770081379984,-8.99308036080944
20.85,0.0052031871988707,0.006232328536750074,-8.668337868026631
20.86,0.0052663899399216,0.006408887852692545,-8.581476543269142
20.87,0.0053313784263567,0.006589500041381618,-9.606061185154557
20.88,0.0053981933279099,0.006774115980480834,-9.404465856541467
20.89,0.0054668742978113,0.0069627906495516945,-8.710492368809383
20.9,0.0055374629939007,0.007155634457553373,-9.208091837969747
20.91,0.0056100008763369,0.00735264030986664,-9.075300684863805
20.92,0.0056845298212083,0.007553855340569186,-9.208861254916501
20.9299999999999,0.0057610920790881,0.007759299796134199,-9.210224737337288
20.94,0.005839729975042,0.007968999537506592,-9.758859007036317
20.95,0.0059204861314704,0.008182913403175018,-9.937550782768897
20.96,0.0060034022957659,0.008401036958705898,-9.659283582395599
20.97,0.0060885210364983,0.008623421728299989,-9.993739523514249
20.98,0.0061758847802205,0.008850032121471611,-10.894455856923754
20.99,0.0062655353997112,0.009080746078711713,-10.931956741653064
21.0,0.0063575133468925,0.009315550430551683,-10.73181924964682
21.01,0.0064518600404289,0.00955446451698669,-11.612431055814898
21.02,0.0065486158542959,0.009797340773905011,-12.134650997590667
21.03,0.0066478197169,0.010044068307042455,-12.25179644793797
21.04,0.0067495098657927,0.010294595253264158,-12.557397550379395
21.05,0.0068537239355582,0.010548830360865898,-13.506571721995542
21.0599999999999,0.0069604981731698,0.010806567420175012,-13.915338320722416
21.07,0.0070698665326129,0.011067676359596657,-14.119459240595274
21.08,0.0071818625518093,0.011332056636275829,-14.983586515132462
21.09,0.0072965178015226,0.01159948184382999,-15.913259474585951
21.1,0.0074138615280943,0.011869700728027541,-16.407322623008852
21.11,0.0075339205216333,0.012142533476116686,-16.861609176650493
21.12,0.0076567202253316,0.012417796766751648,-18.277440910394517
21.13,0.007782283362287,0.012695123923724952,-19.20795001385551
21.14,0.0079106286413137,0.012974225714339965,-19.80504280132182
21.15,0.0080417729786431,0.013254873827287598,-21.017354763457924
21.16,0.0081757300704596,0.013536717744293386,-22.58508694013295
21.17,0.0083125099361797,0.013819335088212486,-23.782882378987324
21.1799999999999,0.0084521181722913,0.01410237256910661,-24.955130280025195
21.19,0.0085945575827112,0.014385484126467436,-26.816072892617324
21.2,0.0087398265344188,0.014668199956941718,-28.638431069595786
21.21,0.0088879187380236,0.014950062254380836,-30.48744330574144
21.22,0.0090388234199575,0.015230621989765759,-32.6373607285705
21.23,0.0091925251964951,0.015509392418409164,-35.082362737120135
21.24,0.0093490035634189,0.015785854516107516,-37.7712819284627
21.25,0.0095082327955057,0.016059473087613352,-40.82461133892491
21.26,0.0096701816701094,0.016329686290714965,-44.15605547728994
21.27,0.0098348132795055,0.01659592836367502,-47.77756426928514
21.28,0.0100020850805315,0.016857632271277463,-52.196323679866545
21.29,0.0101719486752415,0.017114165037572515,-57.37560424245128
21.3,0.0103443489634441,0.017364859530927444,-62.19729690555832
21.3099999999999,0.0105192245382976,0.017609168476945717,-68.40264960363018
21.32,0.010696508841269,0.017846443143284936,-76.30092301568594
21.33,0.0108761274806072,0.018075928768952452,-84.43140739102266
21.34,0.0110579993247267,0.018296972390779237,-92.3658686130121
21.35,0.0112420369536849,0.018509050011082606,-103.62077493570897
21.36,0.0114281479389971,0.018711422025852506,-117.78547334025521
21.37,0.0116162303934405,0.018903253723384944,-129.96996538289335
21.38,0.0118061761996692,0.019084051030723265,-145.03530495347823
21.39,0.0119978725922555,0.0192532311585967,-165.68950344891994
21.4,0.0121911994058303,0.019409974081619163,-188.77462393939297
21.41,0.0123860283036977,0.01955353485049668,-207.21775021311169
21.42,0.0125822250014125,0.019683609206584223,-234.77902590765427
21.4299999999999,0.0127796531748535,0.019799511594919182,-269.8551416386309
21.44,0.0129781652702866,0.019900365283521626,-297.6305898246421
21.45,0.0131776090633002,0.01998578762210661,-325.6867173051504
21.46,0.0133778282749635,0.020055424515484196,-361.5725829564568
21.47,0.0135786626976159,0.020108604209699177,-398.2537312331706
21.48,0.0137799434029541,0.020144624347250773,-413.7162887924749
21.49,0.0139814975820611,0.020163397470364965,-432.070215714555
21.5,0.014183152428855,0.02016452316166252,-449.779974397579
21.51,0.0143847272083793,0.02014735156832927,-447.4651691859368
21.52,0.0145860376341002,0.02011159993901593,-429.8293191434809
21.53,0.0147868970358232,0.02005722124917992,-410.72501320728566
21.54,0.0149871190557243,0.019983948211671734,-386.831760085856
21.55,0.0151865120314705,0.019891446556564087,-351.6825631558963
21.5599999999999,0.015384883813878,0.01977969829394828,-318.0242314259776
21.57,0.0155820415142651,0.019648599010341522,-284.201923682716
21.58,0.0157777911228073,0.01949808587562491,-251.20081106415108
21.59,0.0159719386216639,0.01932818474603016,-221.22420642931678
21.6,0.0161642903679934,0.01913893745933744,-193.95429112688745
21.61,0.0163546533062303,0.018930455170345792,-169.2164219216052
21.62,0.016542836104218,0.01870296366361764,-148.38586750282565
21.63,0.0167286498910192,0.01845665621117579,-130.22819846757145
21.64,0.0169119074066705,0.01819178328311665,-114.01000651239498
21.65,0.0170924249805092,0.017908736625900947,-100.51480769922975
21.66,0.017270022826164,0.017607892463226683,-89.04457953188293
21.67,0.0174445248518591,0.01728964566151834,-79.15343039403491
21.6799999999999,0.0176157592818825,0.016954447364125824,-70.43991640345746
21.69,0.017783559146875,0.016602855090864836,-63.188578538015435
21.7,0.0179477635025961,0.016235399286418404,-57.12670262451757
21.71,0.0181082160066641,0.015852583397039325,-51.49349050158533
21.72,0.0182647662458251,0.015455093587291632,-46.84105772720127
21.73,0.0184172710850623,0.015043567428736667,-42.927992835045806
21.74,0.0185655928993067,0.014618613786086839,-39.274524262399495
21.75,0.0187096011430685,0.01418099728115645,-36.2281663379822
21.76,0.0188491730555443,0.013731441949626794,-33.5996976044794
21.77,0.0189841926612243,0.013270677565095935,-31.162584842705503
21.78,0.0191145520105979,0.012799548277745657,-29.23202525930885
21.79,0.0192401514756858,0.012318766585335712,-27.496823682482486
21.8,0.0193608977779068,0.011829096134964204,-25.790857688060452
21.8099999999999,0.0194767068094552,0.011331476509464079,-24.56959525065406
21.82,0.0195875031445574,0.010826598087461769,-23.422970416227393
21.83,0.0196932172277549,0.010315236281601496,-22.259186172497657
21.84,0.019793789353809,0.009798351848989048,-21.49255261135889
21.85,0.0198891681296758,0.009276614363706772,-20.735936868324654
21.86,0.0199793081380459,0.008750811276795098,-19.986848061367862
21.87,0.0200641737780053,0.008221864983381979,-19.524817897832655
21.88,0.0201437371872296,0.007690430665125015,-19.057669958430715
21.89,0.0202179767251396,0.007157288193586671,-18.62208275892186
21.9,0.0202868800353053,0.006623298508854139,-18.39509312300372
21.91,0.0203504419793805,0.006089081902424867,-18.16635609539611
21.92,0.0204086634000943,0.00555537810049579,-17.975432899789855
21.9299999999999,0.0204615538151606,0.005022983139815144,-17.946613528151055
21.94,0.0205091293494866,0.004492463324927537,-17.926094377216142
21.95,0.0205514115977411,0.00396449531503094,-17.950242075963025
21.96,0.020588430061747,0.0034397932195784934,-18.09908588952873
21.97,0.0206202200754401,0.002918866492281532,-18.27354810208658
21.98,0.0206468219847292,0.0024023168469665636,-18.5032623828105
21.99,0.0206682830025249,0.0018907641819351437,-18.829029722287043
22.0,0.0206846554567894,0.00138466318236009,-19.20332581067987
22.01,0.0206959961500895,0.0008845280909890059,-19.644352422810854
22.02,0.0207023675833628,0.00039087713144068253,-20.166103390149647
22.03,0.0207038366441934,-9.588938377737394e-05,-20.75864328553548
22.04,0.0207004741538477,-0.0005753460842542203,-21.431949371150846
22.05,0.020692355440022,-0.0010470778436498691,-22.187310464582954
22.0599999999999,0.0206795594801021,-0.0015107425283640507,-23.03384784319877
22.07,0.0206621685954666,-0.001966001761073352,-23.977597288832676
22.08,0.0206402685008082,-0.002412538711591642,-25.023173089964654
22.09,0.0206139478169996,-0.002850072459694801,-26.179711681567184
22.1,0.0205832978977571,-0.00327834776360841,-27.452834266184247
22.11,0.0205484124662212,-0.003697139867139358,-28.86935480363715
22.12,0.020509387426214,-0.004106227933254146,-30.41701620666687
22.13,0.0204663208287115,-0.004505434275211557,-32.103366639741424
22.14,0.02041931214967,-0.00489461942161674,-34.00387496775483
22.15,0.0203684623668946,-0.0052736188639867605,-36.056193823794764
22.16,0.0203138740622728,-0.005642325381567381,-38.271465062376826
22.17,0.0202556503932123,-0.006000676406155177,-40.81557942155072
22.1799999999999,0.0201938954059997,-0.006348556567194938,-43.52655157591417
22.19,0.0201287142854484,-0.006685922782685792,-46.41734335262303
22.2,0.020060211988225,-0.007012785494699108,-49.807631998273216
22.21,0.019988493784937,-0.0073290765276210045,-53.40772937538753
22.22,0.0199136656612724,-0.007634798209496732,-57.19738315842702
22.23,0.0198358328531421,-0.0079300174227299,-61.6286364021965
22.24,0.0197551003190054,-0.008214730431090722,-66.44352879484983
22.25,0.0196715731375286,-0.008488966245384963,-71.45267115421262
22.26,0.0195853555880953,-0.008752827256709063,-77.13936054968211
22.27,0.0194965509553075,-0.00900638099655679,-83.56528032205725
22.28,0.0194052621320417,-0.00924967574318757,-90.1609012721801
22.29,0.0193115912086866,-0.009482839809944976,-97.38597832671451
22.3,0.0192156387043106,-0.00970599946189639,-105.84486147276087
22.3099999999999,0.0191175043106521,-0.009919222044045667,-114.41026066712615
22.32,0.0190172868831933,-0.010122655828694184,-123.44376546237818
22.33,0.0189150832850337,-0.010316471475037454,-134.32379180640908
22.34,0.0188109891988067,-0.010500754402602662,-145.1599956429188
22.35,0.0187050994125638,-0.010675667999389318,-156.12199291679207
22.36,0.0185975064317464,-0.010841414600233346,-169.5972391525726
22.37,0.018488301308478,-0.01099809650414978,-182.70277632037858
22.38,0.0183775741181483,-0.011145888265425962,-195.4813162877062
22.39,0.018265412484277,-0.011285007345194185,-210.90007419765547
22.4,0.0181519024299895,-0.011415583834930697,-225.8635506610067
22.41,0.0180371286846309,-0.011537792077770769,-239.8668058147212
22.42,0.0179211737811712,-0.01165184812508419,-255.4957146386563
22.4299999999999,0.0178041183430631,-0.011757917667716498,-271.08241763377623
22.44,0.0176860414724572,-0.011856168699818226,-284.6184457925517
22.45,0.0175670203350449,-0.01194681220771758,-298.1471264586677
22.46,0.0174471299610038,-0.012030038989955822,-312.0345886932444
22.47,0.017326443716362,-0.01210601266139428,-322.6273582810062
22.48,0.0172050332017887,-0.012174938272252554,-331.49507111576145
22.49,0.0170829677806914,-0.012237019783127405,-341.0186559721405
22.5,0.0169603150683093,-0.012292418471042572,-346.3307223801383
22.51,0.0168371410225021,-0.012341332760490924,-348.6645437551175
22.52,0.0167135093527994,-0.012383970781460902,-352.12031432343446
22.53,0.0165894819878711,-0.012420490814794127,-351.0410358955452
22.54,0.0164651192850366,-0.012451084658085908,-346.60462484241276
22.55,0.016340479378175,-0.012475958897210638,-343.59673051356674
22.5599999999999,0.0162156186342009,-0.012495272903010763,-337.1516131912184
22.57,0.0160905918488508,-0.012509206424124309,-327.8053222879808
22.58,0.0159654517988043,-0.012517955326067528,-319.1279740889568
22.59,0.0158402494658971,-0.012521687803876616,-309.4967678515701
22.6,0.0157150342096994,-0.012520568340601616,-297.64265369964335
22.61,0.0155898536724768,-0.012514777844426644,-285.5858766283311
22.62,0.0154647536523141,-0.012504490055652642,-274.6125569586535
22.63,0.0153397783481459,-0.012489857682646538,-262.1114986246899
22.64,0.0152149704217305,-0.012471048306329925,-249.26081733439312
22.65,0.0150903707497256,-0.012448231535031745,-238.1917941596295
22.66,0.0149660186617113,-0.012421552547566618,-226.30227869930889
22.67,0.0148419520521961,-0.012391167284113262,-214.31916475834288
22.6799999999999,0.0147182071472025,-0.01235723488520753,-203.82301327644316
22.69,0.0145948187077488,-0.01231989644765753,-193.31889494742452
22.7,0.0144718200923578,-0.012279295640867424,-182.93695745877508
22.71,0.0143492431871574,-0.012235578297897556,-173.39839057097953
22.72,0.0142271184593754,-0.012188881888265885,-164.488374276138
22.73,0.0141054750396373,-0.01213933837709498,-155.74644608392876
22.74,0.0139843407387889,-0.012087081344608314,-147.5054208206072
22.75,0.0138637420277168,-0.012032240884803324,-140.02154289863378
22.76,0.0137437041253644,-0.011974939273933326,-132.74530363881263
22.77,0.0136242510384177,-0.011915299236333356,-125.85767944975593
22.78,0.0135054055372681,-0.01185344106938743,-119.54767766348026
22.79,0.0133871892313064,-0.01178947907395497,-113.56279588430006
22.8,0.0132696225968005,-0.0117235252336533,-107.91539467063605
22.8099999999999,0.0131527250035515,-0.01165568887927502,-102.64711759366158
22.82,0.0130365147432673,-0.011586075687713335,-97.62107817218102
22.83,0.0129210090685538,-0.011514789566270753,-92.97735661046342
22.84,0.0128062241993445,-0.011441929874429957,-88.6873737068162
22.85,0.0126921754001216,-0.011367591652292513,-84.5295143229405
22.86,0.0125788769807413,-0.011291869425179991,-80.53763910899569
22.87,0.0124663423180033,-0.011214856248640886,-76.97840278638407
22.88,0.0123545838734197,-0.011136638376281685,-73.7097843436164
22.89,0.0122436132913857,-0.011057297892592575,-70.27014419415299
22.9,0.0121334413729543,-0.010976921010154989,-67.18354882246133
22.91,0.0120240780613912,-0.010895588090957474,-64.50201750668099
22.92,0.0119155325546823,-0.010813372170580737,-61.842211771523246
22.9299999999999,0.0118078133161246,-0.01073034649416338,-58.99649027439862
22.94,0.0117009280712912,-0.01064658815659343,-56.66055613117346
22.95,0.011594883773562,-0.010562164477889121,-54.63589937966458
22.96,0.0114896867929727,-0.0104771367850783,-52.27638907609585
22.97,0.0113853428269233,-0.010391572832875857,-50.07892719761435
22.98,0.011281856912391,-0.010305537225020062,-48.28592954690481
22.99,0.0111792334688535,-0.010219086082242462,-46.655252029982975
23.0,0.0110774763954167,-0.010132272464113303,-44.44780061897308
23.01,0.010976589020998,-0.010045159949508418,-42.8408896215669
23.02,0.0108765740252406,-0.009957799961134986,-41.6314055594194
23.03,0.0107774337013857,-0.00987023542187741,-40.09039665675162
23.04,0.0106791698338545,-0.009782515299857622,-38.350892242952646
23.05,0.0105817837405345,-0.009694692360347448,-36.7693159170329
23.0599999999999,0.0104852761744139,-0.00960681497515829,-35.911628697484
23.07,0.0103896475091026,-0.00951891681251673,-34.814647506889884
23.08,0.0102948977794183,-0.009431035372059254,-33.36864983097316
23.09,0.0102010265980717,-0.009343214927330834,-31.74187890024868
23.1,0.0101080331308138,-0.009255501828352554,-31.03308565600309
23.11,0.0100159161115463,-0.009167924089902415,-30.387301942768385
23.12,0.0099246741066174,-0.009080507716980869,-29.166669840265573
23.13,0.0098343052952888,-0.008993289334672505,-27.586001891742825
23.14,0.0097448075267915,-0.008906311167548316,-26.90917273205756
23.15,0.0096561781930998,-0.008819597628122598,-26.585323137494147
23.16,0.0095684146292112,-0.00873316603782915,-25.527984918302632
23.17,0.0094815138300211,-0.008647046478267483,-24.121238991864317
23.1799999999999,0.0093954725467014,-0.008561274604015743,-23.414880519138297
23.19,0.0093102871104135,-0.008475872290539992,-23.258661739614887
23.2,0.0092259538248323,-0.008390851348276688,-22.320481213983605
23.21,0.0091424687299331,-0.008306236170138348,-21.289678233602356
23.22,0.0090598276646514,-0.008222052691440726,-20.411582553486788
23.23,0.0089780261693829,-0.008138322710648276,-20.202514287288516
23.24,0.0088970596634036,-0.00805505633373497,-19.656172045123625
23.25,0.0088169234452285,-0.007972268483188272,-18.778886750171548
23.26,0.0087376126314644,-0.007889979336585093,-17.77746599658022
23.27,0.0086591221318519,-0.007808209801893311,-17.53951801943396
23.28,0.008581446676781,-0.00772696800090082,-17.29730661088082
23.29,0.0085045809839885,-0.007646261563590071,-16.548687890024468
23.3,0.0084285196086653,-0.0075661057497799795,-15.46549727412869
23.3099999999999,0.0083532569745571,-0.0074865198874216055,-15.183255373888274
23.32,0.0082787872913034,-0.007407510517864182,-15.17354065191252
23.33,0.0082051048315839,-0.007329079789406681,-14.547989510779592
23.34,0.0081322037270234,-0.007251238704459977,-13.289986696360993
23.35,0.0080600780350459,-0.007174006255375078,-13.04664196385493
23.36,0.0079887215635346,-0.007097386320234981,-13.37302565307073
23.37,0.0079181282743185,-0.007021374994241687,-12.48943094160002
23.38,0.0078482919996324,-0.0069459834348416325,-12.29601834453499
23.39,0.0077792065231373,-0.006871215202586629,-10.83549081341903
23.4,0.007710865566266,-0.006797088091200866,-10.84142765592644
23.41,0.0076432626316977,-0.006723600700432489,-11.358806603796975
23.42,0.0075763914390597,-0.0066507453016149565,-10.417398200087446
23.4299999999999,0.0075102455895388,-0.006578531174428359,-10.123481674787628
23.44,0.0074448186651886,-0.006506961190117534,-8.769822428412965
23.45,0.0073801041816603,-0.006436048650681675,-8.967767093035999
23.46,0.0073160955188458,-0.00636578851198001,-9.397139999163025
23.47,0.0072527862568782,-0.006296173075843349,-8.545961776807804
23.48,0.0071901698883694,-0.006227208509523339,-8.082886370971472
23.49,0.0071282399069503,-0.00615889755243504,-7.061142774782399
23.5,0.0070669897405654,-0.006091247311241664,-7.3428426024668
23.51,0.0070064127807384,-0.0060242509977650165,-7.487347842598121
23.52,0.0069465025560232,-0.005957903058651683,-6.860373941264745
23.53,0.0068872525503445,-0.005892205769197514,-6.2401001450728595
23.54,0.0068286562644524,-0.005827161528147544,-5.55458178358439
23.55,0.0067707071404757,-0.005762772260602491,-5.8796879385664385
23.5599999999999,0.0067133986604505,-0.005699030233274142,-5.752878033281785
23.57,0.0066567243896016,-0.00563593162359086,-5.368207990523287
23.58,0.0066006778854525,-0.005573475360148351,-4.56767670881628
23.59,0.0065452527353226,-0.005511663793952472,-4.157476271345149
23.6,0.0064904424694363,-0.005450495136826715,-4.57766102515369
23.61,0.0064362407167463,-0.0053899605610783,-4.215836504798778
23.62,0.0063826411532613,-0.005330057410410791,-4.046536401016041
23.63,0.006329637473252,-0.00527078217073665,-3.0108655560913276
23.64,0.0062772234107312,-0.00521213760665251,-2.8805243659318944
23.65,0.0062253926369939,-0.005154118920465867,-3.4432263239619827
23.66,0.0061741389759948,-0.005096716177725876,-2.819124960809394
23.67,0.0061234562658167,-0.005039927946094168,-2.776894015537165
23.6799999999999,0.0060733383826407,-0.004983749370014969,-1.6988745234293003
23.69,0.0060237792436924,-0.004928182208606659,-1.7585895736630615
23.7,0.0059747727234022,-0.004873219972660039,-2.3088883566873393
23.71,0.0059263128569415,-0.004818852994754983,-1.6096048966537542
23.72,0.0058783936853527,-0.0047650797205592045,-1.5309089382283951
23.73,0.005831009298667,-0.004711895187843365,-0.6669533120617135
23.74,0.0057841538236733,-0.00465929878994664,-0.7854898038854385
23.75,0.0057378213860475,-0.0046072836250641595,-1.144740490845584
23.76,0.0056920062391903,-0.004555841425274982,-0.6045900418694324
23.77,0.0056467026578107,-0.004504969245769982,-0.40751642539492494
23.78,0.0056019049688119,-0.004454662523660033,0.24416402125366685
23.79,0.0055576075325127,-0.004404918819617522,0.061350303911874876
23.8,0.0055138047396455,-0.004355730967114108,-0.12930356224807854
23.8099999999999,0.0054704910828336,-0.004307091818609987,0.26757028221791
23.82,0.0054276610874328,-0.0042589974298992035,0.5132176203871226
23.83,0.0053853093330443,-0.0042114433105333495,1.0592312249736477
23.84,0.005343430432919,-0.004164426153224975,0.8269104779240184
23.85,0.0053020190439872,-0.0041179387482466676,0.6946400273011011
23.86,0.005261069913363,-0.004071974427414988,1.0105290874713735
23.87,0.0052205778263859,-0.004026528784019155,1.291678051535839
23.88,0.0051805376233984,-0.0039815974139983425,1.725589741414143
23.89,0.0051409441783527,-0.003937176348192518,1.4514091626250327
23.9,0.0051017924187772,-0.0038932584846366634,1.381557537887852
23.91,0.0050630773511994,-0.003849837656851691,1.617489740896929
23.92,0.0050247940243284,-0.003806909159533377,1.9126820131020112
23.9299999999999,0.0049869375415845,-0.0037644686332650454,2.2179436918235527
23.94,0.004949503041002,-0.0037225115843441932,1.9289839130909228
23.95,0.00491248572058,-0.003681031208802466,1.9220177919044787
23.96,0.0048758808464137,-0.003640021837321616,2.0675663004465257
23.97,0.0048396837299344,-0.0035994785562550036,2.3586836537392966
23.98,0.0048038897363158,-0.0035593970432116605,2.541901300724609
23.99,0.0047684942665474,-0.0035197724832041876,2.246772391690399
24.0,0.0047334927845031,-0.0034805984365958416,2.283641596792474
24.01,0.0046988808134173,-0.0034418696507275068,2.3414574508643233
24.02,0.0046646539236665,-0.00340358112466919,2.612275059264646
24.03,0.0046308077379419,-0.003365728584389147,2.686009535069522
24.04,0.0045973379156602,-0.003328307073417472,2.382816034132995
24.05,0.0045642401794936,-0.003291310526741726,2.440537042335631
24.0599999999999,0.0045315103048902,-0.0032547340321658833,2.4167514764281126
24.07,0.0044991441149909,-0.003218572608414106,2.6518262251995477
24.08,0.0044671374834985,-0.003182822046020003,2.627119743964097
24.09,0.0044354863213697,-0.0031474773819067,2.311087738818467
24.1,0.004404186601443,-0.0031125329213616414,2.3677253942519454
24.11,0.0043732343443757,-0.003077984037141621,2.26526613210783
24.12,0.0043426256181099,-0.0030438258439908546,2.4593814008261674
24.13,0.0043123565391619,-0.0030100542412566603,2.3533017207694877
24.14,0.0042824232610115,-0.002976664378666649,2.0175498510488166
24.15,0.0042528219965393,-0.0029436509194041478,2.04884149667114
24.16,0.0042235490025691,-0.0029110094812883616,1.9247001935373178
24.17,0.0041946005819512,-0.002878735465035013,2.0917764991348524
24.1799999999999,0.0041659730820613,-0.0028468249365307943,1.7919822389128868
24.19,0.0041376628882811,-0.0028152729238433783,1.3482201852787683
24.2,0.004109666445592,-0.0027840742006466873,1.0457866104087723
24.21,0.004081980241058,-0.0027532241319916414,2.062405743355142
24.22,0.0040546008083541,-0.0027227208381141303,1.559613095157648
24.23,0.0040275246862169,-0.0026925591701649973,0.18395451379666294
24.24,0.0040007485074369,-0.0026627323440425402,0.3947978254092848
24.25,0.0039742689341402,-0.0026332369281174945,1.0197006936276967
24.26,0.0039480826730256,-0.0026040704685116427,0.9874308186235011
24.27,0.0039221864423006,-0.002575229059807517,-0.45777773085452905
24.28,0.0038965770289415,-0.0025467062499866695,-0.7975309307778518
24.29,0.0038712512686443,-0.0025184977836091756,-0.2600006980772352
24.3,0.0038462060337736,-0.002490601208938324,0.2690756964535076
24.3099999999999,0.0038214382149905,-0.0024630138989799764,-1.215631237763915
24.32,0.0037969447447837,-0.002435729779313364,-2.2139654865200162
24.33,0.0037727226246027,-0.0024087437526816827,-1.8182693522304054
24.34,0.0037487688841888,-0.002382053287068326,-0.7749826254400681
24.35,0.0037250805805531,-0.0023556567928683238,-2.152187466372724
24.36,0.0037016547868351,-0.0023295487951099664,-3.836335192507961
24.37,0.0036784886609173,-0.00230372350196419,-3.616022540655766
24.38,0.0036555793825156,-0.0022781782772241703,-2.142948932595025
24.39,0.0036329241662328,-0.0022529122955891466,-3.377052736577355
24.4,0.003610520222626,-0.002227920684279193,-5.716580733717348
24.41,0.0035883648572712,-0.002203197177486657,-5.541521220673273
24.42,0.0035664553929363,-0.0021787392479666787,-3.8214711319249894
24.4299999999999,0.0035447891900136,-0.00215454648871664,-4.813349560862307
24.44,0.0035233635943212,-0.002130614688777507,-7.894942578808522
24.45,0.0035021760469964,-0.0021069371374091645,-7.4166413765276635
24.46,0.003481224011452,-0.0020835116410166635,-8.22533890609178
24.47,0.0034605049835491,-0.0020603349700433586,-5.737378021450068
24.48,0.0034400164836648,-0.0020374075102499866,-8.071559086278997
24.49,0.003419756021104,-0.00201472386404747,-11.486293056435182
24.5,0.0033997212131212,-0.001992277581333348,-10.605631997929523
24.51,0.003379909682886,-0.001970067237072488,-10.371856438807722
24.52,0.0033603190876808,-0.001948091071075843,-9.002548060500844
24.53,0.0033409470860295,-0.0019263481523208582,-12.498076763656705
24.54,0.0033217913667983,-0.0019048324255783238,-14.61893247474802
24.55,0.0033028496941045,-0.0018835393631883197,-14.757639246116433
24.5599999999999,0.0032841198433502,-0.0018624668691683513,-12.526331485925454
24.57,0.0032655996220273,-0.0018416152109341556,-13.36212772911248
24.58,0.0032472868144809,-0.0018209813762366815,-18.05140541518078
24.59,0.0032291792884622,-0.0018005588405100045,-17.94221054189517
24.6,0.0032112749399778,-0.0017803455791983232,-19.125565605885594
24.61,0.0031935716868637,-0.0017603389492258257,-15.937712861348361
24.62,0.0031760674711967,-0.0017405399172791642,-18.812106127229658
24.63,0.0031587602121205,-0.001720944002079163,-23.719631507223276
24.64,0.0031416479321057,-0.0017015451773558306,-22.49477831829356
24.65,0.0031247286543852,-0.0016823426565899947,-23.165545079800648
24.66,0.003108000430597,-0.0016633345206599906,-21.384609242884846
24.67,0.0030914613188417,-0.001644520470599173,-25.37384526888785
24.6799999999999,0.0030751093902369,-0.0016258956542333557,-28.76678633787139
24.69,0.0030589427879763,-0.001607455794101674,-28.83576384463711
24.7,0.0030429596621818,-0.0015891994184499818,-27.44922943084591
24.71,0.0030271581896931,-0.0015711262531908172,-27.9740695304123
24.72,0.0030115365341853,-0.0015532343693008223,-33.29094646658548
24.73,0.0029960929143872,-0.0015355185279449942,-34.386878845010244
24.74,0.0029808255840507,-0.0015179764651525153,-36.115031217886646
24.75,0.0029657328119697,-0.0015006059692483295,-32.405055266644865
24.76,0.0029508128906636,-0.0014834082636233207,-35.86021682554642
24.77,0.0029360640836002,-0.001466379713659141,-42.4253428584657
24.78,0.0029214847487295,-0.0014495148710941712,-41.123296840880286
24.79,0.002907073242136,-0.0014328132989991644,-42.61235408457075
24.8,0.0028928279434813,-0.0014162732989300225,-39.54926334639161
24.8099999999999,0.0028787472374945,-0.0013998955392108474,-45.460631708352594
24.82,0.0028648295074691,-0.0013836753318766488,-51.197706350607085
24.83,0.0028510732187437,-0.0013676082613583085,-49.66616995659414
24.84,0.0028374768333001,-0.001351694087907512,-54.1864652892021
24.85,0.0028240388355055,-0.0013359297776191768,-48.04060547243839
24.86,0.0028107577321124,-0.001320317810187487,-51.409305012843014
24.87,0.0027976319825564,-0.0013048553256533276,-62.278863337030515
24.88,0.0027846601469298,-0.0012895357071725161,-60.652448134695746
24.89,0.0027718407931231,-0.001274358784664162,-63.39991356305138
24.9,0.0027591725015067,-0.0012593226219149837,-64.06539109680654
24.91,0.0027466538733313,-0.0012444264531433526,-59.14766136438601
24.92,0.0027342835032252,-0.0012296718705116835,-68.4199708644601
24.9299999999999,0.0027220599812483,-0.0012150536199424793,-76.43682642181611
24.94,0.0027099819893041,-0.0012005672216333207,-73.62257880506026
24.95,0.0026980481963556,-0.001186213230129199,-79.5519565359452
24.96,0.0026862572906796,-0.0011719888687466559,-72.03470150664523
24.97,0.0026746079798678,-0.0011578969298958164,-77.14582213248309
24.98,0.0026630989216513,-0.0011439345193241673,-90.3587196035609
24.99,0.0026517288757167,-0.0011300954896758314,-87.85097490635009
25.0,0.0026404965997897,-0.0011163802459858451,-91.85333898428644
25.01,0.0026294008637361,-0.0011027869655083414,-92.77318994376233
25.02,0.0026184404553248,-0.0010893151136974963,-89.44688491635016
25.03,0.0026076141558585,-0.0010759655747516741,-99.612504338581
25.04,0.0025969207504126,-0.0010627339661091677,-107.65593542437884
25.05,0.0025863590934087,-0.0010496168567250106,-106.19689026807384
25.0599999999999,0.0025759280316595,-0.0010366144351899942,-113.03726348880457
25.07,0.0025656264286407,-0.0010237243426441727,-105.851009604669
25.08,0.0025554531644914,-0.0010109489626174682,-112.75694276199711
25.09,0.0025454070771812,-0.0009982855400033392,-127.07996984925038
25.1,0.0025354870954976,-0.000985728923982496,-124.65566579777236
25.11,0.0025256921414907,-0.0009732796567566825,-130.5125920940524
25.12,0.0025160211498453,-0.0009609359319308407,-130.79906246857064
25.13,0.0025064730707736,-0.000948697792298347,-127.99961272456142
25.14,0.0024970468415925,-0.000936566017905827,-142.0263803225155
25.15,0.0024877414105441,-0.000924536026298303,-151.19681668596505
25.16,0.002478555790158,-0.0009126048932916672,-149.86221452852405
25.17,0.0024694889824534,-0.0009007730371016708,-156.698869708334
25.1799999999999,0.0024605400040619,-0.0008890386395066664,-160.77997368150463
25.19,0.0024517078862275,-0.0008774009057216551,-151.12074161450528
25.2,0.0024429916570916,-0.0008658627199316501,-167.05664387451395
25.21,0.0024343903153776,-0.0008544195071916642,-184.33602677456528
25.22,0.0024259029636545,-0.0008430665297592,-178.75196936990363
25.23,0.0024175286795937,-0.0008318054291325159,-186.49578350218584
25.24,0.0024092665543915,-0.0008206345048033191,-195.63957382992973
25.25,0.0024011156927695,-0.0008095519493608315,-180.14596532068597
25.26,0.0023930752096373,-0.0007985621206683165,-196.10102658610882
25.27,0.0023851441554834,-0.0007876610135633147,-221.16571207556328
25.28,0.0023773217105829,-0.000776842563495022,-212.35243924170763
25.29,0.0023696070219619,-0.0007661091696391968,-221.4119806295762
25.3,0.0023619992490847,-0.0007554592074074812,-231.49382164564344
25.3099999999999,0.0023544975638545,-0.0007448909211908233,-221.39254158654614
25.32,0.0023471011506126,-0.0007344072563891874,-231.44154611340866
25.33,0.002339809144728,-0.0007240061920758389,-256.34180743228126
25.34,0.0023326207668394,-0.0007136824232058328,-255.11295296927844
25.35,0.002325535236718,-0.0007034366210175015,-261.60711140115086
25.36,0.0023185517773173,-0.0006932680185191594,-272.105428803715
25.37,0.0023116696230733,-0.0006831750806408296,-269.64354325839713
25.38,0.0023048880199041,-0.000673159101828345,-273.6738385188951
25.39,0.0022982061870893,-0.0006632197826508408,-296.55058195948453
25.4,0.0022916233816647,-0.0006533528827574802,-304.6165674398413
25.41,0.0022851388910762,-0.0006435573256458418,-308.27320735488814
25.42,0.0022787519977302,-0.0006338331258191678,-319.6287866125788
25.4299999999999,0.0022724619946908,-0.0006241788994574935,-323.4685885604048
25.44,0.0022662681856798,-0.0006145948430383608,-322.6775408385175
25.45,0.0022601698626079,-0.0006050818876391819,-344.6524468977897
25.46,0.0022541663222316,-0.0005956365075091609,-360.7090499093187
25.47,0.0022482569136219,-0.0005862564247308415,-362.1926431231486
25.48,0.0022424409746929,-0.0005769422307150057,-374.40300212789913
25.49,0.002236717853266,-0.0005676926936366599,-384.42863155835823
25.5,0.0022310869070702,-0.0005585070759883385,-383.05582621826574
25.51,0.0022255474958767,-0.0005493866325599914,-400.6339105668401
25.52,0.0022200989646971,-0.0005403291526433272,-420.63259976963104
25.53,0.0022147407101884,-0.0005313321020758324,-423.34293739383247
25.54,0.002209472119881,-0.000522396028097491,-435.86031643636375
25.55,0.002204292589597,-0.0005135199610908466,-447.21061015413494
25.5599999999999,0.0021992015233376,-0.000504703088698354,-458.70168702740756
25.57,0.0021941983331721,-0.0004959446257658232,-471.33107371337593
25.58,0.0021892824391256,-0.00048724365105666826,-483.3169170960566
25.59,0.0021844532709929,-0.00047859940932415965,-494.8970523009144
25.6,0.0021797102640308,-0.0004700112599366704,-507.8827845303002
25.61,0.0021750528615326,-0.00046147838413582555,-520.781630939958
25.62,0.0021704805146356,-0.0004530000178941519,-533.8615479579079
25.63,0.0021659926819276,-0.00044457542397500675,-546.8044761594871
25.64,0.0021615888293381,-0.00043620391638751017,-561.9274513662195
25.65,0.0021572684300296,-0.00042788448961666585,-578.7079117094614
25.66,0.0021530309694181,-0.00041961597660501466,-589.2397664233149
25.67,0.0021488759413216,-0.00041139824700498655,-601.8996227675827
25.6799999999999,0.0021448028368667,-0.00040323088146499456,-619.0851333214952
25.69,0.002140811159259,-0.0003951128027308422,-633.5898876346794
25.7,0.0021369004186931,-0.0003870433581675087,-648.8067427315466
25.71,0.0021330701322605,-0.00037902186511832485,-663.4459463828879
25.72,0.0021293198238588,-0.00037104771796913895,-684.1496962213449
25.73,0.0021256490243988,-0.0003631194875908304,-697.8444405208686
25.74,0.0021220572819558,-0.00035523686707416316,-709.8197140667572
25.75,0.0021185441355474,-0.0003473998299258367,-729.880123692293
25.76,0.0021151091370965,-0.00033960721774417416,-746.0453633824397
25.77,0.0021117518451155,-0.0003318584273816487,-763.0493298206343
25.78,0.0021084718246299,-0.00032415281142499596,-779.9834634143964
25.79,0.0021052686471004,-0.00031648975595417175,-798.647097581509
25.8,0.0021021418903467,-0.00030886843117668427,-816.7812284065551
25.8099999999999,0.0020990911415644,-0.00030128813968082315,-832.9102518150629
25.82,0.0020961159920831,-0.0002937485174125072,-851.0390539630317
25.83,0.0020932160377533,-0.0002862489470950204,-869.9217033961207
25.84,0.0020903908819474,-0.0002787887224224869,-888.243463571041
25.85,0.0020876401341302,-0.0002713672489724822,-906.8042275135422
25.86,0.002084963409789,-0.0002639839341649885,-925.6372857230783
25.87,0.0020823603303628,-0.00025663816136251016,-945.8822813475467
25.88,0.002079830523908,-0.000249329142502514,-964.0129274937777
25.89,0.0020773736264457,-0.00024205644054583266,-982.1792385231213
25.9,0.0020749892755525,-0.00023481963638166624,-1002.4697352023567
25.91,0.0020726771163843,-0.00022761801601747775,-1021.6957117789734
25.92,0.0020704367997826,-0.00022045102943249245,-1041.1818238743406
25.9299999999999,0.0020682679822086,-0.0002133181178758566,-1060.3562118126738
25.94,0.0020661703256788,-0.00020621876626666333,-1081.742644094357
25.95,0.002064143497699,-0.00019915212558166287,-1101.0263039682138
25.96,0.0020621871756578,-0.00019211770672751915,-1118.7986719423661
25.97,0.0020603010371104,-0.00018511527305583594,-1139.2972075605462
25.98,0.0020584847657773,-0.00017814415789582563,-1159.019468194073
25.99,0.0020567380514217,-0.00017120379520750356,-1178.5037782386657
26.0,0.0020550605890957,-0.00016429366478667027,-1197.654020563107
26.01,0.0020534520790825,-0.00015741328392583197,-1218.227685602835
26.02,0.0020519122268381,-0.00015056187708916463,-1239.2348431916537
26.03,0.002050440747432,-0.0001437385921308331,-1255.3045119259475
26.04,0.0020490373611424,-0.00013694350247252067,-1273.1789292922756
26.05,0.0020477017845726,-0.00013017632792666436,-1293.7523773984715
26.0599999999999,0.0020464337442596,-0.00012343620893500262,-1311.897846582692
26.07,0.0020452329717208,-0.00011672269097333507,-1330.1325147673247
26.08,0.0020440992034002,-0.00011003528409665225,-1348.0749610452813
26.09,0.0020430321806142,-0.00010337350372083291,-1365.7177602043648
26.1,0.0020420316494984,-9.673687066001288e-05,-1382.9692535774723
26.11,0.0020410973609529,-9.012492817166354e-05,-1399.5881342492335
26.12,0.002040229070589,-8.353722411998429e-05,-1420.5459132373487
26.13,0.0020394265407196,-7.697197915085159e-05,-1433.5958765494975
26.14,0.0020386895545264,-7.042965165168057e-05,-1445.8242344196963
26.15,0.0020380178699502,-6.391089389997625e-05,-1464.442128303185
26.16,0.002037411262632,-5.741423167417636e-05,-1478.6517420793562
26.17,0.0020368695128324,-5.093931397085322e-05,-1492.9065614136318
26.1799999999999,0.0020363924053849,-4.44856858091802e-05,-1506.596237360807
26.19,0.0020359797296499,-3.805289677414822e-05,-1519.7200339825094
26.2,0.0020356312794691,-3.164050106497166e-05,-1532.2644497602562
26.21,0.0020353468531189,-2.524805749835185e-05,-1544.0026423837699
26.22,0.0020351262532647,-1.8875279387490368e-05,-1556.176998519874
26.23,0.0020349692869145,-1.2520492900809673e-05,-1566.3111912121112
26.24,0.0020348757833604,-6.1835963424987025e-06,-1575.4952268988345
26.25,0.0020348455530326,1.3448909582924423e-07,-1585.1144351309895
26.26,0.0020348784137706,6.434788830836195e-06,-1593.5980058342764
26.27,0.0020349741915046,1.2717928983313649e-05,-1601.346460843006
26.28,0.0020351327164767,1.8984307694174928e-05,-1608.3512321685369
26.29,0.0020353538232034,2.523435050667229e-05,-1614.598522661157
26.3,0.0020356373504377,3.1468479201663225e-05,-1620.0677433156145
26.3099999999999,0.0020359831411318,3.76871118358322e-05,-1624.9956123255045
26.32,0.0020363910423997,4.3890595239144136e-05,-1627.8631873856707
26.33,0.0020368609054791,5.007983119919184e-05,-1629.57285740534
26.34,0.0020373925937874,5.6255660110005715e-05,-1634.2006564153537
26.35,0.0020379859724895,6.241755256915242e-05,-1636.37711780964
26.36,0.0020386408992697,6.856567786333394e-05,-1635.4668144707068
26.37,0.0020393572430292,7.470095752333091e-05,-1635.5780115155487
26.38,0.0020401348767614,8.082374006834585e-05,-1634.5876220983803
26.39,0.0020409736775203,8.69344300441622e-05,-1632.81402806586
26.4,0.0020418735263903,9.303342893915304e-05,-1630.2451314380185
26.41,0.0020428343084551,9.91211351550076e-05,-1627.0036647335355
26.42,0.0020438559127671,0.00010519792755166845,-1622.9924890842462
26.4299999999999,0.0020449382323161,0.00011126423978001553,-1613.3798495979515
26.44,0.0020460811659721,0.00011732124017998176,-1611.1561454561947
26.45,0.0020472846253215,0.00012336870768499207,-1608.5779988912668
26.46,0.0020485485079887,0.0001294063852191646,-1597.4432294790058
26.47,0.0020498727235267,0.00013543528013168393,-1590.2359000099314
26.48,0.0020512571853874,0.00014145571429500131,-1581.6430083719683
26.49,0.0020527018108953,0.00014746807369665137,-1572.4131814659577
26.5,0.0020542065212221,0.00015347274176003055,-1562.5386463704403
26.51,0.0020557712413607,0.00015947009931250003,-1551.9893603451403
26.52,0.0020573959000994,0.00016546052460750322,-1542.06368536501
26.53,0.0020590804299962,0.0001714443060608194,-1523.984105847962
26.54,0.0020608247673532,0.0001774225483516692,-1513.8701980026656
26.55,0.0020626288626638,0.00018339535940749637,-1507.5305223981238
26.5599999999999,0.002064492655638,0.00018936236591916627,-1490.2709906681864
26.57,0.0020664160931457,0.0001953243501249975,-1476.1375783155115
26.58,0.0020683991272981,0.000201281744442496,-1461.984797206726
26.59,0.0020704417139296,0.00020723490763085387,-1447.2452296077083
26.6,0.0020725438125761,0.00021318420878582264,-1432.1108298729837
26.61,0.002074705386454,0.00021913001489830898,-1416.560813957988
26.62,0.002076926402439,0.0002250726908433304,-1401.5549516429855
26.63,0.002079206831045,0.00023101254660251347,-1381.3101372984554
26.64,0.0020815466464029,0.00023695034069668683,-1362.1689313302634
26.65,0.0020839458325729,0.00024288665563667678,-1352.561037791105
26.66,0.0020864043737786,0.00024882118322083123,-1336.1759019052538
26.67,0.0020889222513742,0.0002547541977941608,-1315.344554060282
26.6799999999999,0.0020914994548268,0.0002606863776449866,-1298.4520939317586
26.69,0.0020941359772232,0.0002666180466008366,-1280.7084080765958
26.7,0.0020968318152532,0.0002725495641441706,-1262.8404908781029
26.71,0.0020995869691933,0.0002784812881299885,-1244.8207717624614
26.72,0.0021024014428903,0.00028441357474167094,-1227.1328083832177
26.73,0.0021052752437444,0.00029034675190501576,-1208.2165861049589
26.74,0.002108208382693,0.0002962812917825122,-1179.5820173013014
26.75,0.0021112008773863,0.00030221836540334814,-1170.8907398955416
26.76,0.0021142527570116,0.00030815752992749906,-1160.374238411793
26.77,0.0021173640344448,0.0003140984670099979,-1132.7971357329588
26.78,0.0021205347355697,0.00032004224848167765,-1115.9335099643963
26.79,0.0021237648898099,0.0003259891488183183,-1097.4868412287085
26.8,0.0021270545301146,0.0003319395199341676,-1079.1511728671321
26.8099999999999,0.0021304036929458,0.0003378937124375015,-1060.8762071368965
26.82,0.0021338124182648,0.00034385207559749757,-1042.6769030995936
26.83,0.002137280749519,0.00034981495735500153,-1024.5578514930971
26.84,0.0021408087336285,0.00035578270431249094,-1006.6176376696005
26.85,0.0021443964209728,0.0003617556507516676,-991.021177508874
26.86,0.0021480438653777,0.00036773406107333745,-954.1330718584844
26.87,0.0021517511254224,0.00037371973288915486,-949.4653817173976
26.88,0.0021555182818965,0.0003797119948658581,-947.469930719692
26.89,0.0021593453851765,0.0003857099313225048,-914.6541462545914
26.9,0.0021632325040266,0.0003917150430649872,-899.9230088562072
26.91,0.0021671797107045,0.0003977275549700016,-882.7271347031702
26.92,0.0021711870809527,0.000403747815034158,-865.8214585497901
26.9299999999999,0.0021752546939889,0.00040977617036251217,-849.1051245832004
26.94,0.0021793826324977,0.00041581296716666164,-832.5849633638041
26.95,0.002183570982621,0.0004218585507483125,-816.2665264507208
26.96,0.0021878198339495,0.0004279132655325174,-800.0009592679778
26.97,0.0021921292795135,0.000433977455020849,-787.5704702563125
26.98,0.0021964994157738,0.00044005128643999635,-752.752862654287
26.99,0.0022009303426129,0.000446136601038319,-746.9644274272986
27.0,0.0022054221843719,0.00045223297016917335,-749.0564778296707
27.01,0.0022099750361737,0.00045833930052167557,-720.4764296454966
27.02,0.0022145890078399,0.0004644569614716624,-706.4407828667883
27.03,0.0022192642142943,0.0004705863031633204,-691.9370457880999
27.04,0.0022240007739601,0.00047672766200917,-677.4944161997164
27.05,0.0022287988087557,0.0004828813872966866,-663.2952965520755
27.0599999999999,0.00223365844409,0.0004890478278475037,-649.3290880072701
27.07,0.0022385798088579,0.0004952273320483487,-635.5967003996283
27.08,0.002243563035436,0.0005014202478333199,-621.9935455912648
27.09,0.0022486082596779,0.0005076269226933119,-611.045937341073
27.1,0.00225371562091,0.0005138475772883348,-585.7015680655218
27.11,0.0022588852619267,0.000520083606363331,-576.10942654365
27.12,0.0022641173441518,0.0005263350821016731,-577.2337499836451
27.13,0.0022694120128487,0.0005326011449249947,-558.528562793274
27.14,0.0022747694184338,0.0005388826361208282,-544.3152456851616
27.15,0.0022801897187917,0.000545180126119147,-532.8865967226833
27.16,0.0022856730753613,0.0005514939376600027,-521.1292568137278
27.17,0.0022912196531344,0.0005578244260574881,-509.6218111355225
27.1799999999999,0.0022968296206562,0.0005641719465916699,-498.33750675560196
27.19,0.002302503150024,0.0005705368544616827,-487.2737796102384
27.2,0.0023082404168871,0.0005769195048383167,-476.3622437724707
27.21,0.0023140416004462,0.000583320252854993,-467.1754784548844
27.22,0.0023199068834532,0.0005897393656324847,-449.5350887656643
27.23,0.0023258364522102,0.0005961778939791431,-438.220946562481
27.24,0.0023318305071232,0.0006026362932991688,-438.786161431997
27.25,0.0023378892425287,0.0006091139008824911,-427.56060232310205
27.26,0.0023440128508053,0.0006156111611174983,-414.19241175084096
27.27,0.0023502015335611,0.0006221288108950193,-405.4767029662981
27.28,0.0023564554960483,0.0006286671681500012,-396.1951072045659
27.29,0.0023627749471653,0.0006352265977133128,-387.14122461239816
27.3,0.0023691600994609,0.0006418074647274984,-378.27961515129124
27.3099999999999,0.0023756111691363,0.0006484101346216681,-369.6068131946239
27.32,0.002382128376049,0.0006550349731691367,-361.0775859592477
27.33,0.0023887119437155,0.0006616823464074939,-353.6850483268573
27.34,0.0023953620993142,0.0006683525565566711,-341.4728549483505
27.35,0.002402079073689,0.000675046437286665,-329.4304156975638
27.36,0.0024088631090502,0.0006817647798866668,-330.56917776407283
27.37,0.0024157144491291,0.0006885069937099898,-324.8059058685506
27.38,0.0024226333292486,0.0006952732032608315,-312.2917512120746
27.39,0.002429619996031,0.0007020643264683253,-305.87117163854333
27.4,0.0024366746998741,0.0007088806784083336,-298.6753972249682
27.41,0.0024437976949569,0.0007157226375566698,-291.6781741383026
27.42,0.0024509892392468,0.000722590583066676,-284.8376732351161
27.4299999999999,0.0024582495945058,0.000729484894733325,-278.1505551524393
27.44,0.0024655790262973,0.0007364059530441495,-271.5886591702171
27.45,0.0024729778039929,0.0007433541391075069,-265.7164236339625
27.46,0.0024804462007783,0.0007503297907808227,-257.7323652005933
27.47,0.0024879844936609,0.0007573335555266637,-245.1577246723336
27.48,0.0024955929687476,0.0007643665815091821,-246.99162304685117
27.49,0.0025032719210841,0.0007714283051583502,-245.55322933924265
27.5,0.0025110216303828,0.0007785185277058406,-233.69310044151032
27.51,0.0025188423901235,0.0007856383775433331,-229.12985940309164
27.52,0.0025267344977381,0.000792788168537476,-223.60741672381732
27.53,0.0025346982546213,0.0007999682974791773,-218.2563621752028
27.54,0.0025427339661407,0.0008071791621516722,-213.02872264215782
27.55,0.0025508419416468,0.0008144211613925173,-207.92222625992045
27.5599999999999,0.0025590224944839,0.0008216946950700235,-202.91549255811145
27.57,0.0025672759419998,0.0008290001640508213,-198.36159392523788
27.58,0.0025756026055563,0.0008363379330108432,-193.74170486844628
27.59,0.0025840028105399,0.0008437085059141616,-176.2305157275474
27.6,0.0025924768908434,0.0008511140268241358,-183.2653022760935
27.61,0.0026010252035869,0.0008585532881458116,-188.73442067352502
27.62,0.0026096480667134,0.0008660252205075253,-172.93942806815832
27.63,0.0026183458229224,0.0008735318020608206,-170.59904417970685
27.64,0.0026271188190665,0.0008810732769683375,-166.3654900381313
27.65,0.0026359674061644,0.0008886500624591637,-162.3124020798002
27.66,0.0026448919394132,0.0008962625769908205,-158.35532656111658
27.67,0.0026538927782009,0.0009039112403175058,-154.49248455550955
27.6799999999999,0.0026629702861196,0.0009115964734533223,-150.7221160281329
27.69,0.0026721248309775,0.0009193186986350165,-147.04175373030446
27.7,0.0026813567848116,0.0009270783393958308,-143.44968251563995
27.71,0.0026906665239007,0.0009348758205341562,-139.9441571917496
27.72,0.0027000544287777,0.0009427115680866402,-136.41435056880394
27.73,0.0027095208842422,0.000950586009357514,-135.4281999718398
27.74,0.0027190662793732,0.0009584993160516953,-120.52083213286859
27.75,0.0027286910075418,0.0009664539351341704,-114.48971936894982
27.76,0.0027383954972483,0.0009744507571666526,-130.60957770783511
27.77,0.0027481801550269,0.0009824868882124926,-126.19434738528207
27.78,0.002758045368394,0.000990562837710839,-115.30246130090102
27.79,0.0027679915501219,0.0009986804622774935,-113.89312704322025
27.8,0.002778019117483,0.0010068400395975285,-110.97324852086888
27.8099999999999,0.0027881284922656,0.001015042022160849,-108.1903686340661
27.82,0.0027983201007919,0.001023286864149976,-105.47546489415492
27.83,0.0028085943739338,0.0010315750214116813,-102.82658559749964
27.84,0.0028189517471306,0.0010399069515375067,-100.2428912299745
27.85,0.0028293926604058,0.0010482831137558254,-97.72259368121286
27.86,0.0028399175583834,0.00105670396899415,-95.26419207338951
27.87,0.0028505268903055,0.0010651699799000157,-92.86668048154802
27.88,0.0028612211100489,0.0010736816107725323,-90.32219010861046
27.89,0.0028720006761418,0.0010822393276175076,-92.67355925116041
27.9,0.0028828660517811,0.001090843000479137,-64.49999584348402
27.91,0.002893817704849,0.0010994982972150284,-78.72243080225661
27.92,0.002904856179649,0.0011082023453441812,-98.60278288784882
27.9299999999999,0.0029159819034192,0.0011169508599783167,-76.0334199883903
27.94,0.0029271953589014,0.0011257484116750103,-76.72286194293277
27.95,0.0029384970356708,0.0011345951842491788,-74.6898499142409
27.96,0.0029498874282608,0.00114349165877751,-72.73068722875519
27.97,0.0029613670361845,0.001152438334371664,-70.82489759756322
27.98,0.0029729363639577,0.0011614357124366606,-68.96682113670911
27.99,0.0029845959211214,0.0011704842965791396,-67.15525260854653
28.0,0.0029963462222636,0.0011795845926399775,-65.38901746766065
28.01,0.0030081877870422,0.0011887371087300062,-63.66735474828239
28.02,0.0030201211402073,0.0011979423551766754,-61.98916133609745
28.03,0.0030321468116234,0.0012072008445491718,-60.29032515515885
28.04,0.003044265336292,0.0012165130916641747,-59.998219681550914
28.05,0.0030564772543739,0.0012258793906491708,-53.10256532419492
28.0599999999999,0.0030687831112116,0.001235301785879148,-41.96802383277033
28.07,0.0030811834841023,0.0012447831664183441,-56.91822747393022
28.08,0.0030936789598137,0.0012543198396966883,-61.2087594839186
28.09,0.0031062700632205,0.0012639106487658046,-48.72339165332723
28.1,0.0031189573633936,0.0012735589615658247,-49.25746755621409
28.11,0.0031317414348896,0.0012832650052333416,-47.8074865141952
28.12,0.0031446228577786,0.0012930293325291655,-46.476467920847234
28.13,0.0031576022176725,0.001302852499055851,-45.17972222569488
28.14,0.0031706801057533,0.001312735063187492,-43.9162953917084
28.15,0.0031838571188005,0.001322677586124169,-42.68548101081671
28.16,0.0031971338592201,0.0013326806318891965,-41.48668324489623
28.17,0.003210510935072,0.0013427447672975036,-40.31899852088391
28.1799999999999,0.0032239889600986,0.001352870562008319,-39.18206159370266
28.19,0.0032375685537528,0.0013630585884374987,-37.96161104611188
28.2,0.0032512503412255,0.0013733094218383389,-39.395992728342556
28.21,0.0032650349534747,0.001383623144134175,-24.807967937377928
28.22,0.0032789230272532,0.001394004511093341,-28.77584773182921
28.23,0.0032929152646783,0.0014044525613533224,-42.51729036274542
28.24,0.0033070122895231,0.001414963099681684,-33.58604819810212
28.25,0.0033212147442715,0.001425539022698327,-30.857006183476027
28.26,0.003335523292037,0.0014361816842216506,-30.42799942594525
28.27,0.0033499386020657,0.0014468915781108366,-29.48107017909508
28.28,0.0033644613497701,0.0014576693226966621,-28.584082549493623
28.29,0.003379092216763,0.0014685155397283144,-27.7111852890656
28.3,0.0033938318908918,0.0014794308543349918,-26.86181547028229
28.3099999999999,0.0034086810662719,0.0014904158950375043,-26.035498225876246
28.32,0.0034236404433211,0.0015014712937383326,-25.231680833779855
28.33,0.0034387107287929,0.0015125976857408604,-24.44980615156621
28.34,0.0034538926358112,0.0015237957097700044,-23.66699517955912
28.35,0.0034691868839038,0.00153506600787998,-23.327218361110283
28.36,0.0034845941990359,0.0015464091036833318,-22.218517316839492
28.37,0.0035001153136449,0.0015578261095200037,-9.477253171852889
28.38,0.003515750981298,0.001569322205672497,-20.383266504323707
28.39,0.0035315020088582,0.0015808935591949947,-28.81655542451455
28.4,0.0035473690960616,0.001592537036771686,-17.216046420895374
28.41,0.0035633530046503,0.0016042574906008364,-18.400453169653254
28.42,0.0035794545032222,0.0016160551483349926,-17.690476797843672
28.4299999999999,0.0035956743672709,0.0016279307015658459,-17.076889310795853
28.44,0.0036120133792262,0.0016398848459274777,-16.48065335600677
28.45,0.0036284723284944,0.001651918281104151,-15.901485426951616
28.46,0.0036450520114989,0.001664031710794185,-15.338985374788288
28.47,0.00366175323172,0.00167622584272418,-14.79272417619473
28.48,0.0036785767997357,0.0016885013886791505,-14.26245837963091
28.49,0.0036955235332619,0.001700859064456653,-13.747784371426006
28.5,0.0037125942571926,0.0017132995898900202,-13.178479294752298
28.51,0.0037297898036404,0.001725823688864162,-14.210595209437258
28.52,0.0037471110119769,0.0017384316201708254,-6.1154413270074865
28.53,0.0037645587288726,0.0017511278452058325,-4.697222068052707
28.54,0.0037821338646297,0.0017639135392474895,-16.00998539297036
28.55,0.0037998372834381,0.001776783637904988,-13.986467517051453
28.5599999999999,0.0038176698237912,0.001789739378851638,-9.186113038690856
28.57,0.003835632365616,0.0018027837803425372,-9.614062209258853
28.58,0.0038537257965907,0.0018159173388341424,-9.16169467849689
28.59,0.003871951012193,0.001829140836628324,-8.7604631494798
28.6,0.0038903089157471,0.0018424550607733555,-8.371538167268682
28.61,0.0039088004184718,0.001855860803122542,-7.994724246997904
28.62,0.0039274264395283,0.0018693588603024866,-7.629786660540713
28.63,0.0039461879060679,0.0018829500336999924,-7.276409895917698
28.64,0.0039650857532796,0.0018966351294933716,-6.934405962491318
28.65,0.0039841209244382,0.0019104149586207971,-6.603497523494461
28.66,0.0040032943709515,0.0019242903367958173,-6.170519675300797
28.67,0.0040226070524086,0.0019382620845199983,-8.399445124044673
28.6799999999999,0.0040420599366273,0.0019523300770782868,6.17809245837913
28.69,0.0040616539997022,0.001966503439757487,-2.9845145399347475
28.7,0.0040813903400509,0.0019807774119650415,-14.40398240961643
28.71,0.0041012698670265,0.001995145460719156,-2.5414875580007155
28.72,0.0041212935857859,0.0020096151906516856,-4.1439284363916755
28.73,0.0041414625102959,0.002024186757068353,-3.791493184314614
28.74,0.0041617776633279,0.0020388610427383284,-3.5273704973504536
28.75,0.0041822400765143,0.0020536389365616754,-3.272331788971664
28.76,0.0042028507904045,0.002068521333060799,-3.0261743981594833
28.77,0.0042236108545213,0.0020835091323558536,-2.788646295266033
28.78,0.0042445213274166,0.0020986032402074695,-2.5595744787371446
28.79,0.0042655832767284,0.002113804568010854,-2.3388464727407903
28.8,0.0042867977792364,0.0021291140327500016,-2.126197193685509
28.8099999999999,0.0043081659209184,0.002144532557053328,-1.8832695689150172
28.82,0.0043296887970066,0.002160061069160046,-2.4826488204673525
28.83,0.0043513675120436,0.0021757001044432913,1.121578889610624
28.84,0.0043732031799388,0.0021914534140108424,6.090505031702289
28.85,0.0043951969718428,0.0022073254289391975,-2.9903056525200906
28.86,0.0044173500657189,0.0022233100668708084,-5.438744774140702
28.87,0.0044396635468117,0.0022394059385482806,0.5827179802148837
28.88,0.0044621385716655,0.0022556184734858526,-0.27555267405307654
28.89,0.0044847763067898,0.0022719481598400086,-0.06316856276025791
28.9,0.0045075779287254,0.0022883960040316143,0.09753183903352178
28.91,0.0045305446241101,0.0023049630190291473,0.2517324656664802
28.92,0.0045536775897441,0.0023216502243641954,0.39961174336470723
28.9299999999999,0.0045769780326559,0.0023384586461650068,0.5412036846134609
28.94,0.0046004471701681,0.0023553893170783517,0.6767357361940464
28.95,0.0046240862299623,0.0023724432763450433,0.8063241853454322
28.96,0.0046478964501459,0.0023896215697907916,0.9300428951899451
28.97,0.0046718790793169,0.002406925249776688,1.093722892366225
28.98,0.00469603537663,0.002424355375234986,0.19585021856319243
28.99,0.0047203666118619,0.0024419124121083484,5.720561408125124
29.0,0.0047448740654777,0.0024596024548350108,3.924564669314609
29.01,0.0047695591006455,0.002477424850630015,-1.5717873538551475
29.02,0.0047944229923186,0.0024953752465708173,1.6478885462049755
29.03,0.0048194670445135,0.0025134574697641627,2.253072357401454
29.04,0.0048446925868332,0.0025316733453666636,2.1980526797175175
29.05,0.0048701009603906,0.0025500239104983124,2.310986190470195
29.0599999999999,0.0048956935178914,0.002568510328702539,2.4110226048226258
29.07,0.0049214716237193,0.0025871337719033305,2.5064710866394173
29.08,0.0049474366540185,0.002605895420405015,2.5975166037439155
29.09,0.004973589996779,0.002624796462997479,2.699934988795863
29.1,0.0049999330519204,0.002643838096773336,2.4324753303710906
29.11,0.0050264672313748,0.0026630212787741997,4.3569466969577295
29.12,0.0050531939591721,0.0026823492776049894,3.9799745548306165
29.13,0.0050801147013397,0.0027018228286766915,1.977578748205117
29.14,0.005107230898327,0.002721440767844997,2.960370964454642
29.15,0.0051345440051728,0.0027412052652991295,3.3642566663304927
29.16,0.0051620554976955,0.0027611180477575318,3.3492723818851857
29.17,0.0051897668644518,0.0027811803258300065,3.417749785312085
29.1799999999999,0.0052176796068281,0.0028013933871674636,3.478519085486253
29.19,0.005245795239134,0.0028217585286249964,3.5356107983949516
29.2,0.005274115288693,0.002842277056259965,3.5891515009005217
29.21,0.005302641295936,0.0028629502854049848,3.6499892435446095
29.22,0.0053313748144929,0.002883779540549156,3.458199930971574
29.23,0.0053603174112846,0.002904765952231646,4.736812156419348
29.24,0.0053894706666159,0.002925912518595009,4.633450321903497
29.25,0.0054188361986522,0.0029472204118050306,3.1493820134543746
29.26,0.0054484156112023,0.0029686889009957933,3.6757637247243875
29.27,0.0054782105185592,0.002990319926674138,4.068498526585072
29.28,0.0055082225577524,0.0030121154289699937,4.025621121472589
29.29,0.0055384533798521,0.003034076743658326,4.061011684015141
29.3,0.0055689046500691,0.0030562052897491546,4.089847922161929
29.3099999999999,0.0055995780478538,0.0030785024961958616,4.11578652921968
29.32,0.0056304752669961,0.0031009698019083534,4.138877860949195
29.33,0.0056615980157246,0.0031236086557483427,4.167861362113539
29.34,0.0056929480168065,0.0031464205165658192,3.9981901338092483
29.35,0.0057245270076472,0.003169406659960836,4.945697348715339
29.36,0.005756336740389,0.003192570086134183,5.100720639300776
29.37,0.0057883790051893,0.003215912530143372,3.8641485827416178
29.38,0.0058206555868072,0.003239433458776639,4.068431310857655
29.39,0.0058531682753756,0.0032631346050207856,4.483689828329886
29.4,0.0058859188868262,0.0032870182104467087,4.422890898764196
29.41,0.0059189092527388,0.0033110857601733523,4.441389267889939
29.42,0.0059521412204592,0.0033353388367808254,4.455036391146497
29.4299999999999,0.0059856166532188,0.0033597790347367064,4.454592131236373
29.44,0.0060193374302525,0.0033844079394224806,4.404036362462161
29.45,0.0060533054469168,0.003409227162347512,5.233784891678925
29.46,0.0060875226173125,0.0034342398238791766,4.68237941298129
29.47,0.0061219908902171,0.0034594465613016594,4.05056705312368
29.48,0.0061567121977894,0.003484847794065885,4.680711562789852
29.49,0.0061916885033758,0.0035104463274283227,4.586199660334088
29.5,0.0062269217872942,0.003536243745478327,4.595158447540256
29.51,0.0062624140469641,0.0035622417649674885,4.598021710374984
29.52,0.0062981672970384,0.00358844211574082,4.601979318688511
29.53,0.0063341835695333,0.0036148465406449807,4.53815916501772
29.54,0.0063704649139589,0.003641456708485031,4.8425356830464565
29.55,0.0064070133974507,0.0036682750621933294,4.93848868827501
29.5599999999999,0.0064438311153594,0.0036953036041483256,4.481744478144538
29.57,0.0064809201732741,0.0037225431538558465,4.499102733709618
29.58,0.0065182826880483,0.0037499955269683248,4.666846685845292
29.59,0.0065559208004992,0.0037776629503341237,4.628864599411941
29.6,0.006593836669924,0.0038055472320675503,4.623221087594609
29.61,0.0066320324742396,0.0038336502411750297,4.614862191262012
29.62,0.0066705104101234,0.0038619738607265997,4.603065238359078
29.63,0.0067092726931534,0.0038905199795250182,4.538235049692533
29.64,0.0067483215579472,0.003919290449955045,4.95836020035643
29.65,0.006787659259287,0.003948288248512431,4.71265865909062
29.66,0.0068272880851976,0.00397751476789417,4.363736391817534
29.67,0.0068672103213351,0.004006971107500848,4.651391013486177
29.6799999999999,0.0069074282821847,0.004036659970073296,4.592950188408373
29.69,0.0069479443022837,0.004066583294153316,4.583531755344913
29.7,0.0069887607363776,0.004096743108545847,4.555145247543901
29.71,0.0070298799595799,0.004127141428993388,4.59460796568004
29.72,0.0070713043675288,0.004157780495967498,4.735744320329013
29.73,0.0071130363800141,0.004188662820549965,4.554061179450615
29.74,0.0071550784403351,0.004219790044065054,4.44105880809449
29.75,0.0071974330035643,0.004251163986957544,4.5509448943683495
29.76,0.0072401025506426,0.004282787135103313,4.514479731733981
29.77,0.0072830895840392,0.0043146616122658596,4.499872707359952
29.78,0.0073263966279219,0.0043467895967941855,4.457450028315944
29.79,0.0073700262283268,0.004379173234086712,4.560382035439698
29.8,0.0074139809533281,0.004411815125269125,4.567642190664766
29.8099999999999,0.0074582633991984,0.004444717592488329,4.394579725036014
29.82,0.0075028761798624,0.004477882401751642,4.395817560790429
29.83,0.0075478219295026,0.004511311868225874,4.423776201142194
29.84,0.0075931033075515,0.0045450084486408585,4.394655278364721
29.85,0.0076387229965241,0.004578974440642489,4.376086451863362
29.86,0.0076846837021975,0.004613212179572522,4.313142076727422
29.87,0.0077309881537935,0.0046477239273241475,4.5123872576857735
29.88,0.007777639104158,0.004682512824040771,4.3983745999589745
29.89,0.0078246393409292,0.0047175809594282815,4.190122175556442
29.9,0.0078719916603982,0.00475293007426924,4.30816810967652
29.91,0.0079196988885837,0.0047885630812283895,4.271540169087091
29.92,0.0079677638764817,0.004824482426049112,4.248457579837643
29.9299999999999,0.0080161894998498,0.004860690591189998,4.216979497065068
29.94,0.0080649786594011,0.0048971900585649975,4.206616340429176
29.95,0.0081141342809961,0.004933983456632529,4.3577998818177655
29.96,0.0081636593186243,0.004971074023056663,4.1977501112519
29.97,0.0082135567588395,0.005008463803545752,4.04787106205379
29.98,0.0082638295993815,0.005046154863305007,4.153629179430443
29.99,0.0083144808706282,0.005084150330252564,4.108264878612333
30.0,0.0083655136293373,0.005122452798949172,4.085211529302133
30.01,0.0084169309588556,0.005161064938698223,4.039734660852217
30.02,0.0084687359693268,0.0051999893809982975,4.104265334980148
30.03,0.0085209317979004,0.0052392292671924814,4.149915613243212
30.04,0.0085735216159759,0.005278787661048432,3.973616113048437
30.05,0.0086265086199853,0.005318666650080831,3.924569089478937
30.0599999999999,0.0086798960266802,0.005358868883123218,3.972098002764733
30.07,0.0087336870855251,0.005399397513967576,3.933664091628108
30.08,0.0087878850743195,0.00544025534904586,3.9095830351320138
30.09,0.0088424932994236,0.005481445255673207,3.8515568951247316
30.1,0.0088975150959827,0.0055229700228591645,3.9883466759339212
30.11,0.0089529538281499,0.005564833386985119,3.9255910840880373
30.12,0.0090088129013868,0.005607038126369922,3.7399030607326056
30.13,0.0090650957362182,0.005649586386224159,3.7937101099263244
30.14,0.0091218057853647,0.00569248153678839,3.7800498166840106
30.15,0.0091789465336262,0.005735726700727545,3.749738063353847
30.16,0.0092365214962362,0.005779324917732388,3.7208653840139037
30.17,0.0092945342191029,0.005823279254183331,3.6799639531961574
30.1799999999999,0.0093529882790504,0.005867592803745917,3.825809726347884
30.19,0.0094118872856378,0.005912269669560832,3.6960494472235332
30.2,0.0094712348920659,0.005957312447699148,3.5366134290574465
30.21,0.0095310347628796,0.00600272353649159,3.631455181048805
30.22,0.0095912906032609,0.006048506831079108,3.5855902634188253
30.23,0.0096520061508188,0.006094665516638334,3.5601159971275824
30.24,0.00971318517585,0.006141202874798329,3.5209299269520917
30.25,0.0097748314815958,0.006188122161017498,3.540098292938322
30.26,0.0098369489045011,0.006235427052752573,3.605950891894723
30.27,0.0098995413207055,0.006283121516600787,3.4625769758329215
30.28,0.0099626126423973,0.006331208206581679,3.3818195022074042
30.29,0.0100261668027733,0.006379690162189181,3.4333939069702244
30.3,0.0100902077762537,0.006428571352499923,3.393581171148395
30.3099999999999,0.010154739572094,0.006477855219404122,3.3724556746304004
30.32,0.0102197662346629,0.006527545288011628,3.2288046513606523
30.33,0.0102852918437184,0.006577644576028346,3.812984866471963
30.34,0.0103513205146875,0.006628161085109171,3.6615812794056435
30.35,0.0104178564631674,0.006679097526103312,2.8441609535694097
30.36,0.0104849038600418,0.006730451568123233,3.044279621674324
30.37,0.0105524669034204,0.006782228217109907,3.155259575570254
30.38,0.0106205498485367,0.006834432300860003,3.0623976541448688
30.39,0.0106891569850734,0.006887067075351692,3.022665192716829
30.4,0.0107582926371626,0.006940135984530016,2.5889129254644816
30.41,0.0108279611633854,0.006993640536715005,4.553209437937191
30.42,0.0108981669568891,0.007047600563100913,3.5978572857046576
30.4299999999999,0.0109689146784796,0.007102012584755032,1.9226766234596238
30.44,0.0110402086903441,0.007156866334116687,3.1884447391176103
30.45,0.0111120535208548,0.007212175864457432,2.9423247885559376
30.46,0.0111844537357967,0.0072679438438533715,2.7132981073673
30.47,0.0112574139383655,0.007324172929053357,3.6237909141661673
30.48,0.0113309387691673,0.007380875633465869,3.4587948595616638
30.49,0.0114050330363332,0.007438054925382505,2.433814682968132
30.5,0.0114797014435224,0.007495705566842422,2.7786481029514833
30.51,0.0115549487421604,0.0075538346235525635,2.855514545146241
30.52,0.0116307797477638,0.007612447415549226,2.662232360115902
30.53,0.0117071993154381,0.007671546951895083,3.1488915507691346
30.54,0.0117842123398781,0.007731142805669864,3.381709925034152
30.55,0.0118618238448474,0.007791241935099953,2.56483513506177
30.5599999999999,0.0119400388463578,0.007851840612475963,2.4784185145680477
30.57,0.0120188623350637,0.007912942121039988,2.740365813192493
30.58,0.0120982993881114,0.007974553802689965,2.568497588860509
30.59,0.0121783551243514,0.008036678932479922,2.778524017002128
30.6,0.0122590347043366,0.008099325024536665,3.3589242744718586
30.61,0.0123403433929677,0.008162503294785881,2.621861882898634
30.62,0.0124222865340974,0.008226210428979126,2.189720873617248
30.63,0.0125048693670635,0.00829044597991504,2.6329396183054796
30.64,0.0125880972456255,0.00835521969613995,2.4791571849600067
30.65,0.0126719755676027,0.008420535130450844,2.436881454450785
30.66,0.0127565097748742,0.008486397487732469,3.3144458429751356
30.67,0.012841705385399,0.00855282244770827,2.666591544566323
30.6799999999999,0.012927568089468,0.008619807344300848,1.9351549640884744
30.69,0.0130141033906281,0.008687347798925008,2.5291069741443213
30.7,0.0131013169353909,0.008755456039564985,2.39242561759264
30.71,0.0131892144169112,0.008824135927769155,2.143376398194736
30.72,0.013277801574985,0.008893390348664208,3.2185858043929194
30.73,0.0133670841960486,0.008963238946964281,2.6824037125738274
30.74,0.0134570683266504,0.009033680153905753,1.7365946018118212
30.75,0.0135477597565987,0.009104706045332485,2.4180364178629654
30.76,0.0136391644409171,0.009176330910187509,2.2742897040769865
30.77,0.0137312883847423,0.009248558763230892,2.0653738664786316
30.78,0.0138241376425767,0.009321392913251656,2.89925555453026
30.79,0.0139177183182878,0.00939485148737002,2.7211125384982355
30.8,0.0140120367596909,0.009468937752633393,1.772108472080624
30.8099999999999,0.0141070991431715,0.009543642782974975,2.1057581360153748
30.82,0.0142029117113303,0.009618976726311661,2.1769448683653505
30.83,0.014299480797446,0.009694946917022478,2.1120851770221383
30.84,0.0143968127867295,0.009771558182403408,1.8429797683839684
30.85,0.0144949141163224,0.00984881345030505,3.1409064377201394
30.86,0.0145937912804531,0.009926740028425753,2.43225369880094
30.87,0.0146934511331982,0.010005332511341634,1.3149722332636942
30.88,0.0147939001183248,0.010084577409149911,2.1808866296413267
30.89,0.014895144917935,0.010164494799900841,2.000042438603346
30.9,0.0149971922692495,0.01024508866865759,1.9215334655410943
30.91,0.0151000489646077,0.010326363917154208,1.9597197718560269
30.92,0.0152037218514675,0.01040832881205655,2.8898093712024977
30.9299999999999,0.0153082179056205,0.010491006957173324,2.0868139548377593
30.94,0.0154135443399051,0.010574389969924207,1.34449264638504
30.95,0.0155197080372477,0.010658469412951573,2.0219592390796124
30.96,0.0156267161080942,0.010743264241934983,1.871831253048831
30.97,0.0157345757215791,0.010828778918710097,1.7441486405227193
30.98,0.0158432941055241,0.010915018010101859,2.10277018333817
30.99,0.0159528785464417,0.011001996530129865,2.5768380783942026
31.0,0.0160633365457828,0.011089731276383234,1.7293574693521387
31.01,0.0161746756600331,0.011178211276581067,1.4319476576104546
31.02,0.0162869032610893,0.011267436150685754,1.8592812584775493
31.03,0.016400026915704,0.011357421925434007,1.7493776190167338
31.04,0.0165140542530677,0.01144817374110167,1.5739662918408839
31.05,0.0166289929648082,0.011539695717149308,2.241783595816823
31.0599999999999,0.0167448508049907,0.011632010905765894,2.2628477689774176
31.07,0.0168616358450301,0.011725127365474,1.3822672538099912
31.08,0.016979355986151,0.011819031310400838,1.523767998359421
31.09,0.0170980191302337,0.011913732406625943,1.6996549312018696
31.1,0.0172176333293714,0.012009242728109958,1.6301293961384113
31.11,0.0173382067019982,0.012105568210268956,1.406371198578749
31.12,0.0174597474328938,0.012202712349552424,2.3840818948623195
31.13,0.0175822637731806,0.012300708044195164,1.9602595300685912
31.14,0.0177057644168843,0.012399552443954187,1.040919338365824
31.15,0.0178302576086188,0.012499228286165134,1.6153913602110739
31.16,0.0179557518231249,0.01259975761408585,1.546342293361604
31.17,0.0180822556287656,0.012701147494513423,1.4888797221205676
31.1799999999999,0.0182097776643684,0.012803404331247365,1.413859964852687
31.19,0.0183383266392252,0.012906535742300898,2.2650174087508916
31.2,0.018467911387052,0.013010574470520767,1.6671199754299435
31.21,0.0185985411211583,0.01311551161104887,0.9588421614144393
31.22,0.0187302245833707,0.013221333428239454,1.551498215090951
31.23,0.0188629708164489,0.013328065147346005,1.4226837402920978
31.24,0.0189967889379881,0.013435712367614936,1.3391142837774659
31.25,0.019131688140416,0.013544281320781656,1.5097143964172193
31.26,0.0192676776909937,0.013653787424720929,2.0153170251255967
31.27,0.0194047670819999,0.013764255918922592,1.379707057691797
31.28,0.0195429659796928,0.013875674738591706,1.0094233441796916
31.29,0.0196822837397381,0.013988039197847276,1.4138102565919362
31.3,0.0198227299842683,0.014101371401166752,1.315386320643709
31.3099999999999,0.0199643144148622,0.014215677734732517,1.1944915721632823
31.32,0.0201070468125456,0.014330963919447487,1.6066675728594508
31.33,0.0202509370377886,0.014447254847929088,1.7647657615974193
31.34,0.0203959952973458,0.014564565848264294,1.0988816581342409
31.35,0.0205422317115123,0.014682881344110055,1.0666566760046476
31.36,0.0206896563005435,0.01480220819855653,1.279652519320413
31.37,0.020838279302077,0.014922564140192399,1.2120742987363624
31.38,0.0209881110380366,0.015043956488594985,1.0554240572052243
31.39,0.021139161914634,0.015166390295276763,1.6999328626594963
31.4,0.0212914424223681,0.015289901712052465,1.5166193131903678
31.41,0.0214449635412958,0.015414493569233367,0.8275389756857712
31.42,0.0215997358458847,0.015540146415400115,1.1259021226732837
31.4299999999999,0.0217557700744588,0.01566688133903749,1.1493074149214992
31.44,0.0219130771178241,0.015794710336400775,1.104933836367416
31.45,0.0220716679561265,0.015923641674467304,0.9967088257774329
31.46,0.0222315536588582,0.01605368233855327,1.5300808845579439
31.47,0.0223927454017955,0.01618486700258858,1.2553793327248648
31.48,0.0225552548025497,0.01631719403098423,0.7935988537388412
31.49,0.0227190930653479,0.016450651693615943,1.122577828190708
31.5,0.0228842716835593,0.016585265106234256,1.0153146394066521
31.51,0.0230508022466384,0.016721041296281627,1.1184621565565158
31.52,0.0232186964401256,0.01685799676556009,1.2341412573244976
31.53,0.0233879661623245,0.01699614850007245,0.9985884082863128
31.54,0.0235586233971809,0.01713549558418244,0.9142351428697149
31.55,0.0237306800830721,0.01727604416979665,1.0056134235700214
31.5599999999999,0.0239041483360045,0.01741781002604359,0.9096670044005798
31.57,0.0240790403725377,0.01756080067792506,1.1721216454832415
31.58,0.0242553685097805,0.017705041921499035,1.0417478506534459
31.59,0.0244331453919291,0.017850538399492712,0.7894448637026353
31.6,0.0246123834605558,0.017997287130623162,0.939805267368129
31.61,0.024793095370801,0.01814530764810658,0.8742775281089371
31.62,0.0249752938850809,0.018294608851048434,0.9286449937294772
31.63,0.0251589918703571,0.018445206533384037,1.0502325655828761
31.64,0.0253442023948788,0.018597120222450747,0.8621908562820985
31.65,0.0255309386651781,0.018750350552464302,0.7593468279577164
31.66,0.0257192138169548,0.018904902692174104,0.8465091410293335
31.67,0.0259090411806694,0.019060794041174996,0.7595640966696918
31.6799999999999,0.0261004341957483,0.019218032782708276,0.9831186217737853
31.69,0.0262934064105851,0.019376646246083238,0.8955722492450995
31.7,0.0264879717223554,0.019536641535230038,0.6605900069001017
31.71,0.0266841438439962,0.019698015008969123,0.7683702092285978
31.72,0.0268819366788095,0.01986078600446272,0.7313859482879655
31.73,0.0270813642611416,0.020024965580376503,0.7526764030921074
31.74,0.0272824407389831,0.02019056907151907,0.8802917503633736
31.75,0.0274851804557398,0.020357618999028642,0.7242175775314066
31.76,0.0276895979470128,0.020526117138395014,0.6093909742882725
31.77,0.0278957076454958,0.02069606753140003,0.6949954577489997
31.78,0.0281035242004237,0.020867489578555727,0.6245893768714316
31.79,0.028313062379259,0.021040392589792452,0.7725856778368296
31.8,0.0285243370676917,0.021214802083096684,0.7297211180870183
31.8099999999999,0.0287373634728647,0.021390728594975046,0.5498262807582154
31.82,0.0289521566992977,0.02156817089856575,0.6016875170886642
31.83,0.02916873200071,0.021747146385706018,0.5894040515462832
31.84,0.0293871047826262,0.02192766843753909,0.577863817474072
31.85,0.029607290573208,0.022109750834360762,0.6611532264835004
31.86,0.029829305066777,0.022293415184798573,0.579774021054179
31.87,0.0300531641737931,0.02247866872967412,0.4961101712414085
31.88,0.0302788837651312,0.022665517972180842,0.5444250269260713
31.89,0.0305064799124807,0.0228539815547182,0.5190171124868811
31.9,0.0307359688196161,0.023044072112350773,0.5066477050161685
31.91,0.0309673668231061,0.023235803174225866,0.4940500763728371
31.92,0.0312006903966523,0.023429188350530816,0.47635993901802975
31.9299999999999,0.0314359561478632,0.023624240816127497,0.4610269701129093
31.94,0.0316731808156092,0.023820974026734158,0.44797659678211804
31.95,0.031912381276826,0.02401940177108406,0.4375043135760777
31.96,0.0321535745451466,0.024219538027848177,0.4023724701951412
31.97,0.0323967777716323,0.024421394286573292,0.38723188284258764
31.98,0.0326420082107178,0.02462498420586224,0.3925649705095108
31.99,0.0328892832870068,0.02483032382110025,0.3705852037790608
32.0,0.0331386205634391,0.025037426321240265,0.35238842213961874
32.01,0.0333900377348707,0.025246305200910445,0.3421501243694863
32.02,0.0336435526350802,0.025456974723704097,0.30072956954621716
32.03,0.0338991832360263,0.02566944575095436,0.29507035495687783
32.04,0.0341569476058394,0.02588373332400486,0.2993357742246492
32.05,0.0344168640108298,0.026099853880726054,0.26772787085690425
32.0599999999999,0.0346789508346276,0.02631781959883071,0.2550491425041922
32.07,0.0349432266006448,0.026537644740631344,0.2377513718093207
32.08,0.0352097099724997,0.026759343008178615,0.20437381815855635
32.09,0.0354784197449308,0.026982926124625245,0.19596492728796072
32.1,0.0357493748279342,0.02720840905331585,0.19009621473719251
32.11,0.0360225943091658,0.02743580725656069,0.1648939898327748
32.12,0.0362980973999818,0.027665133549383745,0.1425555195265997
32.13,0.0365759034505243,0.027896400931200042,0.119145108951467
32.14,0.0368560319328761,0.028129622356215987,0.10947749203097544
32.15,0.0371385024605762,0.02836481275143062,0.09457156115121836
32.16,0.0374233347976511,0.028601986310768393,0.06796469940852551
32.17,0.0377105488385526,0.028841155374625893,0.0425631059438049
32.1799999999999,0.0380001645993951,0.029082332425625287,0.03225094572634014
32.19,0.0382922022295731,0.029325532282929955,0.019600706888960998
32.2,0.0385866820347401,0.02957076940569992,-0.009039187498038389
32.21,0.038883624447361,0.029818055517436166,-0.0429702117487839
32.22,0.0391830500130143,0.03006740145594898,-0.0492742345918937
32.23,0.0394849793936744,0.030318822568381594,-0.0563353830819119
32.24,0.0397894334305334,0.03057233414671719,-0.088975216062619
32.25,0.040096433079308,0.0308279467963755,-0.13520450621089347
32.26,0.040405999400477,0.031085668712678198,-0.13731459627211154
32.27,0.0407181535376581,0.031345515758386275,-0.135684148155784
32.28,0.0410329168518128,0.0316075046517917,-0.1724033164493432
32.29,0.0413503107989881,0.03187164460896787,-0.23614868348307053
32.3,0.041670356932902,0.03213793974669993,-0.23406120464158864
32.3099999999999,0.0419930768332955,0.032406406365049586,-0.2200043352132266
32.32,0.042318492356668,0.03267706342582055,-0.2612322298994251
32.33,0.0426466254253102,0.03294991846400913,-0.3415224626418909
32.34,0.0429774980579211,0.03322497106053718,-0.33805103766693095
32.35,0.0433111322276392,0.03350223733429743,-0.311551427793883
32.36,0.0436475502480356,0.03378173867500285,-0.35343984166856757
32.37,0.0439867744661105,0.03406348122589088,-0.4660138639112168
32.38,0.0443288273246911,0.03434745613532358,-0.45089414599731753
32.39,0.0446737310937763,0.034633681375238354,-0.39771847894732393
32.4,0.0450215085331232,0.03492218409928815,-0.46295530335852186
32.41,0.0453721823685387,0.03521296520545593,-0.5175972889661209
32.42,0.0457257754308757,0.0355060250198741,-0.6166349655457848
32.4299999999999,0.0460823104511416,0.035801355183406075,-0.5582276486750987
32.44,0.0464418101915615,0.03609898320043516,-0.539645269862052
32.45,0.0468042978320164,0.03639892900412142,-0.5780637154271312
32.46,0.0471697964938219,0.03670119539731035,-0.7570745171744379
32.47,0.0475383293887302,0.037005751073993474,-0.7608117228993859
32.48,0.0479099191975946,0.03731260738510274,-0.6375465335082818
32.49,0.0482845893333188,0.037621808771153877,-0.7221767901956436
32.5,0.0486623631643184,0.037933348269160685,-0.7648422737357059
32.51,0.0490432640699821,0.0382472229061292,-0.9642983032491675
32.52,0.0494273152986017,0.0385633916474945,-0.8856449393359199
32.53,0.0498145396588497,0.038881885994593246,-0.7885391448851108
32.54,0.0502049608775599,0.039202745354350914,-0.8884158719251859
32.55,0.0505986023822965,0.0395259525396306,-1.0412431702167861
32.5599999999999,0.050995487643654,0.03985147121458235,-1.1312913852607858
32.57,0.0513956394828468,0.04017928465956603,-0.9890430938951477
32.58,0.0517990811362124,0.04050944313572526,-1.0184593592581948
32.59,0.0522058361636158,0.04084195029702871,-1.0568160547581988
32.6,0.052615927913519,0.041176797413992425,-1.3704485113150213
32.61,0.0530293796656562,0.04151389640970575,-1.290756742758637
32.62,0.0534462134628565,0.04185327671533135,-1.0945152084654584
32.63,0.0538664529891511,0.04219500769962065,-1.2721958501514388
32.64,0.0542901212956384,0.04253904200856636,-1.3534913726164681
32.65,0.0547172414039569,0.04288535141833919,-1.553322289440308
32.66,0.055147835740275,0.04323387434053069,-1.4564715425455919
32.67,0.0555819263760432,0.04358464433088753,-1.4165998131353732
32.6799999999999,0.0560195361514651,0.043937679347877984,-1.548220096936792
32.69,0.0564606873737712,0.04429293681268108,-1.6195270859377489
32.7,0.0569054022003536,0.04465038873920589,-1.728130649638746
32.71,0.0573537023496295,0.04500999621757472,-1.7178316292823328
32.72,0.0578056093096268,0.04537176057452045,-1.7456224125559223
32.73,0.0582611447018478,0.04573567030676333,-1.8300499373005734
32.74,0.0587203297491576,0.04610169070936212,-1.9106251185847043
32.75,0.0591831854290643,0.04646978523472773,-2.0027886272556454
32.76,0.0596497322422353,0.04683991312431785,-2.019670164968601
32.77,0.0601199904183021,0.04721206043724879,-2.068863578865433
32.78,0.0605939800881419,0.047586200957692545,-2.1438908257378984
32.79,0.0610717209438473,0.04796229520273703,-2.2443421749686276
32.8,0.0615532323316738,0.04834029107192925,-2.343957646685535
32.8099999999999,0.0620385329422288,0.048720136287904586,-2.3604344062328266
32.82,0.0625276411465624,0.04910181032802911,-2.4223341593626193
32.83,0.0630205751084075,0.04948527441185231,-2.502339135637229
32.84,0.0635173524217399,0.04987047768580943,-2.633177182283478
32.85,0.0640179902142266,0.05025734551670098,-2.746828307808985
32.86,0.0645225046708181,0.050645809795663604,-2.753689982308494
32.87,0.065030911639029,0.051035846209242695,-2.832693169876771
32.88,0.0655432266446794,0.05142740000416239,-2.9258614009715482
32.89,0.0660594644600079,0.05182040401383985,-3.0842225620247867
32.9,0.0665796392381499,0.0522147598846739,-3.206941716936367
32.91,0.0671037639051322,0.05261038418378934,-3.2166780496691723
32.92,0.0676318510195129,0.05300724256436691,-3.3199116537461606
32.9299999999999,0.0681639126088572,0.05340525895250216,-3.425753440541383
32.94,0.0686999597602258,0.053804348475837316,-3.609108176280884
32.95,0.0692400027565352,0.05420438838814751,-3.73956462200235
32.96,0.0697840503838365,0.05460527933094882,-3.7635549091431715
32.97,0.0703321109911651,0.05500697049432117,-3.8949809466841323
32.98,0.0708841921175511,0.05540936054608814,-4.012887919094983
32.99,0.0714403001669335,0.05581234578110143,-4.228307775579106
33.0,0.0720004405244532,0.05621577413685633,-4.370244873849357
33.01,0.0725646167526497,0.056619527626483826,-4.409541630699763
33.02,0.0731328319068579,0.05702353720554628,-4.574543566822742
33.03,0.073705087910993,0.057427672178637576,-4.708054902896253
33.04,0.074281385326534,0.0578318071942222,-4.9658922675938255
33.05,0.074861723448622,0.05823575442938517,-5.123749482420868
33.0599999999999,0.0754460993445832,0.05863937451518429,-5.179133039312662
33.07,0.0760345095238604,0.05904257899498368,-5.386474061436618
33.08,0.076626948986619,0.05944520247331148,-5.541576604836821
33.09,0.0772234111055103,0.05984709442302695,-5.850360122157487
33.1,0.077823887700985,0.060248026337390966,-6.029449673608422
33.11,0.0784283679080252,0.06064783489119821,-6.107774113821789
33.12,0.0790368402462513,0.06104640859901529,-6.367680314456465
33.13,0.0796492912806969,0.06144354189000119,-6.554121271989564
33.14,0.0802657056504768,0.061839054817149075,-6.912028274651436
33.15,0.0808860661150291,0.06223268009175817,-7.1213274733471374
33.16,0.0815103523428511,0.06262422705965674,-7.241978667370639
33.17,0.0821385432086803,0.06301355187199482,-7.560577907190037
33.1799999999999,0.0827706151525276,0.063400406760648,-7.787402707690976
33.19,0.0834065423678017,0.06378457959686687,-8.207774450684656
33.2,0.0840462968045446,0.0641657600784995,-8.458754919011737
33.21,0.0846898468731924,0.06454372685361597,-8.632493299020968
33.22,0.0853371599862333,0.0649183003866251,-9.023825087069806
33.23,0.0859882005988774,0.0652891867709776,-9.309300867730851
33.24,0.0866429305636296,0.0656561363205682,-9.789846883430071
33.25,0.0873013090798455,0.06601880203142332,-10.103687408581289
33.26,0.0879632914755099,0.06637692538279487,-10.358858509361351
33.27,0.088628831650149,0.06673028059706448,-10.827478364149973
33.28,0.0892978800801222,0.06707853100605433,-11.197846634193697
33.29,0.0899703842450962,0.06742138269841258,-11.736798022015813
33.3,0.090646288514361,0.06775846032892711,-12.142538218945951
33.3099999999999,0.09132553320025,0.06808946012303875,-12.511612048645048
33.32,0.0920080564818814,0.06841410031537393,-13.061605509972496
33.33,0.0926937927704947,0.06873200802700735,-13.544019105166155
33.34,0.0933826730384738,0.06904284082434992,-14.151617239449306
33.35,0.0940746246897484,0.06934619931762039,-14.675836449520704
33.36,0.094769570936989,0.069641730554774,-15.189061918906232
33.37,0.0954674320405018,0.06992909149329761,-15.837379579164027
33.38,0.0961681241779281,0.07020787508797595,-16.454484081836405
33.39,0.0968715596380655,0.07047769069226026,-17.142292295387566
33.4,0.0975776467069415,0.07073811963976748,-17.813494489600807
33.41,0.0982862893895378,0.07098875680939266,-18.500551133498302
33.42,0.0989973878329344,0.07122919486158216,-19.262128051692446
33.4299999999999,0.0997108378288816,0.07145899579158027,-20.031454674133307
33.44,0.100426530838302,0.07167772361149592,-20.805349095851593
33.45,0.101144353937489,0.07188494592277167,-21.646713654058615
33.46,0.101864189868414,0.07208020371179218,-22.527077181716898
33.47,0.102585916559045,0.0722630251291582,-23.40424285021643
33.48,0.103309407365335,0.0724329457600828,-24.324851658782336
33.49,0.104034530897358,0.0725894901020159,-25.17130952230395
33.5,0.104761151083708,0.07273221848474176,-26.18417887172379
33.51,0.105489127493787,0.07286061786827523,-27.246789891777716
33.52,0.106218313918598,0.07297415495578323,-28.208611003902362
33.53,0.106948559432285,0.07307234496624973,-29.236015901518495
33.54,0.107679707996998,0.07315468229028346,-30.09417627464175
33.55,0.108411598725037,0.0732207293927757,-31.230596426314648
33.5599999999999,0.10914406638578,0.07326992022631633,-32.40304655572356
33.57,0.109876939015408,0.0733016657177082,-33.351503434198435
33.58,0.110610039892808,0.07331546978417518,-34.363821533967965
33.59,0.111343186895136,0.07331080996839229,-35.10389720853221
33.6,0.112076193049503,0.0732872602340577,-36.22878350704714
33.61,0.112808867072761,0.0732442054786083,-37.33855872706736
33.62,0.113541010085721,0.07318101196329234,-38.081847888438155
33.63,0.114272418527447,0.07309718515989226,-38.891497742987056
33.64,0.115002883251396,0.07299218696820027,-39.37640199951429
33.65,0.115732190178974,0.07286558299892515,-40.151873007865724
33.66,0.116460120861753,0.07271676775733259,-40.884168419444094
33.67,0.117186449450432,0.07254510817704986,-41.18732581717523
33.6799999999999,0.11791094529218,0.07235012807679196,-41.401685153157615
33.69,0.118633372641144,0.0721313495737915,-41.70122949746396
33.7,0.119353491018234,0.07188819352713337,-41.91167712497546
33.71,0.120071053310009,0.07162006285672505,-41.790829777444664
33.72,0.120785807419844,0.07132647173178261,-41.503292685051285
33.73,0.121497496311217,0.07100696437387459,-41.29830981420456
33.74,0.122205858420084,0.07066097273477612,-41.00150502548843
33.75,0.122910625587064,0.07028790940634146,-40.36804029432361
33.76,0.123611524898447,0.06988732485074234,-39.53296727751891
33.77,0.12430827900936,0.06945883949216655,-38.88290120364078
33.78,0.125000606816363,0.0690018950990323,-38.170031957733876
33.79,0.125688220191332,0.06851590727553458,-37.093487094176005
33.8,0.126370826942339,0.06800050327956618,-35.87258891178683
33.8099999999999,0.127048131144104,0.06745539361774841,-34.902007439850216
33.82,0.127719834044991,0.0668800558540172,-33.90945815950879
33.83,0.128385629778418,0.06627393828845923,-32.59551523525567
33.84,0.129045209314369,0.06563676115911762,-31.21969635357835
33.85,0.129698260704513,0.06496832555988273,-30.0985701840298
33.86,0.130344470114657,0.06426817905349931,-28.9937849495693
33.87,0.130983517113536,0.06353584170458403,-27.65393169702166
33.88,0.131615079100133,0.06277113795215838,-26.30552266494056
33.89,0.132238831583771,0.06197397984436572,-25.196841943202106
33.9,0.132854449322278,0.061144011041150186,-24.132115125299674
33.91,0.133461601309372,0.06028084859212556,-22.898969728218194
33.92,0.134059955580003,0.0593844569198571,-21.677342104955926
33.9299999999999,0.134649179814516,0.05845491701712465,-20.704500871584465
33.94,0.135228942533047,0.05749196124383432,-19.769760916371162
33.95,0.135798906891669,0.05649531810400163,-18.751229153573252
33.96,0.136358736847967,0.0554650270272565,-17.702404309367907
33.97,0.136908096161396,0.05440139036361619,-16.841290734977328
33.98,0.137446653447592,0.05330440893633372,-16.09115528983965
33.99,0.137974072845035,0.05217391657085143,-15.218142177126884
34.0,0.138490021244719,0.05101026543345063,-14.440163740182903
34.01,0.13899416854991,0.0498137490209998,-13.754084665538567
34.02,0.139486187234578,0.04858452520991527,-13.103099674730661
34.03,0.139965750881387,0.04732281094198289,-12.430176316156924
34.04,0.140432536871345,0.046029136113325916,-11.846271411998213
34.05,0.140886228331008,0.044703882177133995,-11.315397332697238
34.0599999999999,0.141326510497947,0.04334738928476791,-10.778775139094684
34.07,0.141753074032947,0.04196026175348246,-10.281693437931013
34.08,0.142165615772685,0.04054315459954018,-9.83874187923347
34.09,0.142563839118494,0.03909663723439168,-9.428072080787082
34.1,0.142947452630378,0.03762131446901675,-9.012055234353685
34.11,0.143316172426364,0.03611810775317447,-8.648681409515833
34.12,0.143669724499363,0.03458781813919972,-8.32156913050388
34.13,0.144007841139993,0.0330312026075671,-7.99877364884546
34.14,0.144330264162706,0.031449259949091944,-7.702532906949205
34.15,0.1446367454202,0.029843042392909323,-7.435814726965818
34.16,0.144927047547128,0.028213577390456823,-7.190249610876973
34.17,0.14520094312822,0.026561944094150025,-6.960405471697621
34.1799999999999,0.145458216540011,0.024889336315467997,-6.751892449425289
34.19,0.145698664071966,0.02319698305664128,-6.560659437775314
34.2,0.14592209473924,0.021486185991042205,-6.388307263066224
34.21,0.146128330755255,0.01975827599291699,-6.235529903013819
34.22,0.146317207687398,0.01801457279017501,-6.094224801855952
34.23,0.14648857453808,0.016256555490473668,-5.967216770094454
34.24,0.146642296267019,0.014485798627750467,-5.863258197751049
34.25,0.146778252733366,0.01270369174914271,-5.770641448383168
34.26,0.146896337414356,0.010911747771773922,-5.687806032632674
34.27,0.146996460706879,0.009111714845749103,-5.62204857660426
34.28,0.14707855032251,0.007305301308142137,-5.575560936129094
34.29,0.147142550217108,0.005493884724150355,-5.537332620275447
34.3,0.147188417339211,0.00367923711096461,-5.511763482185379
34.3099999999999,0.147216130673589,0.0018633560607756359,-5.504810102743533
34.32,0.147225685521042,4.779726583368597e-05,-5.509558269901874
34.33,0.147217092944463,-0.0017659187395849727,-5.529032970425175
34.34,0.147190379834303,-0.0035758368777752867,-5.565692125697995
34.35,0.147145595428427,-0.005379906094350739,-5.61137706484156
34.36,0.147082805818087,-0.007176788174916016,-5.675308349928157
34.37,0.147002089546057,-0.008964756563901305,-5.762652987140985
34.38,0.146903547356333,-0.0107416744423094,-5.863811168198309
34.39,0.146787298522063,-0.01250578302280624,-5.964993275657334
34.4,0.146653478559212,-0.014255917182298222,-6.1044626291258455
34.41,0.146502233131826,-0.01599019985677718,-6.277568516018094
34.42,0.146333734296313,-0.017706449808542468,-6.440460047238639
34.4299999999999,0.146148168401684,-0.01940342748050749,-6.627618619660521
34.44,0.145945734695101,-0.021079784071047908,-6.865168771744294
34.45,0.145726647619791,-0.022733659890900964,-7.136827306902374
34.46,0.145491142129695,-0.024363228395492497,-7.374853397359032
34.47,0.145239467065344,-0.02596766584131554,-7.68772810983585
34.48,0.144971877666984,-0.027545494827192762,-8.070919494158137
34.49,0.144688651819061,-0.029094842262815623,-8.45038260495959
34.5,0.144390079538694,-0.03061450277430794,-8.811765866482451
34.51,0.144076463110562,-0.032103842959133044,-9.290376553695385
34.52,0.143748108331909,-0.03356152191549902,-9.867946282318176
34.53,0.143405343319877,-0.03498588906231855,-10.397389607392
34.54,0.143048503843074,-0.036376238958833976,-10.953501742179911
34.55,0.14267793388736,-0.037732052459073476,-11.662601025214324
34.5599999999999,0.142293981546833,-0.03905224802747409,-12.482028771899037
34.57,0.141897011245038,-0.04033564756329294,-13.241809568346788
34.58,0.141487392467795,-0.04158188390195906,-14.094408516768294
34.59,0.141065498962651,-0.04279053858317385,-15.120182242956739
34.6,0.140631709355972,-0.04396087857176725,-16.244743937431167
34.61,0.140186410980435,-0.04509228259355787,-17.361069862648822
34.62,0.139729994038679,-0.046184591067665454,-18.629710139985352
34.63,0.139262850335534,-0.047237553167057966,-20.066678046906844
34.64,0.138785375124884,-0.04825084601518283,-21.589783996930024
34.65,0.138297966050122,-0.049224330140024836,-23.227137603154954
34.66,0.137801021277205,-0.05015797782830951,-25.010252092812138
34.67,0.137294939170905,-0.051051808865417346,-26.921895207331215
34.6799999999999,0.136780117430545,-0.05190592981782529,-28.955536241478907
34.69,0.136256952340692,-0.05272052744065721,-31.254418835615176
34.7,0.13572583821364,-0.053495691401524395,-33.559037939875985
34.71,0.135187168728544,-0.054231767685525525,-35.873677525943116
34.72,0.134641331501544,-0.054929274178808454,-38.50352046645356
34.73,0.134088710766187,-0.05558853376290858,-41.46466062767162
34.74,0.133529687416241,-0.056209750561458015,-44.00404211866614
34.75,0.132964640097669,-0.05679364456006586,-46.43121027187659
34.76,0.132393936220775,-0.05734106244850018,-49.0372883908598
34.77,0.131817938549667,-0.05785265074634144,-52.90924732969498
34.78,0.131237002526045,-0.05832831788007513,-55.260671278842004
34.79,0.13065148862939,-0.05876898421078257,-56.42482497415571
34.8,0.130061735004168,-0.05917611423019234,-59.05192394143612
34.8099999999999,0.129468076479945,-0.05955023688764202,-61.86071792248888
34.82,0.128870839038108,-0.05989169710148984,-64.35313307728143
34.83,0.128270349327427,-0.06020099568697437,-64.1647369242714
34.84,0.127666921436203,-0.06047965177254297,-64.6605095441236
34.85,0.127060855147142,-0.06072871490590988,-65.6893578348009
34.86,0.126452443808533,-0.06094881380061673,-67.3924219010946
34.87,0.125841974094776,-0.061140245303790974,-66.57383502749974
34.88,0.125229730673349,-0.0613041153416663,-64.61237258107577
34.89,0.124615979502125,-0.061441770086867006,-64.86555137581715
34.9,0.124000980908325,-0.06155369494868293,-63.56115772158066
34.91,0.123384988385008,-0.06164076337784967,-61.55980292752762
34.92,0.122768245130255,-0.06170400074501659,-59.696126397676515
34.9299999999999,0.122150984882907,-0.06174430151315857,-58.081582511989446
34.94,0.121533432980919,-0.061762415371658524,-55.71081737625112
34.95,0.120915807371899,-0.06175928184847419,-52.885797787566034
34.96,0.12029831488679,-0.06173593246301598,-51.210354722565036
34.97,0.119681153951692,-0.06169300502671764,-49.19423202337728
34.98,0.119064517514825,-0.06163122127785884,-46.17563313047622
34.99,0.118448588999385,-0.06155161750237455,-43.6040795986567
35.0,0.117833541821677,-0.06145507087433287,-42.44406876422505
35.01,0.117219542506793,-0.06134200094658332,-40.03404544526319
35.02,0.116606754079009,-0.06121322984453427,-37.22021972563656
35.03,0.115995327171631,-0.061069730284600096,-35.73989316196988
35.04,0.115385406721725,-0.060912047206458195,-33.88267694416923
35.05,0.114777131282673,-0.06074084052716602,-31.93616726568199
35.0599999999999,0.11417063263212,-0.06055682250610851,-30.165590827828407
35.07,0.113566035318051,-0.060360661906658925,-28.464789558091052
35.08,0.112963457705482,-0.060153013329058175,-26.8921098769961
35.09,0.112363011298368,-0.05993449653587564,-25.466722896013074
35.1,0.111764802074143,-0.05970569018187433,-24.036809516811314
35.11,0.111168929851644,-0.05946718262573326,-22.778463738750393
35.12,0.110575488953515,-0.059219513533350046,-21.475369449668545
35.13,0.109984568248432,-0.05896324780586687,-20.239572840360125
35.14,0.109396250872449,-0.058698932162908404,-19.252160680287766
35.15,0.10881061493982,-0.05842702238574998,-18.410921816291737
35.16,0.108227734344168,-0.05814792571441699,-17.326118323051364
35.17,0.107647678708474,-0.057862148448591805,-16.344205572073097
35.1799999999999,0.107070512107411,-0.05757016416398353,-15.619942880086704
35.19,0.106496294859595,-0.05727234901719211,-14.834712728641097
35.2,0.105925083252814,-0.05696909995420001,-14.127780860425815
35.21,0.105356929753761,-0.05666078636149171,-13.505282722607568
35.22,0.104791883255243,-0.056347748170416705,-12.792612431884528
35.23,0.104229989242406,-0.05603036835998265,-11.89085185119504
35.24,0.103671288942424,-0.05570909848064988,-11.518899141544173
35.25,0.103115819454407,-0.05538417769512539,-11.193527366383016
35.26,0.102563616768929,-0.05505582387449147,-10.479454111957159
35.27,0.102014713177861,-0.05472441231286635,-9.824375263947571
35.28,0.101469137594995,-0.05439029656200782,-9.486531562549693
35.29,0.100926915540479,-0.05405369620442522,-9.196143788937583
35.3,0.100388071257314,-0.05371480894357875,-8.665559254661437
35.3099999999999,0.099852626020944,-0.053373926903807954,-8.198810075849227
35.32,0.0993205985119444,-0.05303131679420328,-7.896396022442639
35.33,0.0987920048059792,-0.05268717351333945,-7.640397009028583
35.34,0.0982668595529,-0.05234167088474437,-7.2533740104948965
35.35,0.0977451751701895,-0.051995033434425304,-6.839528013577506
35.36,0.0972269619317962,-0.05164749242978807,-6.622387137850009
35.37,0.0967122278492798,-0.051299196468762,-6.4689933574640435
35.38,0.0962009800771969,-0.05095026771139294,-6.112151921942521
35.39,0.0956932239096465,-0.05060090949213503,-5.592522637169963
35.4,0.095188962540097,-0.0502513789428728,-5.552804630409198
35.41,0.0946881966915368,-0.04990174365595949,-5.552818012033521
35.42,0.094190927805464,-0.04955205149407294,-5.235702540483949
35.4299999999999,0.0936971552712976,-0.049202471389793216,-4.894811235750809
35.44,0.0932068773574721,-0.04885319253026925,-4.314218623829181
35.45,0.0927200896743768,-0.048504472203197285,-4.499226604130708
35.46,0.0922367861337299,-0.048156282308882185,-4.551622107425562
35.47,0.0917569621457437,-0.04780863726631425,-4.198028627937277
35.48,0.0912806110054732,-0.0474617040317082,-3.838092272999101
35.49,0.0908077251202809,-0.04711565862621584,-3.468545928955462
35.5,0.0903382944138324,-0.04677066261801142,-3.6446367264980406
35.51,0.0898723084477632,-0.04642668367422775,-3.554332743436726
35.52,0.089409757139493,-0.0460837761405139,-3.3120798204143473
35.53,0.0889506289664731,-0.04574205344572956,-3.0067085937336446
35.54,0.0884949117003733,-0.04540164905043008,-2.8185889940878273
35.55,0.0880425913482931,-0.04506264695314603,-2.895709699733578
35.5599999999999,0.0875936540801047,-0.04472504122868977,-2.7308772939054853
35.57,0.0871480856387018,-0.04438890033888997,-2.619664040610822
35.58,0.0867058709710856,-0.044054282892732936,-2.2765112688967077
35.59,0.0862669945168072,-0.043721315338946895,-2.1805090932423346
35.6,0.0858314390520758,-0.043390039588969816,-2.288431133160245
35.61,0.085399188127297,-0.043060432713828055,-2.074697522010698
35.62,0.0849702246056804,-0.04273256597464766,-2.0401386018802685
35.63,0.0845445308713034,-0.042406467618943726,-1.567666613189883
35.64,0.0841220889210848,-0.04208228649278274,-1.566711984612415
35.65,0.0837028787648054,-0.041760026130048304,-1.7755273763267148
35.66,0.0832868821328303,-0.04143962875490191,-1.4605764114686524
35.67,0.0828740797008731,-0.04112118319481833,-1.4200296869873923
35.6799999999999,0.0824644518602147,-0.040804711689013236,-1.0266574902162637
35.69,0.0820579785672588,-0.04049032405451537,-1.037361645608621
35.7,0.0816546384665975,-0.04017801448442359,-1.1660679311140698
35.71,0.0812544114384773,-0.03986774456842465,-0.8967408723336524
35.72,0.0808572765680935,-0.03955958046147334,-0.8147656638009999
35.73,0.0804632127274377,-0.03925354432121828,-0.5874927375226306
35.74,0.0800721984336575,-0.03894968906695828,-0.5589393284245727
35.75,0.0796842116815355,-0.03864801428404956,-0.5535685628495675
35.76,0.0792992308889109,-0.03834851259613542,-0.38793181380088637
35.77,0.0789172340835509,-0.03805121571642441,-0.281342527151995
35.78,0.078538199161317,-0.03775614225547848,-0.11881151970014037
35.79,0.0781621037467553,-0.03746332022022021,-0.08337298058504251
35.8,0.0777889252652034,-0.03717274569412961,-0.034690104717213684
35.8099999999999,0.0774186413410684,-0.03688441660626117,0.07805314123061717
35.82,0.0770512293991174,-0.036598346262365036,0.23396022651126844
35.83,0.0766866668108187,-0.03631455799839266,0.4039706762174669
35.84,0.0763249305746896,-0.036033074308144494,0.38564064971570133
35.85,0.0759659977054531,-0.035753874791234305,0.44582128064421583
35.86,0.07560984547317,-0.03547695481097927,0.5610935550364242
35.87,0.07525645097361,-0.03520232343951849,0.7598636412465231
35.88,0.0749057912972623,-0.03493000654648862,0.8978284514986369
35.89,0.0745578431109337,-0.0346600136811139,0.8588962205870038
35.9,0.0742125833573383,-0.03439231761866886,0.9685631547599608
35.91,0.0738699890959517,-0.03412691955728235,1.0800735885892563
35.92,0.0735300372916465,-0.03386382284348635,1.248411323049508
35.9299999999999,0.0731927049322733,-0.033603040268777425,1.3442697136402746
35.94,0.0728579687891294,-0.03334456867450491,1.364276568148425
35.95,0.0725258059080681,-0.03308839019592856,1.493978707222001
35.96,0.0721961933389456,-0.032834506039098,1.5823468166899133
35.97,0.0718691081543144,-0.03258291089240281,1.7313792357963105
35.98,0.0715445274837915,-0.03233360856390461,1.812062632418634
35.99,0.0712224283739237,-0.03208658976807539,1.8594298420633606
36.0,0.0709027881234886,-0.03184183907351974,1.9859689533783824
36.01,0.0705855840440602,-0.03159935347807873,2.0512995196900787
36.02,0.0702707935337059,-0.031359121472705295,2.2762881833915576
36.03,0.0699583940730315,-0.031121155330784273,2.3339429140274164
36.04,0.0696483629319836,-0.030885439139550705,2.3213424488754493
36.05,0.069340677869976,-0.030651945849058858,2.4949551194096182
36.0599999999999,0.0690353166060079,-0.03042067632242363,2.5579508770019936
36.07,0.0687322569671129,-0.030191617110383873,2.8107257340494654
36.08,0.0684314768677696,-0.0299647804171616,2.8618375235422167
36.09,0.0681329540173157,-0.02974014751990252,2.8389476613552342
36.1,0.0678366666576897,-0.029517689065070712,3.034794409025387
36.11,0.067542592988862,-0.029297406001202685,3.1178989209262373
36.12,0.0672507113279485,-0.029079285055075982,3.2791303883211302
36.13,0.0669610000995305,-0.028863321904284055,3.36341243364901
36.14,0.0666734377496468,-0.028649501268945485,3.4234907341056586
36.15,0.0663880029909625,-0.028437804469992497,3.5628555712858048
36.16,0.0661046746116779,-0.028228222711305352,3.6613355109125667
36.17,0.0658234315321784,-0.028020742210155616,3.778932549074449
36.1799999999999,0.0655442528047307,-0.02781535087483337,3.877119715103184
36.19,0.0652671176006035,-0.027612033898030686,3.9698064405084477
36.2,0.0649920052640587,-0.027410775547100086,4.075768665761396
36.21,0.0647188952745661,-0.027211561517253662,4.177889908729884
36.22,0.0644477672620836,-0.027014377785279077,4.390850974144261
36.23,0.0641786009668731,-0.026819221863686717,4.4464465992013
36.24,0.0639113761367481,-0.026626072830679186,4.471042150544198
36.25,0.0636460728955246,-0.026434906365292374,4.641735823764093
36.26,0.0633826714309771,-0.02624571392598682,4.7433234060031095
36.27,0.0631211520845402,-0.026058480581271175,4.923039578773892
36.28,0.0628614953199913,-0.025873198416085166,4.996024690351608
36.29,0.0626036816773907,-0.025689848111427188,5.055221164727312
36.3,0.0623476919837113,-0.025508408932093295,5.205995729630487
36.3099999999999,0.0620935071676714,-0.02532886926014874,5.3193060782583474
36.32,0.0618411083140881,-0.02515121445401964,5.493519235615465
36.33,0.061590476631623,-0.024975434866105622,5.571524755306495
36.34,0.0613415934298065,-0.024801511462371,5.643916644125582
36.35,0.0610944402773513,-0.02462942470487581,5.798937397313716
36.36,0.060848998855399,-0.024459162499299893,5.903276566851176
36.37,0.0606052510009481,-0.02429070834111518,6.000459542116912
36.38,0.0603631787184969,-0.024124044934070374,6.124203181015006
36.39,0.0601227641830683,-0.023959157306018462,6.246824609153113
36.4,0.059883989704449,-0.023796030293161442,6.3384713344982515
36.41,0.0596468377652871,-0.02363464632984981,6.480396259459792
36.42,0.0594112910114267,-0.023474992135290078,6.654797844390401
36.4299999999999,0.0591773321984719,-0.023317056488298023,6.693425727479323
36.44,0.0589449442261622,-0.023160817229489716,6.76280308820705
36.45,0.0587141102617669,-0.023006254746630976,6.921850387862253
36.46,0.0584848135853255,-0.02285335647347018,7.022699203025937
36.47,0.058257037641374,-0.02270210549210408,7.054173135567152
36.48,0.0580307660398354,-0.022552481706319787,7.551127005531975
36.49,0.0578059825568986,-0.02240449730097459,7.57304777339626
36.5,0.0575826707142807,-0.022258129053920966,7.319105545146187
36.51,0.0573608147130533,-0.022113334989211017,7.65464844622791
36.52,0.0571403987755435,-0.021970113726316593,7.76834241297969
36.53,0.0569214072457063,-0.021828450588391436,7.883034755321396
36.54,0.0567038246226627,-0.021688329997720156,7.982150330288967
36.55,0.0564876355606139,-0.02154973516120187,8.039081845708505
36.5599999999999,0.0562728248945307,-0.021412647007287035,8.196844105011213
36.57,0.0560593776399945,-0.021277053069057354,8.342088802872542
36.58,0.055847278898582,-0.021142940095323498,8.406301756537731
36.59,0.0556365139613112,-0.021010289887566452,8.5193463635323
36.6,0.0554270682765031,-0.02087908697947771,8.569748716834953
36.61,0.0552189274498713,-0.020749313655067138,8.937869870184567
36.62,0.0550120772446001,-0.02062097010649891,9.017741767367832
36.63,0.0548065033446952,-0.020494039109885596,8.853434748042377
36.64,0.0546021918478742,-0.02036848996899166,9.081952712242376
36.65,0.0543991289692504,-0.020244313904899287,9.21318253137848
36.66,0.0541973010373207,-0.020121497863873825,9.305492108871556
36.67,0.0539966945288551,-0.0200000265213863,9.424151595808056
36.6799999999999,0.0537972960683767,-0.01987988629308686,9.633651994733377
36.69,0.0535990924002648,-0.019761067990997003,9.663180959230957
36.7,0.0534020703637687,-0.01964355312769744,9.690814145280719
36.71,0.0532062170509107,-0.019527323377979054,9.871501949799114
36.72,0.0530115196488676,-0.019412368211418955,9.962340869266013
36.73,0.0528179654864135,-0.019298673112958138,10.053444262594887
36.74,0.0526255420331614,-0.01918622368403429,10.21096414849106
36.75,0.0524342368988161,-0.01907500874369951,10.315673245470267
36.76,0.0522440377901725,-0.01896501459239935,10.352480448913234
36.77,0.0520549325917462,-0.018856224572355584,10.469916828328545
36.78,0.0518669093276901,-0.01874862581943467,10.579798991905383
36.79,0.0516799561476396,-0.018642205449105668,10.674278623067858
36.8,0.0514940613356519,-0.018536950003451038,10.768925899778917
36.8099999999999,0.0513092133093333,-0.01843284608976179,10.843077145468635
36.82,0.0511254006216538,-0.018329879667969055,10.945789471337836
36.83,0.0509426119664262,-0.018228038080248442,11.04978312700174
36.84,0.0507608361525514,-0.018127308863192387,11.123552690889703
36.85,0.0505800621261439,-0.01802767848166388,11.21172615475277
36.86,0.0504002789629785,-0.01792913406797736,11.28110450543959
36.87,0.0502214758676427,-0.0178316624214905,11.4314372330049
36.88,0.0500436421726991,-0.017735253591103357,11.531119303425333
36.89,0.0498667672944875,-0.017639895614453227,11.52611254767777
36.9,0.0496908408086693,-0.017545572734044106,11.616411799784547
36.91,0.0495158524291387,-0.017452272916569818,11.718763679603345
36.92,0.049341791977994,-0.017359984906990464,11.7902651433109
36.9299999999999,0.0491686493990735,-0.01726869645892881,11.843337777332367
36.94,0.0489964147569865,-0.017178395066784365,12.027746819187945
36.95,0.0488250782361502,-0.017089072770181367,12.061112122060871
36.96,0.0486546300826217,-0.017000716385067935,12.033628297325578
36.97,0.0484850607365768,-0.016913310883989095,12.175780978495856
36.98,0.0483163607266075,-0.016826847089628588,12.23527255465857
36.99,0.0481485206941153,-0.0167413134900889,12.301987600573288
37.0,0.0479815313936851,-0.016656698818942606,12.365992141938321
37.01,0.0478153836920083,-0.016572991876267058,12.418698835018818
37.02,0.0476500685680246,-0.01649018129373011,12.485880162405858
37.03,0.0474855771139834,-0.016408256334355064,12.552146436757562
37.04,0.0473219005247335,-0.016327206392037615,12.601717018505681
37.05,0.0471590301058021,-0.01624702051153653,12.657587342162769
37.0599999999999,0.0469969572696187,-0.016167688078530126,12.714027376360807
37.07,0.0468356735344494,-0.01608919863468923,12.749132130535596
37.08,0.0466751705233355,-0.016011541238852556,12.780157829323322
37.09,0.0465154399716992,-0.015934705062684424,12.853625585716186
37.1,0.0463564737162794,-0.015858680672759206,12.90512535266589
37.11,0.0461982636855227,-0.01578345816833094,12.931517365705961
37.12,0.0460408019146546,-0.01570902707628211,12.97372193742619
37.13,0.0458840805389005,-0.015635377496022014,13.009040927098107
37.14,0.0457280917924557,-0.01556249954770313,13.054409742975317
37.15,0.0455728280074541,-0.015490383765991388,13.08733290268688
37.16,0.0454182816088078,-0.015419020496437615,13.108471096636132
37.17,0.0452644451216363,-0.015348399932894885,13.142340086779598
37.1799999999999,0.0451113111654858,-0.015278512753604789,13.171365111236035
37.19,0.0449588724528255,-0.015209349684763378,13.196921013573418
37.2,0.044807121788754,-0.01514090151379591,13.22331019477613
37.21,0.0446560520699535,-0.015073159161483064,13.224449059558642
37.22,0.0445056562841653,-0.015006113110634217,13.253624166635854
37.23,0.0443559275154939,-0.014939754695011387,13.288280912906115
37.24,0.0442068589263533,-0.014874075522112602,13.289673266750707
37.25,0.0440584437708589,-0.01480906655608449,13.305492585686492
37.26,0.0439106753897388,-0.014744719220805813,13.322487270125679
37.27,0.043763547209308,-0.014681025095058451,13.315135842980478
37.28,0.0436170527404428,-0.014617975256684367,13.25973266577953
37.29,0.0434711855878979,-0.014555559962760081,13.320054251011209
37.3,0.0433259394492601,-0.014493772262189123,13.364312021503466
37.3099999999999,0.0431813080753776,-0.014432604970932654,13.31633156021975
37.32,0.0430372853117431,-0.014372048982614315,13.321512837121759
37.33,0.0428938650842738,-0.014312096413681964,13.325516122588613
37.34,0.0427510413983434,-0.014252739489952506,13.277090226146665
37.35,0.0426088083378219,-0.01419396945966274,13.252980284447045
37.36,0.0424671600789222,-0.014135778299503392,13.299339596912187
37.37,0.0423260908640637,-0.014078159596635047,13.28291204498284
37.38,0.0421855950042182,-0.01402110577255761,13.24751626051321
37.39,0.0420456668917861,-0.013964608928754228,13.2342878129014
37.4,0.0419063009934083,-0.013908661739879999,13.218115438995197
37.41,0.041767491849035,-0.013853256964136557,13.194560384850698
37.42,0.041629234070995,-0.013798387240880675,13.098171684814577
37.4299999999999,0.0414915223481761,-0.013744044023297763,13.124145982794447
37.44,0.0413543514554428,-0.01369022130029753,13.154146696576325
37.45,0.0412177162074131,-0.013636913242454085,13.06992484472531
37.46,0.0410816115009267,-0.013584111961409465,13.048640379510118
37.47,0.0409460323011418,-0.01353181077834766,13.015334848370648
37.48,0.0408109736406415,-0.013480002995812888,13.00563045059525
37.49,0.0406764306185332,-0.013428682289438887,12.847179552100041
37.5,0.0405423983995555,-0.013377839836363597,12.825450790606931
37.51,0.0404088722471865,-0.01332746951273062,12.913973147375602
37.52,0.0402758474502315,-0.013277567273193026,12.814371117954659
37.53,0.0401433193654689,-0.013228125861079108,12.756653080390937
37.54,0.0400112834185979,-0.013179138708968528,12.71470380084676
37.55,0.0398797350974472,-0.013130599695540882,12.678655424284083
37.5599999999999,0.0397486699511341,-0.013082502864980469,12.589727180347197
37.57,0.0396180835892234,-0.013034841369869687,12.43764677097549
37.58,0.0394879716966051,-0.012987607570864174,12.49589869585836
37.59,0.0393583300255995,-0.012940797504380012,12.505761810767961
37.6,0.0392291543506466,-0.012894406491921185,12.365063120370026
37.61,0.039100440522081,-0.012848427421618206,12.321118141907569
37.62,0.0389721844474876,-0.012802854756285958,12.259952374848817
37.63,0.0388443820909217,-0.012757682887990472,12.226419317250901
37.64,0.0387170294721265,-0.012712906564909799,12.017899847698638
37.65,0.038590122665751,-0.012668517997073183,12.014095291126392
37.66,0.0384636578339112,-0.012624512775466674,12.074314299153995
37.67,0.0383376311448481,-0.012580887561832479,11.906497522397695
37.6799999999999,0.0382120388379593,-0.012537635601163333,11.852007168238304
37.69,0.0380868772055557,-0.012494751805458676,11.781365553478519
37.7,0.0379621425917116,-0.0124522310389754,11.726253738442601
37.71,0.0378378313915215,-0.012410068392171755,11.58345278498099
37.72,0.0377139400503627,-0.012368257716405725,11.459909237842979
37.73,0.0375904650818251,-0.01232679335064421,11.497376975383633
37.74,0.0374674030401091,-0.01228567210830693,11.434342236689496
37.75,0.03734475051157,-0.012244889419659073,11.304473628946806
37.76,0.0372225041413187,-0.012204439749725847,11.235172123268635
37.77,0.037100660621861,-0.012164318482591786,11.159333202961646
37.78,0.0369792166924042,-0.012124521032706437,11.089030621467293
37.79,0.036858169138165,-0.01208504276942526,10.806183034595438
37.8,0.0367375147956755,-0.0120458763616343,10.840748688237756
37.8099999999999,0.0366172505803624,-0.012007019039583558,10.91599148741512
37.82,0.0364973733933795,-0.011968468650973285,10.682336091700702
37.83,0.0363778802045471,-0.011930218886852553,10.61836595152979
37.84,0.0362587680272699,-0.011892265624006913,10.527837617621493
37.85,0.0361400339179079,-0.011854604598337861,10.464392453365368
37.86,0.0360216749751467,-0.011817231832310891,10.24517468720286
37.87,0.0359036883393621,-0.011780141405096842,10.150458123608303
37.88,0.0357860712187808,-0.011743329206038874,10.20698455245681
37.89,0.0356688208355923,-0.01170679317779831,10.069134003729939
37.9,0.035551934449713,-0.01167052881657175,9.943596271291236
37.91,0.0354354093681555,-0.011634531717455952,9.854912331121854
37.92,0.035319242937275,-0.011598798035225046,9.761551304464168
37.9299999999999,0.035203432542183,-0.01156332395249622,9.669515621843829
37.94,0.03508797560616,-0.011528105625206326,9.455368616931903
37.95,0.034972869593535,-0.01149313784749075,9.429943415850856
37.96,0.0348581120231158,-0.011458417854895027,9.424784733066609
37.97,0.0347437004195283,-0.011423943184429044,9.239146991416002
37.98,0.0346296323566938,-0.011389709216556045,9.154097288817384
37.99,0.0345159054442905,-0.01135571251143069,9.053362336297909
38.0,0.0344025173272001,-0.011321949576556582,8.975439503169111
38.01,0.0342894656849504,-0.011288417145630173,8.775586829227207
38.02,0.0341767482311598,-0.011255110549807275,8.61933381426173
38.03,0.0340643627334437,-0.011222025805825096,8.66821098023033
38.04,0.0339523069811234,-0.01118916141742739,8.573382402479053
38.05,0.0338405787813582,-0.011156514268974814,8.407023304634114
38.0599999999999,0.0337291759845671,-0.011124080376325302,8.315762525481338
38.07,0.0336180964732703,-0.011091856643558572,8.210966461341087
38.08,0.0335073381615792,-0.011059839943777506,8.15840541603583
38.09,0.033396898994682,-0.011028027541983242,7.757626952497139
38.1,0.033286776949114,-0.010996413033783198,7.789039769262731
38.11,0.0331769700785867,-0.010964994989555096,7.932396497392646
38.12,0.0330674763968708,-0.010933773259644055,7.6148255071504565
38.13,0.032958293975483,-0.010902742663828428,7.540599233401534
38.14,0.0328494209154417,-0.010871900506202506,7.4309050465312
38.15,0.0327408553468133,-0.010841243904697456,7.333903006951179
38.16,0.0326325954282575,-0.010810770102163391,7.182987886578118
38.17,0.0325246393465731,-0.010780475764705113,7.001429749117917
38.1799999999999,0.0324169853257797,-0.010750357355423373,6.990162296946671
38.19,0.0323096316187555,-0.01072041321615221,6.923075402218471
38.2,0.0322025764883675,-0.010690641140157348,6.749703682410927
38.21,0.0320958182332138,-0.010661037804204448,6.651815753100354
38.22,0.031989355178265,-0.010631600666666878,6.542258573280183
38.23,0.03188318567444,-0.010602327154165456,6.445669384480967
38.24,0.0317773080981771,-0.010573214813361723,6.276730758848482
38.25,0.0316717208510105,-0.010544260516677853,6.184948793041505
38.26,0.0315664223684324,-0.01051546198340813,6.13642657913871
38.27,0.0314614110984837,-0.010486817408461812,5.995046810463091
38.28,0.0313566855159717,-0.0104583240912185,5.88696702316429
38.29,0.0312522441203403,-0.010429979654255744,5.7815001906757315
38.3,0.0311480854342314,-0.010401781806964062,5.688418553655534
38.3099999999999,0.031044208003072,-0.010373728381273505,5.550016853449783
38.32,0.030940610394661,-0.010345816675164272,5.244112302651828
38.33,0.0308372912095299,-0.010318042540808307,5.3067624010648204
38.34,0.0307342490869143,-0.010290405500351478,5.343877763826894
38.35,0.0306314826459954,-0.010262904861770786,5.079857537483524
38.36,0.0305289905464272,-0.010235537034935146,4.998502081171453
38.37,0.0304267714690456,-0.010208300077397484,4.888563259332783
38.38,0.0303248241155081,-0.0101811919251549,4.827774256993536
38.39,0.0302231472079303,-0.010154210833323204,4.489504973348493
38.4,0.0301217394885234,-0.01012735254749267,4.377460820147584
38.41,0.0300205997531668,-0.010100615085892474,4.543904376094292
38.42,0.0299197267830992,-0.010073999102659862,4.357138566835067
38.4299999999999,0.0298191193748438,-0.010047502032420937,4.187541431739674
38.44,0.0297187763542586,-0.010021121332131512,4.091664444553651
38.45,0.0296186965663325,-0.009994855187132659,3.9823725748718757
38.46,0.0295188788748646,-0.009968701732260943,3.879276902255979
38.47,0.0294193221621477,-0.009942659162825591,3.7490731699891695
38.48,0.0293200253286515,-0.009916725456769951,3.631720875546093
38.49,0.0292209872961668,-0.0098908987511626,3.5595598019318775
38.5,0.0291222070018298,-0.009865177613721694,3.4541720941034617
38.51,0.0290236833977136,-0.009839560344542583,3.3355105054607566
38.52,0.0289254154546725,-0.009814045135289115,3.2339415953239277
38.53,0.0288274021602535,-0.009788630347124945,3.1304402962462725
38.54,0.0287296425183837,-0.009763314357644938,3.0311980574192767
38.55,0.0286321355490582,-0.009738095593879274,2.9165708239856305
38.5599999999999,0.0285348802880275,-0.00971297236720678,2.7989665905836754
38.57,0.0284378757886694,-0.009687943003279203,2.726554333033354
38.58,0.0283411211193381,-0.00966300623872904,2.636646450649278
38.59,0.0282446153599365,-0.009638160684459815,2.522679944057547
38.6,0.0281483576068118,-0.009613404760718387,2.429049799758396
38.61,0.0280523469705942,-0.009588737070216827,2.332102544923738
38.62,0.0279565825758859,-0.009564156231069907,2.269916487463966
38.63,0.0278610635609553,-0.009539661082679125,2.065795247618497
38.64,0.027765789077429,-0.009515249139851589,1.5949669724795041
38.65,0.0276707583128605,-0.00949091603256828,1.8845067299197928
38.66,0.0275759704879097,-0.009466663692570855,2.0420466953240863
38.67,0.0274814247687091,-0.00944249300606102,1.628102702807099
38.6799999999999,0.0273871203673263,-0.009418400182531629,1.5815956511299487
38.69,0.0272930565089206,-0.009394384196362526,1.4795657911034552
38.7,0.0271992324315055,-0.009370443774261734,1.3941246385492687
38.71,0.0271056473857062,-0.009346577748790686,1.2791841919060483
38.72,0.0270123006345225,-0.009322784560275953,0.8334016307219217
38.73,0.0269191914629115,-0.009299060276264186,0.9897742490589769
38.74,0.026826319196381,-0.009275405757137463,1.1538189139520678
38.75,0.0267336831137259,-0.00925182194054817,0.7817791961634384
38.76,0.0266412825318942,-0.009228305607571064,0.7229890276042866
38.77,0.0265491167798829,-0.009204855778864105,0.6186694711071533
38.78,0.0264571851985455,-0.009181471278379144,0.5106529917675373
38.79,0.0263654871404,-0.00915815089356156,0.3404442057746903
38.8,0.0262740219694365,-0.009134893318897611,0.9315495395066544
38.8099999999999,0.0261827890542383,-0.00911170265101421,0.4473876144884784
38.82,0.0260917877075196,-0.009088574812609093,-0.20631763380835838
38.83,0.0260010173631865,-0.009065504480345866,0.21782386651624053
38.84,0.0259104774185352,-0.009042494340393958,0.05244579783408381
38.85,0.0258201672800046,-0.009019543108187486,-0.024889977953047596
38.86,0.0257300863629117,-0.00899664990945236,-0.10988525301215393
38.87,0.025640234091181,-0.00897381389665091,-0.05555664569972461
38.88,0.0255506098970807,-0.008951034870647787,-0.855640065118316
38.89,0.0254612132209547,-0.008928306780449976,-0.6196066561309961
38.9,0.025372043585579,-0.008905631182081538,-0.07495255334034599
38.91,0.0252831004128214,-0.008883011853564785,-0.6596991925755569
38.92,0.0251943831738641,-0.00886044457441756,-0.6774451366682802
38.9299999999999,0.0251058913496633,-0.00883792878035852,-0.761185078411105
38.94,0.0250176244292443,-0.008815463686792445,-0.8502993727219421
38.95,0.024929581909506,-0.008793048516352419,-0.7734368864834938
38.96,0.0248417632950208,-0.008770683232839332,-1.696640031267031
38.97,0.0247541680978376,-0.008748361142739906,-1.5748063207902832
38.98,0.0246667959238378,-0.008726083021675778,-0.8273484279148259
38.99,0.0245796462771708,-0.00870385398803088,-1.3808477605363356
39.0,0.0244927186922875,-0.008681670307927446,-1.5232172318049266
39.01,0.0244060127239989,-0.008659530630445786,-1.6020282686169098
39.02,0.0243195279354139,-0.00863743423064776,-1.691775641805264
39.03,0.0242332638978355,-0.008615380294274035,-1.998238158984137
39.04,0.024147220190658,-0.008593367091617258,-1.0262957621679902
39.05,0.0240613964012646,-0.008571401228809304,-1.081060895936535
39.0599999999999,0.0239757920138408,-0.008549482075400142,-2.4255893526581804
39.07,0.023890406630755,-0.00852760040436163,-2.145430520555493
39.08,0.0238052398756292,-0.008505757632560826,-1.9248353134659688
39.09,0.0237202913440952,-0.008483955333553398,-2.0462188913457235
39.1,0.0236355606364697,-0.008462192776900168,-2.108965996061689
39.11,0.0235510473575054,-0.00844046953161412,-1.986253407122877
39.12,0.0234667511161388,-0.00841878597028486,-2.8755068822271173
39.13,0.0233826715252417,-0.008397135913190055,-3.486982922737373
39.14,0.0232988082947943,-0.00837551544914499,-2.381479892429476
39.15,0.0232151610963322,-0.00835393173206752,-2.379864356716791
39.16,0.0231317295387602,-0.008332385022622625,-3.005772250267868
39.17,0.023048513284817,-0.008310871252065923,-3.0172569686923936
39.1799999999999,0.0229655120053874,-0.008289389955689192,-3.5620050380157657
39.19,0.0228827253795977,-0.008267938683691623,-1.22600271939377
39.2,0.0228001530916885,-0.008246531954970819,-2.2899788037578275
39.21,0.0227177946172688,-0.00822516297601181,-4.37393310465007
39.22,0.0226356497413527,-0.008203818680026752,-2.791096527615595
39.23,0.0225537181340327,-0.008182508246204739,-3.093006747817619
39.24,0.0224719994674029,-0.00816123051433322,-2.9735520911766393
39.25,0.022390493415215,-0.008139985936315784,-3.5643885400754907
39.26,0.0223091996525311,-0.008118770418070673,-4.7316262779827145
39.27,0.0222281179274162,-0.008097577029274213,-3.5496588218671628
39.28,0.022147248015181,-0.008076413043713617,-2.9795468931244544
39.29,0.0220665895599271,-0.008055282182047648,-3.944014672723748
39.3,0.0219861422778639,-0.008034178868653995,-3.8804305496550118
39.3099999999999,0.0219059058907251,-0.008013103104528418,-4.244066587677151
39.32,0.0218258801258035,-0.00799205333792928,-2.9810557394111887
39.33,0.0217460647159873,-0.007971037102849922,-3.286070992880707
39.34,0.021666459280513,-0.007950052582840022,-4.646164758566076
39.35,0.0215870635807431,-0.007929091848460183,-4.019544452926206
39.36,0.0215078773537907,-0.007908158252150032,-4.000322232339502
39.37,0.0214289003240241,-0.007887252272821641,-3.9953348849632895
39.38,0.021350132217019,-0.007866373982996546,-4.184791356541102
39.39,0.0212715727593081,-0.007845521835454205,-5.592701602869143
39.4,0.0211932217140223,-0.007824688011552443,-4.694719402097826
39.41,0.021115078920305,-0.007803877770110075,-3.7829762426896236
39.42,0.0210371440663805,-0.00778309649220087,-4.832302987267236
39.4299999999999,0.0209594169105869,-0.007762338626244973,-4.865536368462293
39.44,0.0208818972153416,-0.007741603926998397,-4.455299728781919
39.45,0.0208045847471432,-0.007720894934895063,-4.3088854476466265
39.46,0.0207274792300707,-0.007700212503895711,-5.05253840263385
39.47,0.0206505804206071,-0.00767955260757173,-5.1211860363822375
39.48,0.0205738881035203,-0.007658914818244797,-4.948726871284832
39.49,0.0204974020476486,-0.007638300159901711,-5.2489372485502725
39.5,0.0204211220245921,-0.007617707571477752,-4.297961230759648
39.51,0.0203450478083697,-0.0075971422354307976,-4.7513725077564395
39.52,0.0202691790978664,-0.007576601803510781,-5.660180460817973
39.53,0.0201935157020947,-0.007556081527528332,-5.0523865522181755
39.54,0.0201180573908134,-0.007535584541622521,-5.1502721444837665
39.55,0.0200428039352491,-0.007515110591158377,-5.410637067316253
39.5599999999999,0.0199677551080963,-0.0074946581360040765,-6.210597990647504
39.57,0.0198929107112969,-0.007474223191474005,-5.6332074482997445
39.58,0.0198182705755163,-0.0074538089428293625,-5.216875797823964
39.59,0.019743834457586,-0.00743341779049821,-5.830143401030194
39.6,0.0196696021515486,-0.007413046800106479,-5.994676225058714
39.61,0.0195955734544151,-0.00739269539136433,-5.230082867811639
39.62,0.0195217481661619,-0.007372367740676618,-5.177805339022006
39.63,0.0194481260214561,-0.007352064200341566,-6.2206197995997625
39.64,0.0193747068167578,-0.007331779621806671,-6.074993083603779
39.65,0.0193014903632233,-0.00731151467066567,-5.913358262394612
39.66,0.0192284764549163,-0.007291270396775062,-6.030932337403487
39.67,0.019155664887204,-0.007271046493962658,-5.98909708461094
39.6799999999999,0.0190830554562164,-0.0072508433222148614,-6.094546035170108
39.69,0.0190106479528996,-0.00723066053012842,-6.235599116276235
39.7,0.0189384421791469,-0.007210497596698539,-6.22850445393949
39.71,0.0188664379342634,-0.007190354705320732,-6.321131617150966
39.72,0.0187946350187306,-0.007170231636020123,-6.29448059836058
39.73,0.0187230332342077,-0.007150128751505069,-6.200863428367096
39.74,0.0186516323750237,-0.0071300466641689535,-6.447772167348399
39.75,0.0185804322347888,-0.007109984368347389,-6.594845790088326
39.76,0.0185094326230797,-0.007089941319773976,-6.527916381788568
39.77,0.0184386333428574,-0.007069917994294121,-6.64132225828984
39.78,0.0183680341979454,-0.007049914136548491,-6.548449422517363
39.79,0.0182976349930297,-0.007029930428367661,-6.447330430679229
39.8,0.0182274355208439,-0.007009967510571725,-6.762063417099369
39.8099999999999,0.0181574355774495,-0.006990024109566606,-6.886076827707722
39.82,0.0180876349745724,-0.006970099805936875,-6.801269908835114
39.83,0.0180180335160057,-0.006950195169806746,-6.8951738634651285
39.84,0.0179486310060059,-0.006930310037890746,-6.875150093414215
39.85,0.0178794272492943,-0.006910444715787362,-6.885191124728611
39.86,0.0178104220454281,-0.006890599352677435,-7.045251500195336
39.87,0.0177416151972778,-0.006870773430667539,-7.1070845184895735
39.88,0.0176730065121952,-0.006850966859798357,-7.117131416114757
39.89,0.0176045957951112,-0.006831179802915174,-7.173689337125376
39.9,0.0175363828512711,-0.0068114122222982226,-7.256259082052255
39.91,0.0174683674862348,-0.006791663958389052,-7.319985930336918
39.92,0.0174005495078598,-0.0067719349449333706,-7.3409182887933095
39.9299999999999,0.0173329287228275,-0.00675222530272084,-7.401759563977654
39.94,0.0172655049374047,-0.0067325349871624465,-7.465508426818018
39.95,0.0171982779589205,-0.006712863914884142,-7.6268426648731555
39.96,0.0171312475950633,-0.006693211763329158,-7.1487822215803725
39.97,0.0170644136538824,-0.006673580820795808,-7.169487637456267
39.98,0.0169977759086994,-0.006653971181052633,-7.819709738672333
39.99,0.0169313341665048,-0.006634380312739846,-7.701206846604027
40.0,0.0168650882377688,-0.0066148088151749464,-7.628542915053772
40.01,0.0167990379239664,-0.006595257260049269,-7.71185806736915
40.02,0.0167331830262132,-0.006575725579160772,-7.693399545847729
40.03,0.0166675233452659,-0.006556214069199963,-7.74598820835374
40.04,0.0166020586776641,-0.006536722736397594,-7.855154877508048
40.05,0.0165367888238776,-0.006517251360292544,-7.8726010281600525
40.0599999999999,0.0164717135834745,-0.006497800083250736,-7.9107412455949495
40.07,0.0164068327549842,-0.006478368979795166,-7.989433288332221
40.08,0.016342146136507,-0.006458958008080807,-7.86895391449938
40.09,0.016277653525713,-0.006439567870930788,-7.95941706293929
40.1,0.0162133547102746,-0.006420198430094181,-8.159679448020407
40.11,0.0161492494896367,-0.0064008491219640145,-8.109899046182896
40.12,0.0160853376595079,-0.00638152033845844,-8.15398683582769
40.13,0.0160216190142151,-0.00636221215745758,-8.216468020426552
40.14,0.0159580933475168,-0.0063429245888465815,-8.181277822915554
40.15,0.0158947604526028,-0.006323658005128284,-8.21129592625433
40.16,0.0158316201172711,-0.006304412515040793,-8.352505265671018
40.17,0.0157686721328649,-0.006285187808126632,-8.379320370179343
40.1799999999999,0.0157059162914185,-0.006265983996953338,-8.396431333048962
40.19,0.0156433523827572,-0.006246801249241724,-8.466764101180244
40.2,0.0155809801960439,-0.006227639564831735,-8.417499837910857
40.21,0.0155187995197771,-0.006208499390901688,-8.347911817469946
40.22,0.0154568101353575,-0.006189381202845859,-8.56338519659117
40.23,0.0153950118241742,-0.006170284432054982,-8.659915271259052
40.24,0.0153334043755622,-0.006151208934226634,-8.601326199341788
40.25,0.0152719875732613,-0.006132155144451595,-8.667656263823714
40.26,0.0152107612001615,-0.006113123086110021,-8.684747784754363
40.27,0.0151497250383028,-0.006094112962809947,-8.586195262743082
40.28,0.0150888788662274,-0.00607512534892495,-8.737678654933735
40.29,0.0150282224573257,-0.00605615993201088,-8.876933713803632
40.3,0.0149677555942157,-0.0060372164414433695,-8.811165995361607
40.3099999999999,0.0149074780540505,-0.006018295322127498,-8.867936466742188
40.32,0.014847389612999,-0.0059993966298107874,-8.919367873531682
40.33,0.0147874900462474,-0.005980520448140029,-8.817451043571005
40.34,0.0147277791273682,-0.005961667353314105,-8.926788096297301
40.35,0.0146682566227809,-0.005942837196600875,-9.078001692876153
40.36,0.0146089223076647,-0.005924029689331727,-9.016910496229047
40.37,0.0145497759522115,-0.005905245249446592,-9.068211455170346
40.38,0.0144908173255328,-0.005886483952445883,-9.124662328518799
40.39,0.0144320461956593,-0.0058677458622016995,-9.050849309243201
40.4,0.0143734623295406,-0.005849031453440895,-9.118230271234154
40.41,0.0143150654877381,-0.00583034072843823,-9.255935545245949
40.42,0.0142568554365761,-0.0058116734610749385,-9.227301822864414
40.4299999999999,0.0141988319393559,-0.0057930299574817665,-9.263137773085123
40.44,0.014140994757812,-0.005774410341636711,-9.310072563428768
40.45,0.0140833436525231,-0.005755814702872465,-9.289860074219115
40.46,0.0140258783829101,-0.005737243338256694,-9.317466400421221
40.47,0.0139685987044854,-0.005718696383316709,-9.418177095473693
40.48,0.0139115043741012,-0.0057001737428099735,-9.438228819457334
40.49,0.0138545951480499,-0.0056816755707290775,-9.455199865054382
40.5,0.0137978707805633,-0.005663202042778306,-9.4957668880783
40.51,0.0137413310246697,-0.0056447532636816865,-9.524842783059919
40.52,0.013684975632193,-0.005626329388117472,-9.46333579604526
40.53,0.0136288043527293,-0.005607930824631617,-9.56199246519197
40.54,0.0135728169316142,-0.005589557490442481,-9.667186427002747
40.55,0.0135170131189951,-0.00557120928320839,-9.628756514764332
40.5599999999999,0.0134613926611725,-0.005552886530749985,-9.671799551821188
40.57,0.0134059553031807,-0.005534589338108386,-9.707769237010902
40.58,0.013350700788789,-0.005516317822501692,-9.714591414992622
40.59,0.0132956288605001,-0.0054980721854766545,-9.745534908361272
40.6,0.0132407392584279,-0.005479852553980091,-9.804862003661936
40.61,0.0131860317225491,-0.005461658971957492,-9.827447461939297
40.62,0.0131315059916586,-0.005443491588129042,-9.852465638032085
40.63,0.0130771618029806,-0.005425350548466677,-9.889827458143365
40.64,0.0130229988924554,-0.005407235966979184,-9.908117807847232
40.65,0.0129690169947395,-0.005389148030175836,-9.823989570849843
40.66,0.0129152158417673,-0.005371087186618378,-9.940195054292644
40.67,0.0128615951610969,-0.005353053316745057,-10.053965093201736
40.6799999999999,0.0128081546857088,-0.005335046307464075,-9.995734117475376
40.69,0.0127548941442809,-0.005317066522734972,-10.03870999379262
40.7,0.012701813264135,-0.005299114073725958,-10.037550330608607
40.71,0.0126489117712347,-0.00528118914613162,-10.210210108300174
40.72,0.0125961893901863,-0.005263291471879978,-10.227137269726333
40.73,0.0125436458502271,-0.00524542122132092,-10.099053488146401
40.74,0.0124912808726998,-0.005227578954294064,-10.18813124085872
40.75,0.0124390941779012,-0.0052097646574275685,-10.239393817717447
40.76,0.0123870854860944,-0.005191978387342503,-10.270877968595066
40.77,0.0123352545162752,-0.005174220266142442,-10.278521792791736
40.78,0.0122836009861729,-0.005156490501829168,-10.183717724485728
40.79,0.0122321246104663,-0.005138789539936746,-10.315106728438888
40.8,0.0121808250998427,-0.005121117234345773,-10.430912559446456
40.8099999999999,0.012129702170426,-0.005103473478260817,-10.361901624725117
40.82,0.012078755533972,-0.005085858639000077,-10.404225780248044
40.83,0.012027984900892,-0.005068272825935874,-10.403471696138855
40.84,0.0119773899802507,-0.005050716215131739,-10.561644823225668
40.85,0.0119269704797679,-0.005033188602189123,-10.565985621259843
40.86,0.011876726110795,-0.00501569017831003,-10.455475531769947
40.87,0.0118266565775091,-0.00499822141803084,-10.545303704302382
40.88,0.0117767615835775,-0.0049807823084458466,-10.583898094467365
40.89,0.0117270408321916,-0.004963372936779232,-10.60597481828475
40.9,0.0116774940252685,-0.0049459934378274515,-10.633333154507788
40.91,0.0116281208634506,-0.004928643935106633,-10.664534976820597
40.92,0.0115789210461888,-0.00491132454286247,-10.685765631509856
40.9299999999999,0.0115298942717668,-0.004894035398664244,-10.707276688936396
40.94,0.0114810402369416,-0.004876776638781785,-10.736902601578567
40.95,0.0114323586373127,-0.004859548381510006,-10.742564626235065
40.96,0.0113838491672098,-0.004842350782518264,-10.866162881553118
40.97,0.0113355115196936,-0.004825183737634971,-10.858998627215156
40.98,0.011287345389891,-0.004808047448217502,-10.800648962089692
40.99,0.0112393504672785,-0.004790942231470858,-10.888125024930444
41.0,0.0111915264416751,-0.004773868077774972,-10.896262183010782
41.01,0.0111438730017429,-0.004756825131829185,-10.965558143729265
41.02,0.0110963898349392,-0.004739813409052457,-11.018755328426169
41.03,0.0110490766292108,-0.004722832968146572,-10.9846573475678
41.04,0.0110019330705046,-0.004705884062129971,-11.006010318208912
41.05,0.0109549588424437,-0.004688966823273438,-11.056270488460516
41.0599999999999,0.010908153628258,-0.004672081313271693,-11.078558338657594
41.07,0.0108615171100308,-0.004655227649703293,-11.11598154452191
41.08,0.010815048968794,-0.004638405922346685,-11.134491091268146
41.09,0.0107687488846961,-0.004621616260855954,-11.151251511218737
41.1,0.010722616536262,-0.004604858797871512,-11.183779928398858
41.11,0.0106766516010775,-0.004588133631589087,-11.210967263764168
41.12,0.0106308537555898,-0.004571440872133435,-11.214780765253025
41.13,0.0105852226751092,-0.004554780676527389,-11.241927325929847
41.14,0.0105397580331716,-0.00453815315105325,-11.283848602658598
41.15,0.0104944595029152,-0.004521558370689973,-11.297430970332602
41.16,0.0104493267561642,-0.004504996469759104,-11.286560268977857
41.17,0.0104043594635328,-0.004488467610642572,-11.450345277885638
41.1799999999999,0.0103595572944835,-0.004471971588969987,-11.647803277755221
41.19,0.0103149199227467,-0.004455508169647505,-11.432972009106614
41.2,0.0102704470205518,-0.004439077946090025,-11.38030981591661
41.21,0.0102261382524369,-0.004422681195321582,-11.549428515865259
41.22,0.0101819932855359,-0.004406317741365929,-11.566227579526903
41.23,0.0101380117860581,-0.004389987712515031,-11.394539102869233
41.24,0.0100941934184853,-0.004373691593272458,-11.519597768651025
41.25,0.0100505378415339,-0.00435742928608417,-11.701943711182624
41.26,0.010007044720535,-0.004341200583613357,-11.595455813273228
41.27,0.0099637137167858,-0.004325005828752545,-11.557145900192179
41.28,0.0099205444905341,-0.004308845202590876,-11.995751217305623
41.29,0.009877536700977,-0.0042927180050825135,-12.029843536669631
41.3,0.0098346900183755,-0.004276624326089978,-11.626520478813108
41.3099999999999,0.0097920041001269,-0.004260565065512508,-11.806572835985442
41.32,0.0097494786028641,-0.0042445400654433285,-11.931165070873828
41.33,0.0097071131847473,-0.0042285492314491965,-11.84975969077555
41.34,0.0096649075031919,-0.004212592881408387,-11.593533273626239
41.35,0.0096228612105232,-0.004196671617419986,-11.830122441152922
41.36,0.0095809739548403,-0.004180785148500813,-12.016243928057436
41.37,0.0095392453920249,-0.004164933271080864,-11.766888013817685
41.38,0.0094976751730256,-0.00414911647262497,-12.442424808352976
41.39,0.0094562629485353,-0.0041333337151240835,-12.279517300691156
41.4,0.0094150083836385,-0.0041175854175224975,-11.817539650762754
41.41,0.009373911122743,-0.004101872519889993,-12.165535413311156
41.42,0.0093329708167899,-0.004086194562006673,-12.418325554851902
41.4299999999999,0.0092921871161333,-0.004070551176260145,-12.573174673807179
41.44,0.0092515596782017,-0.004054942228932428,-12.331115123663071
41.45,0.0092110881551886,-0.004039368249934072,-12.451682594664637
41.46,0.0091707721967042,-0.004023829196304173,-12.480175888109788
41.47,0.0091306114541454,-0.004008325199271728,-12.003841326940647
41.48,0.0090906055734126,-0.003992857156853381,-12.364729403729354
41.49,0.0090507541927684,-0.003977424593550845,-12.728072570812577
41.5,0.0090110569645106,-0.0039620270151557715,-12.535103197537959
41.51,0.0089715135341555,-0.0039466648817725394,-12.109154607282452
41.52,0.0089321235463281,-0.003931339030843346,-12.246085354768628
41.53,0.0088928866331211,-0.0039160493575524525,-12.659504658712834
41.54,0.0088538024399366,-0.003900795335528322,-12.239435979430326
41.55,0.0088148706059298,-0.003885577641158343,-12.912066726985447
41.5599999999999,0.0087760907690611,-0.003870395305268368,-13.335486963430274
41.57,0.0087374625830561,-0.0038552477870566326,-12.62146717976229
41.58,0.0086989856935792,-0.003840136305405771,-12.570340167439298
41.59,0.0086606597365214,-0.0038250610806792244,-12.995234494338938
41.6,0.0086224843534322,-0.003810021478541671,-13.868195023988099
41.61,0.0085844591915616,-0.003795016260100051,-13.503208118290063
41.62,0.0085465839113258,-0.0037800460822441997,-12.991259437099657
41.63,0.0085088581508822,-0.003765111805309083,-13.87045537060774
41.64,0.0084712815578663,-0.003750212411373349,-12.526241990820866
41.65,0.0084338537805227,-0.003735349933785068,-12.829125750142076
41.66,0.0083965744378146,-0.003720524029620836,-14.034357931397967
41.67,0.0083594431825228,-0.003705733052787423,-13.500729834937331
41.6799999999999,0.0083224596574216,-0.0036909778395650067,-13.083543139664878
41.69,0.0082856235037132,-0.0036762592311033633,-12.444429699660853
41.7,0.0082489343480856,-0.0036615782472166603,-13.060105673677871
41.71,0.0082123918155672,-0.0036469341723941737,-12.747757442954505
41.72,0.0081759955419196,-0.003632327269363301,-15.007839565654509
41.73,0.0081397451550725,-0.003617754471598334,-14.779149446220776
41.74,0.0081036403364516,-0.003603216207737576,-12.857251555988038
41.75,0.008067680708415,-0.003588715172659143,-14.239913623401378
41.76,0.0080318659135881,-0.003574249766515033,-13.845722015949638
41.77,0.0079961955928836,-0.0035598204962642025,-14.129420164305456
41.78,0.0079606693841822,-0.003545427078273204,-14.468273238215854
41.79,0.0079252869327195,-0.003531069157285836,-14.262018252131734
41.8,0.0078900478816681,-0.0035167470845200227,-14.345422552253666
41.8099999999999,0.0078549518716451,-0.0035024608534016547,-14.581328309139634
41.82,0.0078199985457294,-0.0034882102487858737,-14.66323219621538
41.83,0.0077851875476181,-0.003473995290805071,-14.245903716868053
41.84,0.0077505185193064,-0.003459816609571673,-14.453609490244013
41.85,0.0077159910951577,-0.0034456740416866187,-14.801656878940038
41.86,0.0076816049191948,-0.0034315672204441603,-14.842932077674734
41.87,0.0076473596317277,-0.0034174961348616695,-15.222112279244136
41.88,0.0076132548783197,-0.00340346042330829,-15.02588596584641
41.89,0.0075792903043403,-0.003389460410015816,-15.063334228592254
41.9,0.0075454655508926,-0.0033754961695358176,-15.0799585523459
41.91,0.0075117802615128,-0.0033615677770224787,-15.179489037381822
41.92,0.007478234076044,-0.0033476751965166806,-15.338701262314416
41.9299999999999,0.0074448266387942,-0.003333818297935008,-15.617050562803632
41.94,0.0074115575927258,-0.003319996721774141,-16.946859736609273
41.95,0.0073784265907194,-0.0033062089896566836,-16.48630649467686
41.96,0.0073454332980585,-0.0032924556997058433,-16.20486883384997
41.97,0.0073125773602146,-0.0032787373662974744,-15.900918683954869
41.98,0.0072798584326521,-0.0032650545063150098,-15.675731766883759
41.99,0.0072472761514239,-0.003251407420005855,-16.838487178682147
42.0,0.0072148301684907,-0.0032377948950882817,-16.707516429358243
42.01,0.0071825201373241,-0.003224217154125852,-16.14290486699285
42.02,0.0071503457072643,-0.0032106749535450335,-16.252021326234498
42.03,0.0071183065201078,-0.0031971682807633277,-16.619802114107863
42.04,0.0070864022251857,-0.0031836966906400076,-18.253248239593376
42.05,0.0070546324743869,-0.003170258443419135,-18.19276652802797
42.0599999999999,0.0070229969443739,-0.003156853677215036,-17.306352415503902
42.07,0.0069914952868237,-0.0031434833833900036,-18.71449913769569
42.08,0.0069601271659459,-0.0031301461951866736,-18.938731614960773
42.09,0.0069288922529697,-0.0031168419097350178,-18.961798384228256
42.1,0.0068977902169643,-0.0031035707169507925,-17.650561938036386
42.11,0.0068668207241391,-0.003090334107312513,-18.206045480940666
42.12,0.0068359834213352,-0.003077131619552481,-19.39751810342876
42.13,0.0068052779808144,-0.0030639621659024592,-18.39672856913087
42.14,0.006774704064713,-0.0030508268225859043,-18.541302259100142
42.15,0.0067442613310698,-0.0030377255772166593,-19.110200672426394
42.16,0.0067139494420887,-0.0030246578095108655,-21.212061430040144
42.17,0.006683768069086,-0.0030116214914632992,-20.872169559801243
42.1799999999999,0.0066537169059839,-0.0029986170176474767,-20.156866805137437
42.19,0.006623795621207,-0.0029856451130208473,-22.3603247870402
42.2,0.0065940039011744,-0.002972703766209206,-22.604467527296585
42.21,0.0065643414441725,-0.00295979279564,-22.168205658000595
42.22,0.006534807941653,-0.0029469128519382776,-21.04689456818802
42.23,0.0065054030805126,-0.002934065146366689,-22.114723009160336
42.24,0.0064761265341278,-0.00292124880934167,-23.167343857600894
42.25,0.0064469780015349,-0.0029084630376508052,-21.577239650715445
42.26,0.0064179571669524,-0.0028957094083208123,-21.909807072907505
42.27,0.0063890637076275,-0.002882987727988318,-23.673642377535806
42.28,0.0063602973118671,-0.0028702962931416993,-26.600679509427717
42.29,0.0063316576882111,-0.0028576325022500156,-25.82467121849703
42.3,0.0063031445667982,-0.0028449971573924955,-24.727275999229423
42.3099999999999,0.0062747576473463,-0.002832391400921664,-26.23230811803235
42.32,0.0062464966438358,-0.0028198140819625387,-27.058303233048147
42.33,0.0062183612726225,-0.0028072645726999585,-27.131502359140132
42.34,0.0061903512588433,-0.002794743028917462,-26.103247213113832
42.35,0.0061624663161303,-0.002782250487629208,-27.319209543930274
42.36,0.0061347061553683,-0.002769786073613333,-28.447059169945845
42.37,0.006107070503338,-0.002757348943077498,-28.535768832085196
42.38,0.0060795590853385,-0.002744939172222453,-28.330589783924626
42.39,0.0060521716290612,-0.0027325569797241934,-30.868975556178693
42.4,0.0060249078618206,-0.002720200149204987,-35.61371634099209
42.41,0.0059977675527617,-0.0027078647867891177,-35.690222207497165
42.42,0.0059707504928471,-0.0026955510455167306,-32.29883253311174
42.4299999999999,0.0059438564516879,-0.0026832618783917263,-35.08672043418203
42.44,0.0059170851786922,-0.0026709954535716436,-35.379073025914394
42.45,0.0058904364649295,-0.0026587519418591844,-31.00101823312787
42.46,0.0058639100532085,-0.0026465350432133003,-32.94791299393115
42.47,0.0058375056808414,-0.002634343411772455,-37.80756410166517
42.48,0.005811223111173,-0.002622173409145013,-36.21786850140575
42.49,0.0057850621380582,-0.002610026169320035,-38.86178397962478
42.5,0.0057590225200403,-0.002597899591807529,-45.82299259459637
42.51,0.0057331040920982,-0.002585788512770826,-44.54537799338184
42.52,0.0057073066945099,-0.0025736939846533373,-43.61084604598686
42.53,0.0056816301553475,-0.0025616169551891345,-47.891172527608326
42.54,0.0056560743041931,-0.0025495547325941606,-45.719597424638714
42.55,0.0056306390041865,-0.002537509364379166,-42.12594910301938
42.5599999999999,0.0056053240531332,-0.002525483821541709,-46.48618062601652
42.57,0.0055801292705938,-0.0025134753048883097,-48.76834197907734
42.58,0.0055550544940365,-0.0025014824177466218,-46.15546424367608
42.59,0.0055300995679995,-0.0024895068420766704,-56.00751201898186
42.6,0.0055052643225084,-0.0024775414856641185,-64.5672836517407
42.61,0.0054805487194182,-0.002465580470827515,-59.39545883270693
42.62,0.0054559526836658,-0.0024536280254742002,-51.835471699184545
42.63,0.005431476113758,-0.0024416901597016857,-54.76761091045712
42.64,0.0054071188402837,-0.0024297650811066374,-66.18484155886352
42.65,0.0053828807915256,-0.002417845208745868,-64.8676946379594
42.66,0.0053587619155394,-0.002405931486925028,-64.79233555864879
42.67,0.0053347621408531,-0.0023940243822783364,-68.99720937562678
42.6799999999999,0.0053108814133347,-0.002382121517139991,-70.59333334400124
42.69,0.0052871196997614,-0.0023702220365150184,-74.48018535976843
42.7,0.0052634769688626,-0.0023583236667624498,-78.5044413967253
42.71,0.0052399532294581,-0.002346424142564144,-79.63156526241615
42.72,0.0052165484909198,-0.0023345231534575286,-81.13283780163984
42.73,0.0051932627733267,-0.002322620222186631,-84.2293046975462
42.74,0.0051700960982263,-0.002310713806565859,-87.87188723164799
42.75,0.0051470485145725,-0.0022988020563416973,-89.77371859609605
42.76,0.0051241200776741,-0.0022868842179832854,-92.66115816268443
42.77,0.0051013108556701,-0.0022749589077233684,-97.88473464221985
42.78,0.0050786209331651,-0.0022630233432917356,-100.80851304416237
42.79,0.0050560504274273,-0.0022510761762066078,-103.54239691602578
42.8,0.0050335994529267,-0.0022391161940016452,-108.96773284105844
42.8099999999999,0.0050112681549077,-0.0022271406517499997,-111.96677900075989
42.82,0.0049890566962885,-0.002215148229381656,-115.86371111439931
42.83,0.0049669652525317,-0.002203137171795876,-120.09918909555431
42.84,0.0049449940214445,-0.0021911055354524606,-124.18893998888436
42.85,0.0049231432167712,-0.0021790514627725464,-129.17955541155828
42.86,0.0049014130744588,-0.0021669726451542066,-133.05387537426904
42.87,0.0048798038521788,-0.0021548674151983006,-138.27100327781702
42.88,0.0048583158221238,-0.002142733386846688,-143.4397586440968
42.89,0.004836949287915,-0.0021305682530424505,-147.46186216744874
42.9,0.00481570456677,-0.0021183703469916573,-153.88042416019422
42.91,0.0047945819997135,-0.0021061367319233724,-158.79707759555805
42.92,0.0047735819581508,-0.0020938653187917025,-163.90653757309036
42.9299999999999,0.0047527048267922,-0.0020815539517808597,-170.4769363635832
42.94,0.0047319510216546,-0.002069199732607457,-175.37879407593135
42.95,0.0047113209819576,-0.002056800665469166,-182.06493465871753
42.96,0.0046908151673869,-0.0020443538513091955,-188.19028521401867
42.97,0.0046704340725069,-0.0020318567305640904,-193.68521762147157
42.98,0.0046501782082061,-0.0020193070954224865,-201.2370551451633
42.99,0.0046300481161789,-0.0020067016959667023,-207.1333048428744
43.0,0.0046100443682136,-0.001994038168504155,-213.99778664839326
43.01,0.0045901675560829,-0.0019813136840250035,-221.35564781494483
43.02,0.0045704183076586,-0.0019685251959783595,-227.4763456717422
43.03,0.0045507972738219,-0.001955670312936658,-235.48510121898897
43.04,0.004531305133643,-0.0019427457020316369,-242.5055817751045
43.05,0.0045119426015105,-0.0019297485665616672,-249.4555986116363
43.0599999999999,0.0044927104134112,-0.001916676172209144,-257.7127279364131
43.07,0.0044736093399549,-0.0019035251414816557,-264.66672051682986
43.08,0.0044546401818633,-0.0018902927777650319,-272.59882441072705
43.09,0.0044358037661051,-0.0018769759091416612,-280.6222963971429
43.1,0.0044171009559446,-0.0018635713291391728,-288.08751847404386
43.11,0.0043985326417023,-0.0018500761345641478,-296.26878429424625
43.12,0.0043800997461376,-0.0018364870695341952,-304.29080988740515
43.13,0.0043618032237968,-0.001822800956932477,-312.31640557288006
43.14,0.0043436440610447,-0.0018090146331499845,-320.35897608681955
43.15,0.004325623275791,-0.00179512492432253,-328.61678661184715
43.16,0.0043077419180692,-0.0017811285467500217,-336.59147181744476
43.17,0.0042900010709115,-0.001767022360366641,-344.6676356208435
43.1799999999999,0.0042724018476187,-0.0017528031603908094,-352.9485338433032
43.19,0.004254945395431,-0.0017384676220975328,-360.8357201505658
43.2,0.0042376328934721,-0.0017240126068424689,-368.88750781949216
43.21,0.0042204655523904,-0.0017094348679325192,-376.9421474155648
43.22,0.004203444616115,-0.0016947311220142046,-384.81117900947123
43.23,0.0041865713607261,-0.0016798981473883229,-392.6834442735741
43.24,0.0041698470947994,-0.0016649326812583308,-400.4232127920303
43.25,0.0041532731595522,-0.001649831481190028,-408.08154569218306
43.26,0.0041368509284748,-0.00163459129238837,-415.66324067281596
43.27,0.0041205818078721,-0.0016192088429333243,-422.9511161461308
43.28,0.0041044672364452,-0.0016036809528908406,-430.2297961712873
43.29,0.0040885086844674,-0.00158800436922917,-437.40363116782993
43.3,0.0040727076555841,-0.0015721758137224738,-444.1851181444075
43.3099999999999,0.0040570656852908,-0.0015561921373733042,-450.9359742016576
43.32,0.0040415843406791,-0.001540050109875,-457.5127454232131
43.33,0.0040262652217122,-0.0015237464887708457,-463.7720443019355
43.34,0.0040111099601403,-0.0015072780989475003,-469.8627235829321
43.35,0.0039961202196329,-0.0014906417398875163,-475.7265330094064
43.36,0.0039812976959184,-0.001473834207450027,-481.3449157676117
43.37,0.0039666441167235,-0.0014568523005225242,-486.6734351501225
43.38,0.0039521612417591,-0.0014396928404083282,-491.7623697329279
43.39,0.0039378508624212,-0.001422352630726678,-496.60590491155915
43.4,0.003923714802349,-0.0014048284547149889,-501.0807871117745
43.41,0.0039097549171299,-0.0013871171446608148,-505.3403914119946
43.42,0.0038959730939945,-0.0013692154753800242,-509.31711909733497
43.4299999999999,0.0038823712529445,-0.0013511202019175093,-512.8519450192789
43.44,0.0038689513459114,-0.0013328281568549968,-516.2351438430858
43.45,0.0038557153566952,-0.0013143360456399974,-519.2682366149336
43.46,0.0038426653028227,-0.001295640577488326,-521.7927249928298
43.47,0.0038298032337117,-0.0012767385683566763,-524.3000261735274
43.48,0.003817131231342,-0.001257626580299991,-526.2782076954018
43.49,0.0038046514130524,-0.0012383012955849934,-527.7276580455778
43.5,0.0037923659271843,-0.0012187595206983475,-529.0906326831745
43.51,0.0037802769559203,-0.0011989978045991898,-530.4880957000844
43.52,0.003768386716769,-0.0011790123280974825,-530.9283782094205
43.53,0.0037566974662819,-0.001158799760192483,-530.7869557664912
43.54,0.0037452114894488,-0.0011383569333974905,-531.1956070773225
43.55,0.0037339311085818,-0.001117679803587527,-530.9918706686576
43.5599999999999,0.0037228586871759,-0.0010967644737616558,-529.8878561783749
43.57,0.0037119966245292,-0.0010756075487275,-528.5635808755947
43.58,0.0037013473538794,-0.0010542054362516653,-527.7388383312491
43.59,0.0036909133480571,-0.0010325535710383256,-525.8248114334378
43.6,0.0036806971277493,-0.0010106480828766628,-523.2288742491645
43.61,0.003670701244013,-0.0009884854286350002,-521.0273786023633
43.62,0.0036609282914718,-0.000966061125224177,-518.575140379926
43.63,0.0036513809092733,-0.0009433704175858419,-515.2273960319391
43.64,0.0036420617848586,-0.0009204091843750014,-511.3771620712349
43.65,0.0036329736412177,-0.0008971734364116516,-508.15089791792764
43.66,0.003624119249152,-0.0008736577477516581,-504.214248707307
43.67,0.0036155014359899,-0.0008498570544283561,-499.4242180981786
43.6799999999999,0.0036071230727664,-0.0008257670346749947,-494.6294461378009
43.69,0.0035989870766643,-0.0008013827742133265,-490.234866183115
43.7,0.0035910964187082,-0.0007766979683291647,-484.835862039893
43.71,0.0035834541364299,-0.0007517073784616545,-478.86788250457727
43.72,0.0035760633070907,-0.0007264062069291899,-473.3761737057881
43.73,0.0035689270691397,-0.000700788020592521,-467.5683535058915
43.74,0.0035620486252181,-0.0006748461633125025,-461.02930820984744
43.75,0.0035554312439202,-0.0006485749139358162,-454.2210727928033
43.76,0.0035490782449322,-0.0006219684893099824,-447.7665263107614
43.77,0.0035429930165248,-0.0005950193529075334,-440.9374880030693
43.78,0.0035371790247721,-0.0005677200170708362,-433.47290345271836
43.79,0.0035316398049883,-0.0005400641144391363,-425.90643279237287
43.8,0.0035263789546887,-0.000512044841051693,-418.7134521928091
43.8099999999999,0.0035214001495903,-0.00048365306574000357,-411.03487346201086
43.82,0.0035167071625143,-0.0004548803939608188,-402.8448214663192
43.83,0.0035123038354819,-0.0004257197610016843,-394.7578363961998
43.84,0.0035081940890968,-0.0003961628747774971,-386.87516954575466
43.85,0.0035043819335705,-0.00036619916151667514,-378.5450697096155
43.86,0.0035008714921964,-0.00033581944448752036,-369.94196476450253
43.87,0.0034976669596607,-0.00030501548623085165,-361.5005337803424
43.88,0.0034947726311569,-0.0002737771638391618,-353.1030067498876
43.89,0.0034921929036022,-0.000242092483534164,-344.4213338286865
43.9,0.0034899323033891,-0.00020995115935331792,-335.61677831136376
43.91,0.0034879954355424,-0.00017734363939333396,-326.97316130004685
43.92,0.0034863870258009,-0.00014425775626836327,-318.3066184445401
43.9299999999999,0.0034851119196238,-0.0001106798918224937,-309.52716788624855
43.94,0.0034841751067925,-7.659833564915147e-05,-300.74113828089696
43.95,0.0034835816704939,-4.2001916831663676e-05,-292.05820075724614
43.96,0.0034833368330396,-6.876264594161095e-06,-283.36103910770424
43.97,0.0034834459596204,2.87939391074948e-05,-274.70786899726784
43.98,0.0034839145715558,6.502204364083915e-05,-266.1340899952664
43.99,0.0034847483059306,0.00010182131103167386,-257.58373681060726
44.0,0.0034859529582843,0.0001392086791125121,-249.08487817272697
44.01,0.0034875344961246,0.00017720129536500528,-240.7699652498905
44.02,0.0034894990516143,0.00021581400824249416,-232.555885080861
44.03,0.0034918528971268,0.00025506258355664205,-224.38799900427136
44.04,0.0034946024853128,0.000294965376420838,-216.1569923198432
44.05,0.0034977544556858,0.00033554398925584575,-208.33463201221608
44.0599999999999,0.0035013156749158,0.0003768156228875092,-200.7169538421144
44.07,0.0035052931352401,0.0004187967635358492,-193.05719634067242
44.08,0.0035096940470007,0.00046150838654165514,-185.24982793749393
44.09,0.0035145258207407,0.000504975900188336,-177.98144718235295
44.1,0.0035197961525356,0.0005492199782099961,-171.09086520530582
44.11,0.0035255128714967,0.0005942585919283497,-163.9749004581743
44.12,0.0035316840556635,0.0006401162824191476,-156.96136341321144
44.13,0.0035383180147325,0.0006868192849774858,-150.1783341611417
44.14,0.0035454233445317,0.0007343936784358497,-143.9234920275446
44.15,0.003553008868245,0.0007828616436733598,-137.66302121658163
44.16,0.0035610836423512,0.0008322485555524957,-131.4006573261603
44.17,0.0035696570000477,0.0008825833777958345,-125.18493978668116
44.1799999999999,0.003578738572287,0.00093389748723917,-119.61187086267817
44.19,0.0035883383023959,0.0009862172847083096,-114.21833875790297
44.2,0.0035984663626681,0.001039569767080838,-108.73578954870645
44.21,0.0036091332489315,0.0010939869828083433,-103.1189668539503
44.22,0.0036203497725221,0.0011495059698258276,-98.23482266998775
44.23,0.0036321271432909,0.0012061576477158315,-93.70010104167444
44.24,0.0036444768011642,0.001263971049717471,-88.90138829655122
44.25,0.0036574105603424,0.0013229827281191595,-84.10657071703577
44.26,0.003670940582968,0.0013832329445416774,-79.78219100293971
44.27,0.003685079470347,0.0014447589244041695,-75.94245374601127
44.28,0.003699840127856,0.0015075940069158216,-71.91676272430642
44.29,0.0037152358485179,0.001571777946264144,-67.939043946079
44.3,0.0037312803275053,0.00163735396606502,-64.12526610102167
44.3099999999999,0.0037479877139897,0.0017043664431583472,-60.87513245981519
44.32,0.0037653725757026,0.0017728543311983135,-57.63930698388239
44.33,0.0037834498609173,0.001842859646125006,-54.41420187481772
44.34,0.0038022349831823,0.001914428652045831,-51.09987206418258
44.35,0.0038217438162923,0.001987613047604976,-48.346268590627055
44.36,0.0038419927804571,0.002062458492009989,-45.84627964311915
44.37,0.0038629986734031,0.002139009069744193,-43.13969504263213
44.38,0.0038847788210275,0.0022173169801550105,-40.544529562312974
44.39,0.0039073510524862,0.0022974367054683204,-38.122887235356245
44.4,0.0039307337755033,0.0023794230738841712,-36.10267498399879
44.41,0.0039549459045533,0.0024633260269791503,-34.029192385083604
44.42,0.0039800068686982,0.002549200237346688,-32.00316045496802
44.4299999999999,0.0040059366748079,0.002637103753111711,-30.043624329594202
44.44,0.0040327559090585,0.0027270970984616307,-28.33942388724095
44.45,0.0040604857770623,0.0028192384419008145,-26.76237496260991
44.46,0.004089148034918,0.0029135862724583407,-25.144714145448365
44.47,0.0041187650686558,0.003010204050544169,-23.737366585241524
44.48,0.0041493598891115,0.0031091534679808406,-22.37916523228209
44.49,0.004180956124545,0.003210498460312512,-21.063629471828367
44.5,0.0042135780658739,0.0033143056609816752,-19.863827744397707
44.51,0.0042472506675175,0.0034206418603333084,-18.77287295568005
44.52,0.0042819995535737,0.0035295735124375224,-17.8902141525672
44.53,0.0043178510029034,0.0036411634774250246,-16.831536158189312
44.54,0.0043548319274686,0.003755484404604997,-15.835566658307053
44.55,0.0043929700413857,0.003872611097349963,-15.0098651972641
44.5599999999999,0.0044322937328795,0.003992614168779159,-14.539779708094853
44.57,0.0044728321145086,0.004115552392837541,-13.803920189005336
44.58,0.0045146148121983,0.004241498452126669,-12.890215363411688
44.59,0.0045576723887956,0.004370537827084152,-12.35336197104995
44.6,0.0046020361129203,0.0045027414564883005,-11.927915819397013
44.61,0.0046477379810345,0.004638175096712471,-11.775852678176667
44.62,0.0046948105753309,0.004776892836130852,-11.045402048285085
44.63,0.0047432870764749,0.004918982146687504,-10.436251360353653
44.64,0.0047932017361078,0.005064529512165808,-10.076540508593457
44.65,0.0048445894096472,0.0052136051175582804,-10.49471359141041
44.66,0.0048974856992494,0.005366231999966656,-10.00046976295518
44.67,0.0049519261675007,0.005522490499923352,-9.168662667764712
44.6799999999999,0.0050079479589398,0.005682491355741695,-9.219571399459394
44.69,0.0050655886271796,0.005846284014878288,-9.286244412824262
44.7,0.0051248864139916,0.006013910337784166,-9.577536328609177
44.71,0.0051858797261297,0.006185395545987538,-8.958665816082213
44.72,0.0052486075100065,0.006360838259013349,-8.639714150200106
44.73,0.0053131099297803,0.006540318717374133,-8.645978311861512
44.74,0.0053794274521148,0.006723879707899113,-9.612468735042214
44.75,0.0054476010169112,0.006911474142912524,-9.241944352096017
44.76,0.0055176706421058,0.007103174855766671,-8.493187739205856
44.77,0.0055896785525588,0.007299102368020808,-8.889652342697135
44.78,0.0056636667546036,0.007499255052100827,-9.438486478363073
44.79,0.0057396776327311,0.007703600006659179,-9.937866796955122
44.8,0.0058177526772321,0.007912106639328353,-9.331791793901944
44.8099999999999,0.0058979339327877,0.008124871051774995,-9.326411733420327
44.82,0.005980264358337,0.008341923243050036,-9.640141604229608
44.83,0.0060647865553573,0.008563235106277512,-10.712100625306624
44.84,0.0061515428686229,0.008788673615736669,-10.700527584211816
44.85,0.0062405738023216,0.009018238226004211,-10.299197790845133
44.86,0.006331921500163,0.009251984678503319,-11.138514690770783
44.87,0.0064256270205576,0.009489786577687464,-11.633314391670867
44.88,0.0065217304530905,0.009731549156354177,-11.796326325011847
44.89,0.0066202710364191,0.009977223839059163,-11.967463929610481
44.9,0.0067212877282925,0.010226752189972512,-12.819522252632906
44.91,0.0068248183614865,0.010479959369455847,-13.249242909108236
44.92,0.006930898790833,0.01073672492368411,-13.411302312758814
44.9299999999999,0.0070395644124084,0.010996968210612504,-14.005086923110209
44.94,0.0071508491448256,0.011260521628285844,-15.154293946290538
44.95,0.0072647850081538,0.011527110935761647,-15.58650007973376
44.96,0.0073814009614019,0.01179657654657917,-15.781486714327707
44.97,0.0075007256327274,0.012068795346445855,-17.04351334317161
44.98,0.0076227849558249,0.0123434404518983,-18.15191137349715
44.99,0.0077476015219643,0.01262019851180752,-18.731448475963383
45.0,0.0078751952210693,0.012898851243588317,-19.49215739629618
45.01,0.0080055839332657,0.013179139460228303,-21.068511110979614
45.02,0.0081387820970055,0.013460646259920873,-22.196316449250002
45.03,0.0082747997942265,0.013743031298262523,-23.200168145282134
45.04,0.0084136445575652,0.014025979967208354,-24.762716783462157
45.05,0.0085553198619518,0.01430907324495668,-26.439584083496765
45.0599999999999,0.0086998250427429,0.014591871947979933,-28.097864370915186
45.07,0.0088471548862533,0.014873948691761636,-29.880026502898854
45.08,0.0089973001182196,0.015154863829765913,-32.06675147917043
45.09,0.009150246622754,0.01543411932769416,-34.40569057390916
45.1,0.0093059752751766,0.015711208507789128,-36.97266824574894
45.11,0.009464461822586,0.015985610689640814,-39.855939429158816
45.12,0.0096256766959409,0.016256781041733295,-43.23554345433406
45.13,0.0097895847061115,0.016524131906799945,-46.93279593810359
45.14,0.0099561446183726,0.016787070668107515,-51.11432459655862
45.15,0.0101253093732236,0.017044986935309203,-55.86486564074544
45.16,0.0102970255526648,0.017297256624629883,-60.63821101228278
45.17,0.010471233748212,0.017543315836218334,-67.01869531098512
45.1799999999999,0.0106478688233242,0.017782467180351768,-74.77816179854776
45.19,0.0108268576381526,0.018013955240402547,-81.45440043021337
45.2,0.0110081206105474,0.018237259632593275,-89.90052135254965
45.21,0.0111915734171493,0.01845176516376665,-101.5786261360353
45.22,0.0113771238993866,0.018656654273967524,-114.33218109480934
45.23,0.0115646721292142,0.018851192416195775,-124.79859889249155
45.24,0.0117541117941905,0.01903498353647088,-140.9859937510901
45.25,0.011945333485637,0.019207300405018418,-162.19248317212583
45.26,0.0121382167263925,0.019367246606824165,-180.67975342787352
45.27,0.012332635538228,0.01951432369403911,-201.07725810815688
45.28,0.0125284586220996,0.019648061698855794,-228.9180416994008
45.29,0.0127255498080091,0.01976771366812998,-261.8280691626763
45.3,0.0129237634807786,0.01987248115714995,-286.8806177283167
45.3099999999999,0.0131229487674844,0.01996207285890738,-317.92105212431034
45.32,0.013322952559044,0.02003598331200584,-356.54901603560967
45.33,0.0135236136910634,0.02009343949092251,-389.4483282428672
45.34,0.0137247648719699,0.0201339016672483,-407.4729777141793
45.35,0.0139262345319809,0.020157242004839204,-428.9436840051581
45.36,0.0141278510863142,0.020163012557089986,-448.0978983517267
45.37,0.0143294343652371,0.020150600357973433,-443.30273108738004
45.38,0.0145308020311687,0.02011988618769754,-435.62519977431054
45.39,0.0147317700478601,0.02007056135133415,-419.6400587415934
45.4,0.0149321502047745,0.020002299585504174,-392.4716821074008
45.41,0.0151317523919234,0.01991494296105422,-361.87984914701747
45.42,0.0153303848334146,0.019808311899686657,-329.1625647756926
45.4299999999999,0.0155278539216544,0.019682238604238296,-292.26115539794176
45.44,0.0157239650146601,0.019536796409919094,-259.3952168486068
45.45,0.0159185252093788,0.01937196666328851,-230.26632574264306
45.46,0.0161113395660195,0.019187659466805958,-199.96068570352162
45.47,0.016302214332935,0.018984141331991757,-175.16782164660899
45.48,0.016490958867093,0.01876156712003072,-154.08891770017726
45.49,0.0166773826581278,0.01852005585434065,-134.1267100049116
45.5,0.0168612981131582,0.018259983744915085,-117.71868424970967
45.51,0.0170425215989357,0.01798168756346411,-103.647869582476
45.52,0.0172208723441664,0.017685538474064077,-92.01059379305948
45.53,0.0173961739985777,0.017371861191094216,-81.68097765376679
45.54,0.0175682526934065,0.01704110013213397,-72.29328273320726
45.55,0.0177369410499252,0.016693880417428288,-65.27996972919613
45.5599999999999,0.0179020767390903,0.01633057316917415,-58.80619745239159
45.57,0.0180635007139567,0.015951703308716664,-52.89275447504753
45.58,0.0182210612253576,0.015557963557237715,-48.06148234048453
45.59,0.0183746125430176,0.015149984829569148,-43.82264314631227
45.6,0.018524015744709,0.01472844790493576,-40.14067916723555
45.61,0.0186691386892196,0.014294066697975843,-37.00045666381912
45.62,0.0188098566463813,0.01384754709987188,-34.22264444788929
45.63,0.0189460517526389,0.013389650600652513,-31.637068452223602
45.64,0.0190776146000788,0.012921265886522548,-29.743389386210417
45.65,0.0192044442467213,0.012443025556249307,-28.016695411548785
45.66,0.0193264446926578,0.01195562524827903,-26.18486936642794
45.67,0.019443529426521,0.011460054072570005,-24.863968341050153
45.6799999999999,0.0195556210086829,0.010957056443930038,-23.725264049748866
45.69,0.0196626482862137,0.010447356580051831,-22.560437226283295
45.7,0.0197645487969278,0.009931869607301651,-21.674161022247738
45.71,0.019861268942874,0.009411366019341396,-20.930218038621707
45.72,0.0199527619090891,0.008886583357271653,-20.17801645782128
45.73,0.0200389892611831,0.008358410954003529,-19.619844468619636
45.74,0.020119921340528,0.007827609512714006,-19.183739345355715
45.75,0.0201955350799048,0.007294880256208166,-18.73182792453682
45.76,0.020265815317337,0.006761077162475924,-18.426231855316082
45.77,0.0203307554449101,0.006226932041194198,-18.233434314315687
45.78,0.0203903550010733,0.005693083768441536,-18.027570169893806
45.79,0.0204446207048519,0.00516032314805577,-17.930436097348814
45.8,0.0204935673446584,0.004629341015412586,-17.936094056937335
45.8099999999999,0.0205372154158242,0.0041007132723640555,-17.948583954072934
45.82,0.0205755917670022,0.0035751414937943045,-18.04398366664008
45.83,0.0206087304909186,0.003053257335930831,-18.228026762941834
45.84,0.0206366709661583,0.0025355811725292074,-18.44533148954417
45.85,0.0206594581287613,0.0020227158767010802,-18.734908983481144
45.86,0.0206771431290403,0.001515216170092411,-19.102558739257717
45.87,0.0206897818887705,0.0010135441064348476,-19.526837187741002
45.88,0.0206974351058208,0.0005182058537194177,-20.02494782443
45.89,0.0207001686502331,2.9670895766778043e-05,-20.59958609466556
45.9,0.0206980525182948,-0.000451666090718472,-21.251208709783885
45.91,0.0206911606810705,-0.0009253926239535457,-21.98702407260032
45.92,0.0206795712834062,-0.0013911257783498095,-22.807683770727955
45.9299999999999,0.0206633658859987,-0.0018485407631056601,-23.72547325716221
45.94,0.0206426292511224,-0.0022973167293924004,-24.745307802487137
45.95,0.0206174493143728,-0.002737158220805144,-25.871710978374647
45.96,0.0205879167179261,-0.0031678060574101266,-27.115356409478782
45.97,0.0205541246069249,-0.0035890259264940764,-28.48395399344074
45.98,0.0205161683184284,-0.004000609092725804,-30.01902075211767
45.99,0.0204741452295705,-0.0044023385145751034,-31.63825283573849
46.0,0.020428154790218,-0.004794099790034172,-33.48964784086236
46.01,0.0203782970029907,-0.005175726034062356,-35.507987137887795
46.02,0.0203246744805941,-0.0055470826987818675,-37.708079666567144
46.03,0.0202673898766668,-0.005908079444626006,-40.14891985001425
46.04,0.0202065477034806,-0.006258625619824943,-42.77184958818555
46.05,0.0201422523194378,-0.00659868613262059,-45.72355278825067
46.0599999999999,0.0200746090971411,-0.00692820478351841,-48.87461697302813
46.07,0.0200037233618653,-0.0072471826747550795,-52.41773649969415
46.08,0.0199297006169228,-0.007555603552780675,-56.234917752006226
46.09,0.019852646398662,-0.007853490615250912,-60.462747960663464
46.1,0.0197726658178484,-0.00814087060998422,-65.03862816819479
46.11,0.0196898638431002,-0.008417795491474865,-70.25927215919896
46.12,0.0196043446456265,-0.008684289692809996,-75.62137378965497
46.13,0.0195162124798638,-0.008940459011893213,-81.85592735587647
46.14,0.0194255696750944,-0.009186359111004218,-88.38790247002709
46.15,0.0193325191602706,-0.009422099013836789,-95.51435963477742
46.16,0.0192371611822014,-0.009647796824971643,-103.75335410544356
46.17,0.0191395964183802,-0.00986352449298582,-111.79774351813522
46.1799999999999,0.0190399233589678,-0.010069460627240076,-121.51436252959077
46.19,0.0189382395135601,-0.010265696246879175,-131.17747565797688
46.2,0.0188346412189094,-0.01045239965327902,-142.18628084887405
46.21,0.0187292228475385,-0.010629701478017593,-153.60075967045634
46.22,0.0186220779891885,-0.010797763137720066,-165.85264872650095
46.23,0.018513297853155,-0.010956745638147452,-179.30414922516601
46.24,0.0184029728403678,-0.011106792721615716,-192.37993682934567
46.25,0.0182911911335506,-0.011248102955602683,-206.8769097885614
46.26,0.0181780393589472,-0.011380839091259105,-221.77047324803073
46.27,0.0180636023564625,-0.011505171513610801,-236.6329818753702
46.28,0.0179479633146141,-0.011621287050599116,-251.22058146581548
46.29,0.0178312033605191,-0.011729382942539016,-267.04343889902697
46.3,0.0177134018374719,-0.01182962057092333,-281.38046478268177
46.3099999999999,0.0175946364924296,-0.011922194185865771,-294.6342354559172
46.32,0.0174749828384089,-0.012007306365995873,-308.64309683234376
46.33,0.017354514670319,-0.0120851236020393,-319.9381556251408
46.34,0.0172333040245066,-0.012155843500110855,-329.77718255149284
46.35,0.0171114208134559,-0.01221966139701167,-338.8402526457938
46.36,0.0169889332035174,-0.012276755195987383,-344.71898851779923
46.37,0.0168659074700468,-0.012327322000870729,-349.1250655640932
46.38,0.0167424079007523,-0.012371547948150739,-351.4778258966314
46.39,0.0166184970314396,-0.01240961657506829,-350.63203420986457
46.4,0.0164942354484379,-0.01244172373756746,-349.0462356467621
46.41,0.0163696818405398,-0.01246804491912334,-344.7634191341619
46.42,0.016244893222062,-0.012488763750541077,-337.87688106451384
46.4299999999999,0.0161199246107272,-0.012504071842519074,-331.15669018762094
46.44,0.015994829260002,-0.012514136298805763,-321.93371982985724
46.45,0.0158696587651621,-0.01251913657216187,-311.31377437017255
46.46,0.0157444628133979,-0.012519253606822362,-301.1700575253541
46.47,0.0156192894265538,-0.012514649410648305,-289.27999097989226
46.48,0.0154941849839543,-0.01250549773148344,-276.76582007439464
46.49,0.0153691940588911,-0.01249197256036165,-265.5390286635305
46.5,0.0152443595998743,-0.01247422614131072,-253.1904629896997
46.51,0.0151197230611572,-0.01245242185162005,-240.42025134047654
46.52,0.0149953241390404,-0.012426727383308333,-229.32055480312385
46.53,0.0148712009944143,-0.01239728827850168,-217.88913816592677
46.54,0.0147473903519281,-0.012364255178523418,-206.29724453821217
46.55,0.014623927357679,-0.012327783568491759,-195.77065375598232
46.5599999999999,0.0145008456665808,-0.012288017002611673,-185.848395629197
46.57,0.0143781775398549,-0.012245093458543242,-175.92429018318478
46.58,0.0142559538496487,-0.01219915483047741,-166.53614293548125
46.59,0.0141342040372474,-0.012150339276740073,-158.05780559484563
46.6,0.0140129562253781,-0.012098775355921684,-149.7341041114069
46.61,0.0138922372588989,-0.01204459317920833,-141.81079016611343
46.62,0.0137720726655713,-0.011987920866520054,-134.59799835614982
46.63,0.013652486740298,-0.011928879265922539,-127.68121403357824
46.64,0.0135335025805533,-0.011867588029247558,-121.15081656329372
46.65,0.0134151420906656,-0.01180416415221248,-115.07471560164085
46.66,0.0132974260320218,-0.011738720428489953,-109.34550723915324
46.67,0.0131803740503115,-0.011671366793909082,-103.98540338756125
46.6799999999999,0.0130640047091393,-0.011602209723076575,-98.9336809400123
46.69,0.0129483355228747,-0.01153135296618919,-94.13453213538926
46.7,0.0128333829792966,-0.011458898109219993,-89.7274476257265
46.71,0.0127191625675126,-0.011384941765777505,-85.62695791580379
46.72,0.0126056888393489,-0.011309576898521693,-81.59699283678653
46.73,0.0124929754151864,-0.011232896871705847,-77.81488326589172
46.74,0.0123810349885096,-0.011154991855092528,-74.4616869520396
46.75,0.0122698793854029,-0.01107594504771831,-71.3103802343658
46.76,0.012159519623692,-0.010995837018193342,-67.97047039024929
46.77,0.0120499659023718,-0.010914752737808274,-65.02241377699386
46.78,0.011941227566444,-0.0108327703402916,-62.51198186110833
46.79,0.0118333132559559,-0.010749959796778327,-59.999255205480324
46.8,0.0117262308931998,-0.010666391782457449,-57.14026150528292
46.8099999999999,0.0116199876920316,-0.010582143820950877,-54.905848029233546
46.82,0.0115145900689445,-0.010497281290192551,-53.06765444462919
46.83,0.0114100439204276,-0.010411861695381672,-50.84792080149404
46.84,0.0113063544751909,-0.01032594998018837,-48.562273583514255
46.85,0.0112035263454486,-0.010239612373205843,-46.81312970571466
46.86,0.0111015634667351,-0.010152903919374194,-45.369701403930826
46.87,0.0110004693375659,-0.010065873377021632,-43.467990406182494
46.88,0.0109002468824542,-0.00997857807010739,-41.6102165905234
46.89,0.010800898476444,-0.009891074112795871,-40.255324842374804
46.9,0.0107024259461728,-0.009803406895965847,-39.075905463994324
46.91,0.0106048307408502,-0.009715617993534181,-37.39761040314999
46.92,0.0105081138252197,-0.009627757981470848,-35.904385572532924
46.9299999999999,0.0104122756680433,-0.009539873250749073,-34.8749918688161
46.94,0.0103173163214941,-0.00945200026541911,-33.88012338417071
46.95,0.0102232355011353,-0.009364174545607498,-32.24680825704515
46.96,0.010130032521806,-0.009276442747583363,-31.104687127530674
46.97,0.0100377062160114,-0.009188841390119953,-30.47362523376528
46.98,0.0099462551702129,-0.00910139651557755,-29.466772941493417
46.99,0.0098556776552049,-0.009014140323495862,-28.310835607420394
47.0,0.0097659716172233,-0.00892710791840339,-26.89297456839319
47.01,0.0096771346309141,-0.008840337519480065,-26.4038460446397
47.02,0.0095891639260949,-0.00875384960106819,-25.92078419735863
47.03,0.0095020566285153,-0.008667663617160839,-24.97069716458321
47.04,0.0094158095501611,-0.008581807598369238,-23.361817911214477
47.05,0.009330419257503,-0.008496319854848274,-22.84566310789387
47.0599999999999,0.0092458818698008,-0.008411218350899075,-22.859374054633303
47.07,0.0091621935682147,-0.008326511475019205,-21.79822382816882
47.08,0.0090793502379626,-0.008242225087819985,-20.71936440230099
47.09,0.0089973475797997,-0.008158385533011688,-19.838285710949993
47.1,0.0089161809730192,-0.008075013996138329,-19.771442374666726
47.11,0.0088358457126289,-0.007992117835799954,-19.1880936012782
47.12,0.0087563369801328,-0.007909711908360921,-18.374626662203074
47.13,0.0086776497770045,-0.007827814981773294,-17.27934863425233
47.14,0.0085997789170273,-0.007746448879368409,-17.042036082599598
47.15,0.0085227190055977,-0.0076656212671316355,-16.898136224947063
47.16,0.0084464646744026,-0.007585337787938274,-16.228694335338286
47.17,0.0083710103880627,-0.007505612053323443,-15.025737078532552
47.1799999999999,0.0082963505112999,-0.0074264646721849785,-14.691567729952437
47.19,0.0082224791471749,-0.007347902484467435,-14.860284610452446
47.2,0.0081493905079624,-0.00726992490564498,-14.075931431209568
47.21,0.0080770786594988,-0.007192544126384205,-13.351220631684253
47.22,0.0080055375985685,-0.007115771744590818,-12.629449168868144
47.23,0.0079347611671898,-0.007039617884606707,-12.658341655795748
47.24,0.0078647431788413,-0.006964082240381679,-12.364051322167406
47.25,0.007795477447834,-0.006889168300420806,-11.747127834527182
47.26,0.0077269577125679,-0.006814884015780004,-10.688486289924814
47.27,0.0076591776330531,-0.006741241801625007,-10.691157420129942
47.28,0.0075921307424877,-0.006668240143294149,-10.85876968365953
47.29,0.0075258107033874,-0.006595875314425834,-10.16452160900665
47.3,0.0074602110924376,-0.006524153625193344,-9.668218713817634
47.3099999999999,0.0073953254703834,-0.006453079677964162,-8.583468988124014
47.32,0.0073311473134789,-0.006382663249215021,-8.841940847401368
47.33,0.0072676700330735,-0.006312898512348305,-9.010219539982325
47.34,0.0072048871838642,-0.006243780431547494,-8.357212976625453
47.35,0.0071427922549476,-0.006175313007123327,-7.691283525894367
47.36,0.0070813787402574,-0.0061075007004116316,-6.809433681068185
47.37,0.0070206400450739,-0.006040348807719205,-7.229113391092847
47.38,0.006960569588924,-0.005973849056735802,-7.204057951131623
47.39,0.0069011609012067,-0.005907997373815016,-6.688749107038604
47.4,0.0068424074761281,-0.005842794925221655,-5.890146758180789
47.41,0.0067843028275645,-0.0057782455101533505,-5.309991583148963
47.42,0.006726840390813,-0.005714349813741676,-5.766062698662671
47.4299999999999,0.0066700136799043,-0.005651098859864153,-5.49136301474926
47.44,0.0066138162724955,-0.005588489972371694,-5.17674288905486
47.45,0.0065582417442082,-0.005526521438569968,-4.276424022655378
47.46,0.0065032837019288,-0.00546519619374584,-3.967374027363504
47.47,0.0064489356879991,-0.005404511445778335,-4.435957277308889
47.48,0.0063951913660722,-0.005344457968720001,-3.958147723887871
47.49,0.0063420444308488,-0.005285033904144131,-3.8469748440139804
47.5,0.0062894886009728,-0.0052262352382183444,-2.7859303748693893
47.51,0.0062375176357012,-0.005168064679077551,-2.72218759591095
47.52,0.0061861252334776,-0.005110516855842525,-3.2779107400631755
47.53,0.0061353052523765,-0.0050535819161908,-2.6026711467229364
47.54,0.0060850515570763,-0.00499725868591,-2.5891390581809963
47.55,0.0060353580544337,-0.004941542059815027,-1.5283415251035166
47.5599999999999,0.0059862186922444,-0.00488643349548919,-1.6008860567164378
47.57,0.0059376273808991,-0.004831926397159134,-2.1381075225884767
47.58,0.0058895781882582,-0.0047780112146791655,-1.4546786156629903
47.59,0.0058420651902032,-0.004724686198828348,-1.3881065561447987
47.6,0.0057950825124387,-0.004671946290950822,-0.4839570681381697
47.61,0.0057486243182025,-0.004619791028155,-0.6233003129054128
47.62,0.0057026847671667,-0.004568213376921642,-1.0266329328977593
47.63,0.0056572581514058,-0.004517204838360052,-0.4582315273525289
47.64,0.0056123387832957,-0.004466762558069175,-0.29533150399358427
47.65,0.0055679210278377,-0.004416881779154141,0.39386744345146846
47.66,0.0055239992855902,-0.004367560217988354,0.21851890827280362
47.67,0.0054805679832603,-0.004318790770564981,-0.014081563695180965
47.6799999999999,0.0054376216528351,-0.004270566100514979,0.4063033086686013
47.69,0.0053951548582647,-0.004222882350718366,0.6471899959335896
47.7,0.0053531622176872,-0.004175734980948352,1.1343203396366774
47.71,0.0053116383841633,-0.004129120365753313,0.9312679620123995
47.72,0.0052705780577377,-0.004083031487606629,0.8428193098327111
47.73,0.0052299760225591,-0.004037461921559178,1.1155881538457653
47.74,0.0051898271033664,-0.003992407074142523,1.433174901401361
47.75,0.00515012617978,-0.003947862664916657,1.7644989513376115
47.76,0.005110868164402,-0.0039038242642641433,1.5041071678447986
47.77,0.0050720480306339,-0.0038602848928183534,1.521416780367459
47.78,0.0050336608219093,-0.0038172387841158297,1.675479574154681
47.79,0.0049957016269766,-0.0037746809465291128,2.0647045262425165
47.8,0.0049581655892375,-0.003732607366088367,2.2434708708439706
47.8099999999999,0.004921047882843,-0.003691013056856698,1.9221548205593495
47.82,0.0048843437527711,-0.0036498911582441376,2.0422389762672215
47.83,0.0048480485020682,-0.0036092365056058454,2.087227591073471
47.84,0.0048121574820284,-0.0035690438940666628,2.5107151932499803
47.85,0.0047766660975741,-0.0035293094510883394,2.53596834349579
47.86,0.0047415697841063,-0.0034900278252233572,2.185723129492707
47.87,0.004706864052822,-0.003451192459872493,2.388551040156397
47.88,0.0046725444630384,-0.003412798687071677,2.3319412532972716
47.89,0.0046386066242156,-0.003374841222151644,2.7419052663273713
47.9,0.0046050461977037,-0.0033373162188449906,2.6430511750923986
47.91,0.0045718588768026,-0.0033002182105100752,2.287870111798308
47.92,0.0045390404299958,-0.003263541045423286,2.5147023052453346
47.9299999999999,0.0045065866678136,-0.003227280358684977,2.421654473207891
47.94,0.0044744934512425,-0.003191431043918348,2.6953503204022957
47.95,0.0044427566898184,-0.0031559890011758534,2.5482514590349017
47.96,0.0044113723313044,-0.003120948971614177,2.2547369186688035
47.97,0.0043803363884499,-0.0030863053853908426,2.3716937476696236
47.98,0.0043496449168882,-0.003052053835906692,2.286636047342752
47.99,0.0043192940207357,-0.0030181895326249486,2.4129379928610644
48.0,0.0042892798498996,-0.0029847082181733518,2.222340010686916
48.01,0.0042595985964561,-0.002951604886047489,1.9762051418480624
48.02,0.0042302465088322,-0.002918874474715791,1.9731054672439146
48.03,0.0042012198785222,-0.00288651258754085,1.9003582596774748
48.04,0.0041725150433943,-0.002854514780480866,1.9622867565065403
48.05,0.0041441283834578,-0.0028228769129275107,1.6269668189365978
48.0599999999999,0.0041160563219747,-0.002791593994369973,1.2336457762956972
48.07,0.0040882953367167,-0.0027606610038642112,1.1097091555287204
48.08,0.0040608419487899,-0.0027300737371766435,1.9482107348883992
48.09,0.0040336927184431,-0.0026998299218416693,1.2256942013580414
48.1,0.0040068442242471,-0.0026699240317800492,0.08954927885086937
48.11,0.0039802931309953,-0.00264034983574247,0.14611231793350116
48.12,0.0039540361330211,-0.002611103737096674,1.32896888067653
48.13,0.0039280699689242,-0.002582184295618346,0.6186859533398715
48.14,0.0039023913761299,-0.002553586355842471,-1.0931113312924114
48.15,0.0038769971913399,-0.0025253030886775237,-0.8225245923425715
48.16,0.0038518842750478,-0.0024973314383650047,0.04652633579122642
48.17,0.0038270495309087,-0.0024696695575575018,-0.1164181482605402
48.1799999999999,0.0038024898652841,-0.0024423135949758414,-1.9801840168493392
48.19,0.0037782022601372,-0.0024152569541966446,-2.2443152317251194
48.2,0.0037541837402729,-0.002388495847085862,-1.6010522974146855
48.21,0.0037304313653227,-0.0023620281855716778,-1.1630803701232264
48.22,0.0037069422084184,-0.0023358513805666614,-2.9238017581111895
48.23,0.0036837133875698,-0.0023099594690966885,-3.9460249878245275
48.24,0.0036607420839177,-0.0022843477633083227,-3.505125037066804
48.25,0.0036380255056087,-0.0022590140022441625,-2.558543693457579
48.26,0.0036155608843266,-0.0022339565562183366,-4.150133597481053
48.27,0.0035933454711103,-0.002209170137919187,-5.909246856292597
48.28,0.0035713765946767,-0.0021846493839674875,-5.692867976655135
48.29,0.0035496516049598,-0.0021603919293549916,-3.7535101913451268
48.3,0.0035281678811987,-0.002136397572029165,-5.661054394242418
48.3099999999999,0.0035069227948089,-0.002112660973353327,-8.610343017799128
48.32,0.003485913822113,-0.0020891756851966793,-7.733345420587835
48.33,0.0034651384490766,-0.0020659400748558165,-8.536741585751196
48.34,0.0034445941975639,-0.0020429510229458526,-5.831534816222222
48.35,0.0034242786073988,-0.0020202091194200323,-8.70198283573933
48.36,0.0034041892114441,-0.001997708416116659,-12.204324885022194
48.37,0.0033843236544486,-0.001975442451520837,-11.07364609335628
48.38,0.0033646795838963,-0.001953410070983332,-11.41912598274793
48.39,0.0033452546811989,-0.0019316090143166856,-8.844700188134443
48.4,0.0033260466339645,-0.0019100396413724813,-12.557208353221418
48.41,0.0033070531367122,-0.0018886957260000076,-15.914777992706934
48.42,0.0032882719849674,-0.0018675715771458278,-14.981410852404613
48.4299999999999,0.0032697009763421,-0.0018466660357083328,-14.725660376576863
48.44,0.0032513379402612,-0.0018259776416349976,-12.911817950792633
48.45,0.0032331807033476,-0.0018055059854083354,-17.231508331527873
48.46,0.0032152271180076,-0.0017852449263583317,-19.939054229696758
48.47,0.0031974751165623,-0.0017651899273399925,-19.635094912983263
48.48,0.0031799226371418,-0.0017453394874208412,-18.658455122733717
48.49,0.003162567647702,-0.0017256928959483591,-17.80707790210479
48.5,0.0031454081056157,-0.0017062489675241524,-22.736593438039503
48.51,0.0031284420118673,-0.0016870017028533344,-24.645539524736154
48.52,0.0031116674265671,-0.0016679476761958312,-25.13428161473143
48.53,0.0030950824196556,-0.0016490850208075104,-23.291923584934896
48.54,0.0030786850890656,-0.0016304137620374811,-23.531975941517032
48.55,0.0030624735143522,-0.0016119320086741531,-29.190801983454293
48.5599999999999,0.0030464458355844,-0.0015936338548850372,-30.178520356556813
48.57,0.0030306002328469,-0.0015755169088374995,-31.604960051834365
48.58,0.0030149348996094,-0.0015575789562366502,-28.542212326020127
48.59,0.0029994480556127,-0.0015398208819000052,-30.115180795846115
48.6,0.0029841378924592,-0.0015222400735258085,-36.837088453731695
48.61,0.0029690026814733,-0.001504830538321658,-36.625295572691954
48.62,0.0029540407153173,-0.0014875909434825178,-38.980942092771755
48.63,0.0029392503030761,-0.0014705188149308293,-35.42265915173534
48.64,0.0029246297784995,-0.0014536153115283362,-37.44520888130404
48.65,0.0029101774447226,-0.001436877841786647,-44.95529052571912
48.66,0.0028958916858727,-0.00142030056513748,-44.55270666973654
48.67,0.0028817709030761,-0.0014038824422525327,-47.31831388071939
48.6799999999999,0.002867813513144,-0.0013876210955425055,-43.513552407452295
48.69,0.0028540179559633,-0.0013715177842916581,-46.03058398106145
48.7,0.0028403826404354,-0.0013555699471408333,-54.172848698972054
48.71,0.0028269060555223,-0.0013397720194283178,-53.646312715716284
48.72,0.0028135867032729,-0.0013241231945158311,-56.85437616569962
48.73,0.0028004231009947,-0.0013086211841549845,-52.96100337628513
48.74,0.0027874137875565,-0.0012932672506449912,-56.01245265744533
48.75,0.0027745572718897,-0.0012780588756274957,-64.67175020391343
48.76,0.0027618521405103,-0.0012629908391491914,-64.10267776463583
48.77,0.0027492969897004,-0.0012480625111524835,-67.80311661584459
48.78,0.00273689043074,-0.00123327168368084,-63.88014489439362
48.79,0.0027246310950656,-0.0012186196001208577,-67.51252342685125
48.8,0.0027125175854736,-0.0012041037919358118,-76.69368431173707
48.8099999999999,0.0027005485795837,-0.0011897193760308407,-76.12576053889639
48.82,0.0026887227619171,-0.0011754658705350027,-80.37851787277081
48.83,0.0026770388317373,-0.0011613411418266732,-76.408691349502
48.84,0.0026654955071666,-0.0011473464343625165,-80.68289881173041
48.85,0.0026540914785989,-0.0011334793290958384,-90.47481981909962
48.86,0.0026428255089334,-0.0011197352352450068,-89.92746197296184
48.87,0.0026316963653632,-0.0011061138119499996,-94.44929842179873
48.88,0.0026207028295104,-0.001092613085208319,-92.39302982103845
48.89,0.0026098437006489,-0.0010792335504166686,-96.26483412312183
48.9,0.002599117761444,-0.0010659733210341684,-104.45082116647829
48.91,0.002588523846882,-0.0010528289696058366,-105.03233364805655
48.92,0.0025780607978993,-0.0010397999371424941,-108.54919032232773
48.9299999999999,0.002567727468644,-0.0010268847639900093,-112.04785246262712
48.94,0.0025575227279971,-0.0010140819829250014,-115.76190962247031
48.95,0.0025474454593432,-0.0010013900953766792,-119.7599551041096
48.96,0.0025374945614439,-0.0009888075702008136,-123.1838604332104
48.97,0.0025276689476636,-0.0009763331290566865,-126.8307028839096
48.98,0.0025179675429844,-0.0009639654667300024,-131.0325130417
48.99,0.002508389287154,-0.0009517031441175195,-135.04758024487288
49.0,0.0024989331333747,-0.0009395448359941483,-138.66374256135938
49.01,0.0024895980480801,-0.0009274893362241476,-145.64850239906963
49.02,0.0024803830107125,-0.0009155344832150269,-149.3550969609792
49.03,0.0024712870262033,-0.0009036792251574809,-151.3171056976612
49.04,0.0024623090963461,-0.0008919230637699758,-157.56110624808596
49.05,0.0024534482401678,-0.0008802642897808586,-162.25968910173694
49.0599999999999,0.0024447034900809,-0.0008687016464866822,-166.9302056876741
49.07,0.0024360738908554,-0.0008572339492333283,-172.56350238987028
49.08,0.0024275584994253,-0.0008458597702433153,-179.3314269845485
49.09,0.002419156388831,-0.000834577466971689,-183.00672688867394
49.1,0.0024108666463149,-0.0008233863099566459,-187.40661022298434
49.11,0.0024026883620088,-0.0008122854122266496,-194.24889197636242
49.12,0.0023946206420425,-0.0008012732845750071,-199.76649131052366
49.13,0.002386662604119,-0.0007903488135899942,-205.3490321489368
49.14,0.0023788133773455,-0.0007795109142375009,-212.8587458163426
49.15,0.0023710721020636,-0.0007687580861075169,-218.68298675337476
49.16,0.0023634379353078,-0.0007580893198924849,-223.60336640753783
49.17,0.0023559100381503,-0.0007475038677758394,-230.95499991458968
49.1799999999999,0.0023484875844262,-0.0007370004554350094,-237.59108822167107
49.19,0.0023411697591439,-0.0007265780062950077,-244.29358811756458
49.2,0.0023339557579088,-0.0007162354859741645,-251.57348128703626
49.21,0.0023268447867665,-0.0007059717698058442,-259.5707335959825
49.22,0.0023198360637239,-0.0006957856427175018,-266.07168992742356
49.23,0.0023129288180414,-0.0006856762811024885,-273.0198008475842
49.24,0.0023061222852341,-0.000675642809500835,-281.3550463701472
49.25,0.0022994157125804,-0.0006656841017624966,-289.1148723906919
49.26,0.002292808357176,-0.0006557991984466492,-296.794019092537
49.27,0.0022862994857881,-0.0006459871885550195,-306.91716489456167
49.28,0.0022798883747093,-0.0006362467262341657,-314.9484512584086
49.29,0.0022735743154734,-0.0006265769661416504,-321.797242545986
49.3,0.0022673566018065,-0.000616977342107511,-331.7042817701632
49.3099999999999,0.0022612345385027,-0.0006074467395416759,-340.76641543432277
49.32,0.0022552074399966,-0.0005979842363875011,-349.82677105886745
49.33,0.0022492746297392,-0.0005885889644299958,-359.89551236511215
49.34,0.002243435440065,-0.0005792598984966532,-371.2744604024443
49.35,0.0022376892147815,-0.0005699958507799748,-379.5026062889205
49.36,0.0022320353081546,-0.0005607962816066704,-388.54145175342535
49.37,0.0022264730765496,-0.000551660545189179,-400.26926584976326
49.38,0.0022210018880026,-0.00054258755529916,-410.65267595479605
49.39,0.0022156211189882,-0.0005335765000500097,-421.2826380312343
49.4,0.0022103301542993,-0.0005246265790283466,-433.14990168647046
49.41,0.0022051283869292,-0.0005157368094308101,-446.1705063552927
49.42,0.002200015221014,-0.000506906091763333,-455.80997134225294
49.4299999999999,0.0021949900698375,-0.0004981339660375133,-466.5813629896901
49.44,0.0021900523485773,-0.0004894198245158216,-480.0487688770002
49.45,0.0021852014833601,-0.000480762652198332,-492.13297378419065
49.46,0.0021804369081367,-0.00047216169711335724,-504.49212961181473
49.47,0.0021757580645765,-0.0004636162163699959,-518.159841855825
49.48,0.0021711644019621,-0.00045512529142332033,-532.6333031365725
49.49,0.0021666553799277,-0.00044668794918167843,-544.1745001140193
49.5,0.0021622304659171,-0.0004383037418400032,-556.9969164060502
49.51,0.0021578891301183,-0.0004299720640058223,-572.0415656831432
49.52,0.0021536308525077,-0.000421692003192477,-585.965306424365
49.53,0.0021494551203332,-0.0004134628571841642,-600.1451814933126
49.54,0.0021453614280194,-0.0004052839342066963,-615.6281312897974
49.55,0.002141349277074,-0.00039715438079249084,-631.5965956148104
49.5599999999999,0.0021374181785389,-0.0003890733362491675,-645.1528809395429
49.57,0.0021335676501843,-0.0003810403577733512,-660.0430643476827
49.58,0.0021297972132517,-0.00037305484626331317,-676.6558626869644
49.59,0.0021261063977092,-0.0003651159826483126,-692.4181495845789
49.6,0.0021224947402897,-0.0003572231103308554,-708.3789186742234
49.61,0.0021189617844061,-0.0003493755865933422,-725.6994590539166
49.62,0.0021155070800666,-0.0003415726036408324,-743.234677009154
49.63,0.0021121301863156,-0.00033381338133248693,-758.5769365684372
49.64,0.0021088306680026,-0.00032609750851415474,-775.3542466137727
49.65,0.002105608093654,-0.00031842440504167456,-793.5219791608456
49.66,0.0021024620397955,-0.00031079331874831845,-810.9593925599672
49.67,0.0020993920892638,-0.00030320363575416865,-828.5268383855696
49.6799999999999,0.0020963978311308,-0.00029565475829669205,-847.5063151725291
49.69,0.0020934788606269,-0.00028814591201499994,-866.41544623949
49.7,0.0020906347816959,-0.00028067638265164864,-883.2525440576923
49.71,0.0020878652032264,-0.0002732457982483255,-901.6148454862573
49.72,0.002085169737845,-0.0002658535977491846,-921.0510055478551
49.73,0.0020825480056095,-0.000258499082604154,-939.8122809147455
49.74,0.0020799996324906,-0.00025118167701665824,-958.6274527009678
49.75,0.0020775242503037,-0.00024390082146085221,-978.75356719214
49.76,0.0020751214966406,-0.00023665577933084246,-998.5384490484483
49.77,0.0020727910173848,-0.00022944590050747777,-1016.5174352191439
49.78,0.0020705324626591,-0.00022227083481916285,-1035.9342595776916
49.79,0.0020683454865126,-0.00021513003549336016,-1056.020174527688
49.8,0.0020662297498413,-0.00020802285732664412,-1075.4714646848674
49.8099999999999,0.0020641849191016,-0.00020094875749166849,-1095.6861734070949
49.82,0.0020622106662503,-0.0001939071235058606,-1112.0654979858004
49.83,0.0020603066686836,-0.00018689796316747833,-1132.4073632620562
49.84,0.002058472601318,-0.0001799205915991679,-1157.0716781070123
49.85,0.0020567081552233,-0.00017297358899083732,-1175.5013788246038
49.86,0.0020550130295598,-0.00016605656083583706,-1193.8432557342335
49.87,0.0020533869252969,-0.00015916917886664686,-1213.7371842483951
49.88,0.0020518295492071,-0.00015231082950666183,-1233.091482262816
49.89,0.0020503406138657,-0.00014548093247001925,-1255.0164209567627
49.9,0.002048919837651,-0.00013867856696083954,-1260.3775003384205
49.91,0.0020475669447445,-0.00013190597976415076,-1283.371489338448
49.92,0.0020462816242728,-0.00012516177907584023,-1316.0356860569461
49.9299999999999,0.0020450636244118,-0.00011844250609251454,-1326.903324804456
49.94,0.0020439126884785,-0.00011174902088249448,-1344.314549995613
49.95,0.0020428285591212,-0.0001050810486725023,-1362.4740199194518
49.96,0.0020418109844539,-9.843799180250165e-05,-1379.9318552779198
49.97,0.0020408597180557,-9.181929090335082e-05,-1398.9708718861891
49.98,0.0020399745189708,-8.52240771558333e-05,-1403.3567900776493
49.99,0.0020391551501648,-7.865543911332046e-05,-1426.6396504924248
50.0,0.0020384013305854,-7.211082154831645e-05,-1452.6534579288605
50.01,0.0020377128636661,-6.55865628125327e-05,-1459.2961990120316
50.02,0.002037089525567,-5.9084702559166705e-05,-1475.5792064419304
50.03,0.0020365310975551,-5.260446025249852e-05,-1489.8773805945827
50.04,0.0020360373660045,-4.6145325177519066e-05,-1503.843017685267
50.05,0.0020356081223964,-3.9706711189138284e-05,-1516.6977515985507
50.0599999999999,0.0020352431633187,-3.328843573249879e-05,-1526.2103765126692
50.07,0.0020349422814114,-2.689235780501479e-05,-1541.2120567309423
50.08,0.0020347052504124,-2.051600450666567e-05,-1554.7100248575875
50.09,0.0020345319020826,-1.4156979228324996e-05,-1563.221514148771
50.1,0.0020344220492291,-7.816631469165485e-06,-1573.5719354330856
50.11,0.0020343755094524,-1.494283956658711e-06,-1582.8562915470377
50.12,0.0020343921051471,4.810542697498109e-06,-1591.3040411923312
50.13,0.0020344716635014,1.1098442900828755e-05,-1599.5224679088549
50.14,0.0020346140164974,1.7369109420831346e-05,-1608.074286888086
50.15,0.0020348189871067,2.362185558833456e-05,-1612.9481296742686
50.16,0.002035086400859,2.9858882933326798e-05,-1617.435450740471
50.17,0.0020354161157236,3.6081430193342194e-05,-1623.6337524804235
50.1799999999999,0.0020358079794806,4.22888599775209e-05,-1627.298475431455
50.19,0.0020362618444563,4.848174971083779e-05,-1630.4498744996113
50.2,0.0020367775675233,5.46605539891554e-05,-1632.0217019614422
50.21,0.0020373550100999,6.0825874188334746e-05,-1636.9952662610767
50.22,0.0020379940381507,6.697702497001929e-05,-1639.2421448697414
50.23,0.0020386945045729,7.311413755333316e-05,-1633.6918195266915
50.24,0.0020394562803109,7.923925853416606e-05,-1632.850015680952
50.25,0.0020402792508751,8.535280419999413e-05,-1633.3253532457259
50.26,0.0020411632975442,9.145462323749136e-05,-1630.3146458854267
50.27,0.0020421083059353,9.754522090749378e-05,-1627.0470421845212
50.28,0.002043114166004,0.00010362503107583894,-1620.3872777760605
50.29,0.0020441807720446,0.00010969476404250609,-1628.8825528924406
50.3,0.0020453080226895,0.00011575253719749128,-1619.1306599501524
50.3099999999999,0.0020464957877342,0.00012179958727832622,-1597.7974409528226
50.32,0.0020477439870571,0.00012783885928751014,-1598.6118564161404
50.33,0.002049052536512,0.0001338695402874966,-1592.074124959438
50.34,0.0020504213497974,0.00013989174860916604,-1582.9387385364355
50.35,0.0020518503448221,0.0001459059583083174,-1573.5884218534497
50.36,0.0020533394437048,0.00015191259037582592,-1563.5235106261807
50.37,0.0020548885727742,0.0001579120658183312,-1552.9225156312314
50.38,0.0020564976625691,0.0001639048056400044,-1538.6751523906883
50.39,0.0020581666478383,0.0001698914564999968,-1539.948086313619
50.4,0.0020598954675408,0.0001758707744791625,-1540.026666622559
50.41,0.0020616840377678,0.00018184188245417817,-1498.907674929322
50.42,0.0020635322890676,0.00018780844240749066,-1479.7180687745624
50.4299999999999,0.0020654401941582,0.0001937715829249894,-1481.5222358986284
50.44,0.0020674077055751,0.0001997299764241787,-1464.1451686037258
50.45,0.0020694347798768,0.0002056842269591881,-1449.3130024628827
50.46,0.0020715213776455,0.00021163473685832933,-1433.911350104293
50.47,0.0020736674634863,0.00021758190845667228,-1418.146978914024
50.48,0.0020758730060281,0.0002235261440983219,-1401.1146263860287
50.49,0.0020781379779228,0.00022946791548083262,-1383.3252714677603
50.5,0.0020804623558457,0.00023540748121999308,-1406.9544836506263
50.51,0.0020828461121694,0.00024134165862832024,-1358.1093568422716
50.52,0.0020852891822545,0.00024727378667002123,-1308.3125222493672
50.53,0.0020877915901578,0.00025320729842083446,-1324.9806856974485
50.54,0.0020903533253525,0.0002591396289224773,-1301.5555295739118
50.55,0.0020929743811429,0.000265071481417521,-1283.8763315227218
50.5599999999999,0.0020956547546646,0.00027100323904250743,-1265.771697095013
50.57,0.0020983944468845,0.00027693528489080915,-1247.5105257935033
50.58,0.0021011934626002,0.0002828680020691778,-1229.3652208553883
50.59,0.0021040518104408,0.00028880177372917506,-1205.2850700881006
50.6,0.0021069695028667,0.0002947372750866665,-1216.9491491830222
50.61,0.002109946556169,0.00030067243727915905,-1187.8186395577766
50.62,0.0021129829554154,0.00030660852904749786,-1137.5786805929254
50.63,0.0021160787383569,0.0003125485641450068,-1136.8501191119456
50.64,0.0021192339368842,0.0003184915753658421,-1120.670730417622
50.65,0.002122448580222,0.0003244376409000046,-1101.209327624335
50.66,0.0021257227012923,0.00033038718346416993,-1082.7008083614867
50.67,0.0021290563367137,0.00033634057275251146,-1064.189062623019
50.6799999999999,0.0021324495268021,0.0003422981784666437,-1045.8235427804725
50.69,0.0021359023155701,0.0003482603703000098,-1025.5566062050702
50.7,0.0021394147507275,0.000354227616700843,-1015.9884492137862
50.71,0.0021429868836809,0.00036019955468581265,-1004.9593925760678
50.72,0.0021466187576844,0.0003661760211949959,-969.3188792956205
50.73,0.002150310424663,0.00037215878269335824,-948.5820178926677
50.74,0.0021540619560409,0.0003781484873350176,-940.1606904744368
50.75,0.0021578734166097,0.0003841447665658103,-920.8794950197756
50.76,0.0021617448747778,0.00039014806747250506,-903.5158038510095
50.77,0.0021656764025703,0.0003961587517241769,-886.2413650558314
50.78,0.002169668075629,0.0004021771809883324,-869.1535366063794
50.79,0.0021737199732124,0.00040820371695498604,-851.9883142484621
50.8,0.002177832178196,0.0004142387379058105,-835.0625237917336
50.8099999999999,0.0021820047770717,0.0004202825644875085,-828.9445568267249
50.82,0.0021862378579547,0.00042633475709418726,-804.1549240103861
50.83,0.0021905315035435,0.0004323963457866671,-779.8916585386669
50.84,0.0021948858191191,0.0004384683674891439,-772.6908842005412
50.85,0.0021993009048925,0.00044455051693084236,-755.5730418683274
50.86,0.002203776864648,0.0004506432234591801,-740.174676737629
50.87,0.002208313805743,0.0004567468443799763,-724.934171143187
50.88,0.002212911839108,0.0004628617370241601,-709.9168355316878
50.89,0.0022175710792469,0.0004689882586916885,-695.1334007012811
50.9,0.0022222916442363,0.00047512676669748434,-680.3739828501681
50.91,0.0022270736557264,0.0004812776287800081,-667.0239832928454
50.92,0.0022319172389403,0.00048744111939167154,-652.9217035161065
50.9299999999999,0.0022368225214253,0.0004936175936424807,-638.1246485471868
50.94,0.0022417896355005,0.0004998074858716611,-624.847106621486
50.95,0.0022468187169709,0.0005060111261766746,-611.5658853597731
50.96,0.0022519099050005,0.0005122288580075075,-598.3991251872434
50.97,0.0022570633422841,0.000518461035787483,-585.4906153699974
50.98,0.0022622791750452,0.0005247080122899996,-572.8132757397428
50.99,0.002267557553034,0.0005309701400549801,-560.3668656735101
51.0,0.0022728986295249,0.0005372477714341806,-548.1505008178242
51.01,0.0022783025613151,0.000543541258575845,-536.0749094863123
51.02,0.0022837695087219,0.0005498509533949659,-526.2916212019043
51.03,0.0022892996355809,0.0005561770956758387,-503.8197349202581
51.04,0.0022948931092439,0.0005625209976783525,-498.41016708956306
51.05,0.00230055011401,0.0005688824872608048,-496.83780940608244
51.0599999999999,0.0023062708164333,0.0005752610270783525,-477.98350027521616
51.07,0.0023120553946248,0.0005816576552841453,-468.0949373403359
51.08,0.0023179040309129,0.0005880727009124948,-457.63300298488
51.09,0.0023238169112127,0.0005945065174258463,-447.3467180383874
51.1,0.002329794225027,0.0006009594635958057,-437.27356283783735
51.11,0.0023358361654465,0.0006074318983124792,-427.4071092867746
51.12,0.0023419429291518,0.0006139241805841756,-417.7389900062577
51.13,0.0023481147164136,0.0006204366694616798,-408.3121943713718
51.14,0.0023543517310937,0.0006269697149724785,-400.77741730335794
51.15,0.0023606541806463,0.0006335235955074851,-377.99610179766023
51.16,0.0023670222772167,0.0006401000064708538,-378.3264505494035
51.17,0.0023734562539367,0.0006466983970991566,-380.6418055891092
51.1799999999999,0.0023799563166404,0.0006533179738649646,-361.24421526197494
51.19,0.002386522688384,0.0006599601542066737,-354.6342265130265
51.2,0.0023931555959313,0.0006666251964950105,-346.3594736991324
51.21,0.0023998552697591,0.0006733134722558319,-338.3377369665541
51.22,0.0024066219440618,0.0006800253535400377,-330.49043898797044
51.23,0.0024134558567573,0.0006867612129633251,-322.8156742217173
51.24,0.0024203572494921,0.000693521423605827,-315.2952507160409
51.25,0.0024273263676459,0.0007003063591066766,-308.1999650479124
51.26,0.0024343634603379,0.0007071163710216775,-300.95187224708826
51.27,0.0024414687804309,0.0007139519071833269,-285.4202090168326
51.28,0.0024486425872495,0.0007208142819624773,-285.7940795941335
51.29,0.0024558851540767,0.0007277030567591911,-285.5495364030569
51.3,0.0024631967356688,0.0007346178301891859,-271.7927996196309
51.3099999999999,0.0024705776009742,0.000741559777719159,-266.5245547220319
51.32,0.0024780280228068,0.0007485292001858169,-260.164135477423
51.33,0.0024855482778544,0.0007555264854474887,-253.99706288890656
51.34,0.0024931386466881,0.0007625520222725106,-247.97062728160327
51.35,0.0025007994137709,0.0007696062002583368,-242.08116625198292
51.36,0.0025085308674661,0.0007766894099449947,-236.3074089213043
51.37,0.0025163333000474,0.0007838020427708238,-231.05851603565674
51.38,0.0025242070077067,0.000790944456707502,-224.37859813985514
51.39,0.0025321522905632,0.0007981172447783343,-213.81471343080335
51.4,0.0025401694567876,0.0008053214579183432,-214.503687508236
51.41,0.0025482588233212,0.0008125567221591668,-212.96547548537998
51.42,0.0025564206948205,0.0008198229271208054,-203.12833736661827
51.4299999999999,0.0025646553881673,0.0008271210911516892,-199.019073677859
51.44,0.0025729632243019,0.0008344515524883606,-194.17571402174977
51.45,0.0025813445282342,0.0008418147187583248,-189.47910856882154
51.46,0.0025897996290571,0.0008492109988399962,-184.89253535420707
51.47,0.0025983288599579,0.0008566408027866593,-180.4132610059286
51.48,0.0026069325582307,0.0008641045418891508,-176.01320082188462
51.49,0.0026156110652886,0.0008716026286641567,-172.28099318346918
51.5,0.002624364726676,0.0008791354228000086,-165.8396116761256
51.51,0.0026331938920806,0.0008867037151891774,-158.29509162944757
51.52,0.0026420989218307,0.0008943084292974952,-160.2396086838823
51.53,0.0026510801807035,0.000901949091408334,-158.28716331906645
51.54,0.0026601380241435,0.0009096257852999979,-150.6971122305111
51.55,0.002669272819614,0.0009173395047308503,-147.6214230254698
51.5599999999999,0.0026784849388787,0.0009250906160742001,-143.94691351801833
51.57,0.0026877747580174,0.0009328795517258078,-140.3875024176704
51.58,0.0026971426574418,0.0009407067456858255,-136.91270052365712
51.59,0.0027065890219117,0.0009485726335608678,-133.52108548815178
51.6,0.0027161142405508,0.0009564776525049911,-130.1817817093437
51.61,0.0027257187068621,0.0009644222412733363,-127.56505862181827
51.62,0.0027354028187444,0.0009724067707775168,-121.49453205146354
51.63,0.0027451669785077,0.0009804322099866685,-116.82159896799054
51.64,0.0027550116012223,0.0009884992739891674,-119.0167826134453
51.65,0.0027649371014869,0.000996607493984162,-116.38385022080163
51.66,0.0027749438896993,0.001004757219955865,-111.05364168913411
51.67,0.0027850323870456,0.0010129493453300065,-108.68178446567441
51.6799999999999,0.0027952030192972,0.001021184277771678,-105.90919080396107
51.69,0.0028054562168305,0.0010294624787283355,-103.22289182863415
51.7,0.0028157924146459,0.0010377844115974926,-100.60149147477992
51.71,0.0028262120523878,0.0010461505417516453,-98.04396823736792
51.72,0.0028367155743639,0.0010545613364700147,-95.50835176349017
51.73,0.0028473034295643,0.001063017264992518,-93.9521142521383
51.74,0.0028579760716815,0.0010715186850866313,-87.10194042331172
51.75,0.0028687339591295,0.0010800669805366636,-84.69668077347812
51.76,0.0028795775686751,0.0010886626443633322,-88.57051641933408
51.77,0.0028905073678487,0.0010973048870341572,-85.04320358356708
51.78,0.0029015238241115,0.0011059943968499799,-80.99036268212505
51.79,0.0029126274161766,0.0011147320765224982,-79.24917875418323
51.8,0.0029238186276763,0.0011235183661158612,-77.16081592022047
51.8099999999999,0.0029350979471844,0.00113235376097,-75.14074490002518
51.82,0.00294646586824,0.001141238758734145,-73.17072682153218
51.83,0.0029579228893698,0.0011501738593241713,-71.2492499883308
51.84,0.0029694695141114,0.0011591595650108299,-69.3757436374527
51.85,0.0029811062510367,0.0011681963803183318,-67.4901171819482
51.86,0.0029928336137739,0.0011772848120791795,-67.01485252053807
51.87,0.0030046521210316,0.0011864251732324903,-58.19362699134079
51.88,0.0030165622966211,0.0011956196344516344,-59.48361955164999
51.89,0.0030285646930264,0.0012048680125650172,-64.84705463266883
51.9,0.0030406598335981,0.001214169090295838,-58.76375373707524
51.91,0.0030528482553398,0.0012235243894866488,-56.86042219856934
51.92,0.0030651305042928,0.0012329345906916876,-55.46554065488414
51.9299999999999,0.0030775071318456,0.0012424001990316506,-53.9392665029735
51.94,0.0030899786947615,0.0012519217533299902,-52.459644375356284
51.95,0.0031025457552056,0.0012614997951875238,-51.01733821590794
51.96,0.0031152088807732,0.0012711348689750245,-49.611743564623836
51.97,0.0031279686445167,0.0012808275217816747,-48.23943409109427
51.98,0.0031408256249733,0.001290578303469157,-46.894567157584284
51.99,0.0031537804061926,0.0013003877571749899,-46.7319722183302
52.0,0.0031668335777641,0.001310256265334164,-37.60002047602105
52.01,0.0031799857359821,0.0013201865476825166,-41.6102212022611
52.02,0.0031932375114492,0.0013301777029558351,-46.75521628071701
52.03,0.0032065894899515,0.001340228409366663,-39.31239368746577
52.04,0.0032200422851646,0.0013503409578674828,-39.164063002262054
52.05,0.0032335965165813,0.0013605157475583187,-37.98314042829324
52.0599999999999,0.0032472528095435,0.0013707533650258524,-36.874792901398784
52.07,0.0032610117952757,0.00138105440011668,-35.795160857318294
52.08,0.0032748741109167,0.0013914194459224692,-34.74351925040537
52.09,0.0032888403995529,0.0014018490988133407,-33.71944821511588
52.1,0.0033029113102504,0.0014123439583874943,-32.70958746910628
52.11,0.0033170874980877,0.001422904627535819,-31.974116668269037
52.12,0.0033313696241886,0.0014335316537266718,-30.48954913557507
52.13,0.0033457583557542,0.0014442259368349967,-24.76959665696431
52.14,0.0033602543731352,0.0014549896641083344,-28.74649643402325
52.15,0.0033748583772403,0.0014658218132666773,-31.36558301337487
52.16,0.0033895710363844,0.0014767217327458424,-26.186369870812594
52.17,0.0034043930441558,0.0014876914874716713,-26.061763563780264
52.1799999999999,0.0034193251005297,0.0014987315603266483,-25.204866570605237
52.19,0.0034343679119061,0.0015098425956824998,-24.401118911067307
52.2,0.0034495221911476,0.0015210252416800012,-23.61889601755662
52.21,0.0034647886576171,0.0015322801502683284,-22.85785884703962
52.22,0.0034801680372161,0.0015436079771666633,-22.117532197256978
52.23,0.0034956610624219,0.0015550093818733372,-21.376247175449294
52.24,0.003511268472326,0.0015664850276800046,-21.119839368640346
52.25,0.0035269910126715,0.0015780354632299906,-18.490813730032
52.26,0.0035428294358913,0.001589662207870855,-15.523054948284233
52.27,0.0035587845153567,0.0016013668421125107,-19.507250523054815
52.28,0.0035748570288631,0.0016131481646383362,-20.035089572505306
52.29,0.0035910477353924,0.0016250062946241706,-16.65713681651329
52.3,0.0036073574164203,0.0016369430524716447,-16.53312209032917
52.3099999999999,0.0036237868604594,0.001648959014866669,-15.917878733698567
52.32,0.0036403368631025,0.0016610548919949986,-15.340503028286731
52.33,0.003657008227066,0.001673231398410003,-14.779476575671067
52.34,0.0036738017622337,0.0016854892530008408,-14.234442794918662
52.35,0.0036907182856998,0.001697829178999971,-13.705012035074054
52.36,0.0037077586218128,0.0017102519040075093,-13.161453638959324
52.37,0.0037249236022188,0.0017227581599433448,-13.304713006621178
52.38,0.0037422140659048,0.0017353484854841688,-9.562381256839403
52.39,0.0037596308592426,0.0017480252021725197,-8.929342288320985
52.4,0.0037771748597451,0.0017607891345283134,-13.023664602671618
52.41,0.0037948469286805,0.0017736387949991508,-11.695975929698367
52.42,0.0038126479252646,0.001786575259397507,-9.797028948316774
52.4299999999999,0.0038305787279987,0.0017996000583466738,-9.653797019941658
52.44,0.003848640223163,0.001812713875902512,-9.218317232476362
52.45,0.0038668333048661,0.0018259174974324813,-8.80865377803556
52.46,0.0038851588750955,0.0018392117132933557,-8.41144624209813
52.47,0.0039036178437668,0.0018525973187733266,-8.026324365282154
52.48,0.0039222111287734,0.001866075114151674,-7.6530356749277875
52.49,0.0039409396560365,0.0018796459047032985,-7.25418418657239
52.5,0.0039598043595549,0.001893310500657453,-7.730146658164609
52.51,0.0039788061814544,0.0019070694179625324,-2.921272304309542
52.52,0.0039979460720377,0.0019209260022491669,-4.408480222766224
52.53,0.0040172250257434,0.001934880058632515,-8.572209778315884
52.54,0.004036643993597,0.0019489297470158236,-5.497797893632467
52.55,0.0040562039468929,0.0019630773951833116,-4.930249863423157
52.5599999999999,0.0040759058715918,0.001977324120562512,-4.737092579874954
52.57,0.0040957507622798,0.0019916707376899925,-4.436057775021763
52.58,0.0041157396222247,0.002006118117595882,-4.150341583301267
52.59,0.0041358734634333,0.002020667137038374,-3.8741527646410705
52.6,0.0041561533067083,0.0020353186783824747,-3.6071445681853884
52.61,0.004176580181704,0.002050073629692445,-3.3479609149070524
52.62,0.0041971551269844,0.0020649328847350294,-3.0840051912312343
52.63,0.004217879190079,0.002079897331751712,-3.618741041398917
52.64,0.0042387534275401,0.0020949675751083126,1.671343974399628
52.65,0.0042597789063394,0.002110147913789986,-1.4227467385817965
52.66,0.0042809567480546,0.002125437013260851,-5.298264947340394
52.67,0.0043022880045402,0.0021408328330300265,-1.0791405995319214
52.6799999999999,0.0043237737715552,0.002156338990790853,-1.5135994596813445
52.69,0.0043454151543806,0.0021719561548491422,-1.2770797415672037
52.7,0.0043672132678829,0.002187685287042463,-1.0756065775300672
52.71,0.0043891692365799,0.002203527355701656,-0.8815453326918281
52.72,0.0044112841947045,0.002219483335552533,-0.694635119505659
52.73,0.0044335592862692,0.0022355542077991813,-0.5147325618465389
52.74,0.004455995665131,0.002251740960128334,-0.33378135413171994
52.75,0.004478594495056,0.002268044586653362,-0.3157205333812426
52.76,0.0045013569497835,0.0022844659961575135,0.15009817215130147
52.77,0.0045242842130908,0.0023010066309267063,3.5579206925639526
52.78,0.0045473774898705,0.002317670134557512,0.479200649596417
52.79,0.0045706380200408,0.002334454859403299,-1.763058428520555
52.8,0.0045940669892366,0.002351359696963363,1.2813948530627366
52.8099999999999,0.0046176656248912,0.0023683880672458247,0.9399273831761952
52.82,0.0046414351650381,0.0023855407732841123,1.0986559060847048
52.83,0.0046653768583833,0.002402818886023353,1.230923683293147
52.84,0.0046894919643793,0.002420223483769993,1.3575090751390044
52.85,0.004713781753298,0.0024377556520849782,1.478620752298678
52.86,0.0047382475063033,0.0024554164838683124,1.5943601250940445
52.87,0.0047628905155251,0.002473207079356665,1.7189571645490247
52.88,0.0047877120841319,0.0024911285460642034,1.5281118168681018
52.89,0.004812713526404,0.0025091818020100314,2.9120664500818116
52.9,0.0048378961678068,0.0025273693674399958,4.654321620531157
52.91,0.0048632613686831,0.0025456939826916615,1.5841241254615914
52.92,0.0048888104982719,0.002564153594196623,0.8131790031054417
52.9299999999999,0.0049145448922018,0.0025827483175516783,2.827717039745381
52.94,0.0049404659246528,0.0026014812719399724,2.579508429534834
52.95,0.0049665749816241,0.0026203534199958248,2.6802534095930137
52.96,0.0049928734610175,0.0026393659561149757,2.761786527225008
52.97,0.0050193627727199,0.002658520082902476,2.839032141250343
52.98,0.0050460443386854,0.002677817011260819,2.91209033690585
52.99,0.005072919593019,0.002697257960411698,2.980949202628443
53.0,0.005099989982059,0.0027168441577933304,3.0655685897100673
53.01,0.0051272569644593,0.002736576839122439,2.6958720398186786
53.02,0.0051547220112726,0.0027564569158108334,4.925826398893608
53.03,0.0051823866060331,0.002776488291382488,5.156556732335992
53.04,0.0052102522847521,0.0027966724441191716,2.1114870608136425
53.05,0.0052383205573294,0.002817006825159148,2.6936247362230996
53.0599999999999,0.0052665929283487,0.002837493179942501,3.7753782114661845
53.07,0.0052950709357868,0.002858134159797513,3.622690497668469
53.08,0.0053237561308182,0.002878930920156632,3.6801260405695078
53.09,0.0053526500779097,0.002899884794899161,3.7248740807252143
53.1,0.0053817543549131,0.0029209971271507975,3.766360779806194
53.11,0.0054110705531581,0.002942269269458342,3.804590664074236
53.12,0.0054406002775473,0.0029637025837225338,3.839594092873211
53.13,0.0054703451466483,0.002985298441150868,3.8868034057347978
53.14,0.005500306792788,0.003007058222330829,3.577928758926773
53.15,0.0055304868621456,0.003028983005730816,5.397915066744319
53.16,0.005560887014846,0.0030510767776517076,4.8809642859211175
53.17,0.0055915089624246,0.0030733402014750067,3.109487106333222
53.1799999999999,0.0056223543817018,0.003095772006846652,4.111936489378175
53.19,0.005653424972815,0.0031183749585083262,4.283420494414688
53.2,0.0056847224571476,0.0031411508449058173,4.2653935620312495
53.21,0.00571624857097,0.003164101106470833,4.295482893837927
53.22,0.0057480050655531,0.0031872272489424968,4.321171755141395
53.23,0.0057799937072825,0.0032105307895941753,4.340419398691547
53.24,0.0058122162777745,0.003234013247010844,4.276806586591389
53.25,0.0058446745739899,0.0032576761027933326,5.025357449592101
53.26,0.005877370409571,0.0032815221117141655,4.580946220233863
53.27,0.0059103056293193,0.0033055520806058152,4.02030236518673
53.28,0.005943482067004,0.0033297665696625416,4.583613545707334
53.29,0.0059769015837812,0.00335416807234997,4.510475304905116
53.3,0.0060105660569067,0.0033787581096966736,4.527277277080541
53.3099999999999,0.0060444773798589,0.0034035383101250058,4.538212951458369
53.32,0.006078637462462,0.0034285103143383232,4.5484812155554675
53.33,0.0061130482310086,0.003453675775376701,4.527384852375127
53.34,0.0061477116283837,0.003479036320685063,4.628917934931173
53.35,0.0061826296141873,0.003504593859816675,4.955214566169268
53.36,0.0062178041694094,0.0035303507053333263,4.587059681104058
53.37,0.0062532372960362,0.003556307843013279,4.375052812566279
53.38,0.0062889309985349,0.0035824665352416664,4.660378444480759
53.39,0.0063248873060297,0.0036088290727575426,4.612065618778193
53.4,0.0063611082651284,0.003635397149611623,4.611931626288232
53.41,0.0063975959400533,0.0036621725337082998,4.607955349502098
53.42,0.0064343524127703,0.003689157005950009,4.604608537193649
53.4299999999999,0.0064713797831199,0.003716352360312548,4.547199926475786
53.44,0.0065086801689472,0.0037437603298699747,4.7727827881627665
53.45,0.006546255706231,0.00377138328921249,4.892236496917757
53.46,0.0065841085580747,0.0037992233779008382,4.542474456400438
53.47,0.0066222409014344,0.0038272816783808633,4.518566323523793
53.48,0.0066606549252263,0.0038555599940625043,4.6537813669260215
53.49,0.0066993528420381,0.003884060562822464,4.62153909332176
53.5,0.0067383368836168,0.003912785269268316,4.607918894391331
53.51,0.0067776093010197,0.003941736038909197,4.6031742124300825
53.52,0.0068171723647669,0.003970914871848354,4.790761928218433
53.53,0.0068570283665698,0.0040003242344675335,4.645013828384553
53.54,0.0068971796233958,0.004029965783850872,4.490599452251504
53.55,0.0069376284619148,0.0040598411442958025,4.620885075581735
53.5599999999999,0.0069783772334648,0.004089952693685835,4.587286854027037
53.57,0.0070194283098063,0.004120302445680826,4.5772231371672865
53.58,0.0070607840832855,0.004150892467069989,4.541788221529258
53.59,0.0071024469669987,0.004181724800866697,4.643636908924542
53.6,0.0071444193949556,0.004212801874690016,4.605688128549462
53.61,0.0071867038270631,0.0042441257489991115,4.478746849327078
53.62,0.0072293027388379,0.004275698237144127,4.518807657813949
53.63,0.0072722186281772,0.004307521640927532,4.5115586948320345
53.64,0.0073154540154111,0.004339598174381685,4.492157477579709
53.65,0.0073590114427374,0.004371930026749989,4.468246503658749
53.66,0.0074028934743937,0.004404519396435031,4.466766327264819
53.67,0.007447102696828,0.0044373685891841265,4.539494089943922
53.6799999999999,0.0074916417205637,0.004470480151961603,4.469961945895108
53.69,0.0075365131813953,0.004503856195935,4.3518725137604175
53.7,0.0075817197326967,0.004537498667594206,4.334379964343587
53.71,0.0076272640503798,0.004571409833759987,4.202092876458539
53.72,0.0076731488323284,0.00460559169871171,4.424453865866306
53.73,0.0077193767983977,0.004640047625565851,5.185234617415555
53.74,0.0077659507129945,0.0046747826759665845,4.308188279214027
53.75,0.0078128733806407,0.004709796257494206,3.73589422535068
53.76,0.0078601475691564,0.004745088645713342,4.297810309201657
53.77,0.0079077760967936,0.004780664234721701,4.076973619589199
53.78,0.0079557618047321,0.0048165249152283774,4.187643159670877
53.79,0.0080041075570797,0.004852673891791599,5.165147833587642
53.8,0.0080528162616178,0.004889117431627508,4.2631192038669345
53.8099999999999,0.0081018908848642,0.004925854708304215,3.4876652284438165
53.82,0.0081513343352128,0.004962885128784164,4.175504077482392
53.83,0.0082011495808432,0.0050002138679682995,3.9487310131854945
53.84,0.0082513396139957,0.005037842878424228,3.9368520338368045
53.85,0.0083019074509712,0.005075775143077447,5.222352137733969
53.86,0.0083528561508259,0.005114018709701671,4.254734293917644
53.87,0.0084041888583155,0.00515257232142501,3.2111425089936363
53.88,0.0084559086275859,0.005191434065245834,4.085765136884512
53.89,0.0085080185864802,0.0052306102688783485,3.8557800523434738
53.9,0.008560521888314,0.005270102972980027,3.71216176796714
53.91,0.0086134217118749,0.005309914769308349,5.1083661214751555
53.92,0.0086667212739859,0.005350054884336632,4.218925638638094
53.9299999999999,0.0087204238995384,0.005390522210996678,3.052673624550778
53.94,0.0087745328035016,0.00543131398559918,3.974948882069178
53.95,0.0088290512826809,0.005472437246565864,3.761888818785305
53.96,0.008883982660854,0.00551389418697162,3.5114893726851855
53.97,0.0089393302887697,0.005555687003378317,4.919103371535463
53.98,0.0089950975497754,0.005597825765457455,4.142686177121986
53.99,0.0090512879536467,0.005640309725555099,2.9351774016258796
54.0,0.0091079048880151,0.005683135549040935,3.8419847337507247
54.01,0.0091649518276207,0.005726310759059959,3.6486458307180305
54.02,0.0092224322756825,0.005769837714936641,3.3108441243550475
54.03,0.0092803497638987,0.005813718252022455,4.798220031972184
54.04,0.0093387078524467,0.005857963743875009,4.068448012642347
54.05,0.0093975102514916,0.005902573511364995,2.7542452018708725
54.0599999999999,0.0094567605271607,0.005947543164946728,3.693467908028321
54.07,0.0095164623402469,0.005992880994535778,3.5049555328839994
54.08,0.0095766193826955,0.006038589527180898,3.2671790986849962
54.09,0.0096372353764257,0.006084671014847428,4.1146834403732475
54.1,0.0096983140733294,0.006131134194059919,4.235485015247184
54.11,0.0097598593435364,0.0061779833334075305,3.0627429137115203
54.12,0.0098218750162939,0.006225214494117486,3.1630877700001814
54.13,0.0098843649201328,0.00627283139900088,3.429987894054441
54.14,0.0099473329468065,0.006320839326447473,3.2275417604227656
54.15,0.0100107830197571,0.006369240780555759,3.471061843281964
54.16,0.0100747190941146,0.0064180414073417395,4.3246180156993494
54.17,0.0101391452049309,0.006467250633472516,3.3415589653321662
54.1799999999999,0.0102040654593159,0.006516865427364177,2.70394587226007
54.19,0.0102694838653508,0.00656688467808002,3.348702261293079
54.2,0.0103354045261901,0.006617316435145847,3.1787854450450173
54.21,0.0104018315785549,0.006668163480277531,2.9255926605261076
54.22,0.0104687691927312,0.0067194283870908,4.319912167549815
54.23,0.0105362215800463,0.0067711253270399405,3.5385775225265146
54.24,0.0106041931316704,0.006823252458743436,2.341767722533588
54.25,0.0106726880508237,0.006875804208730782,3.254036567660095
54.26,0.0107417106639012,0.006928791105799921,3.0593008244752404
54.27,0.010811265332845,0.006982215974458351,2.8247573287608048
54.28,0.0108813564551448,0.007036081364603329,3.720637244927275
54.29,0.0109519884638375,0.00709039886016663,3.656179792848933
54.3,0.0110231659480888,0.007145172159704919,2.5650594830460896
54.3099999999999,0.011094893413177,0.0072003960372734495,2.825316267931096
54.32,0.0111671753906962,0.007256076379159263,2.973897633758784
54.33,0.0112400164802239,0.007312218813135017,2.788313599594432
54.34,0.0113134213189649,0.00736882627612157,3.1084115263283754
54.35,0.0113873945817504,0.007425906395420838,3.706119880414554
54.36,0.0114619410497736,0.007483469028429201,2.819219995888025
54.37,0.011537065559243,0.007541510321810822,2.4037185997423625
54.38,0.0116127728554942,0.0076000303113866585,2.8874508059405968
54.39,0.0116890677888979,0.007659037872560911,2.732721425342219
54.4,0.0117659552496464,0.007718536278268311,2.6016813339701916
54.41,0.0118434401677533,0.007778529454294913,3.702773459748376
54.42,0.0119215275329452,0.007839033059002564,2.990322411887657
54.4299999999999,0.0120002225207729,0.007900044599961652,2.0581018642276483
54.44,0.0120795301067229,0.007961558655956616,2.7931315253901925
54.45,0.0121594554059795,0.00802358715105421,2.63033381092217
54.46,0.0122400035758832,0.008086133487939195,2.400990519421069
54.47,0.0123211798159288,0.008149200539129983,3.315738124008842
54.48,0.0124029893677646,0.008212803459668261,3.099818728221399
54.49,0.0124854376763351,0.008276944887834195,2.101333806635112
54.5,0.0125685300439734,0.00834161807046832,2.4871114198895996
54.51,0.0126522718390591,0.00840683182593501,2.5348014626897553
54.52,0.0127366685011004,0.008472591984690862,2.3664029871637604
54.53,0.0128217255142389,0.008538901987750817,2.7397777868848916
54.54,0.0129074484072489,0.008605772009349083,3.1563914243251343
54.55,0.012993842849717,0.008673212482603344,2.3425551850996404
54.5599999999999,0.0130809145438033,0.008741218312657464,2.0862503779314676
54.57,0.0131686691087617,0.008809790895425816,2.456371198273177
54.58,0.0132571122820876,0.008878940182414977,2.3164413074022154
54.59,0.0133462498485403,0.00894867002290838,2.263811431421718
54.6,0.0134360876401423,0.009018985894513427,3.1560984187332446
54.61,0.0135266315704503,0.009089905483769202,2.5066681766704786
54.62,0.013617887750026,0.009161425432039952,1.7625314427253098
54.63,0.0137098620695576,0.009233540270955838,2.369977005627121
54.64,0.0138025605811559,0.009306263751264173,2.231832285774354
54.65,0.0138959893869748,0.009379599949146727,2.018687631973946
54.66,0.0139901546392119,0.009453552163153345,2.888579665595563
54.67,0.014085062540108,0.009528139441420906,2.6082769950819014
54.6799999999999,0.0141807195466431,0.009603363540149908,1.7166143684730544
54.69,0.0142771319134539,0.00967921607659248,2.1431281165461074
54.7,0.0143743060011611,0.009755708950513291,2.1363664320280678
54.71,0.0144722482470609,0.009832848400860848,1.9859220976084628
54.72,0.0145709651414375,0.009910638478200862,2.3692470595117103
54.73,0.0146704632275618,0.009989092200164869,2.657967203910783
54.74,0.0147707492277842,0.010068220735017603,1.9314603337939016
54.75,0.0148718298738147,0.010148017700558381,1.781003702076982
54.76,0.0149737118232586,0.010228486019969079,2.064540053404996
54.77,0.01507640186729,0.010309636907669876,1.939562022118018
54.78,0.0151799068531903,0.010391474900857517,1.9409415792442422
54.79,0.0152842336843479,0.0104740073418692,2.6577955882718807
54.8,0.0153893893716189,0.010557254153192488,2.0774560419846235
54.8099999999999,0.0154953811336945,0.010641211033541648,1.4886665579074512
54.82,0.01560221594958,0.010725872608562535,1.985957021749919
54.83,0.0157099009840117,0.010811254680115909,1.8698953430995497
54.84,0.015818443461129,0.010897362135706598,1.6741545916192182
54.85,0.0159278506644726,0.010984198767087477,2.4899585924330934
54.86,0.0160381299369824,0.0110717883677608,2.1662052047717886
54.87,0.0161492889387884,0.011160131375739126,1.3773287647540213
54.88,0.0162613350515241,0.01124921749275602,1.8258288805495508
54.89,0.0163742758157175,0.011339062532085149,1.777135887818838
54.9,0.0164881188532845,0.011429673061251651,1.644108992243242
54.91,0.0166028718490214,0.011521053854979027,2.0261081991501166
54.92,0.0167185425506051,0.011613221438985164,2.209686485312828
54.9299999999999,0.0168351389316848,0.011706187551135025,1.5675029806885366
54.94,0.0169526689419135,0.011799944301749075,1.501943541309406
54.95,0.0170711404733524,0.011894496707582643,1.7122321350068503
54.96,0.017190561567736,0.011989857307332426,1.6017159454044019
54.97,0.0173109403333549,0.012086031452005885,1.6443983655589394
54.98,0.0174322849450536,0.012183028850964861,2.2095127598605417
54.99,0.0175546037176525,0.012280871736536619,1.6961757333107834
55.0,0.017677905180001,0.012379554701988517,1.2405296427199288
55.01,0.0178021976045497,0.012479072801074189,1.6413861023586862
55.02,0.0179274894759926,0.01257944407295989,1.5451011345203827
55.03,0.0180537893494564,0.012680674379096589,1.3647808291367207
55.04,0.0181811058504994,0.012782768034830048,2.1340433942043306
55.05,0.0183094476751125,0.012885754965342566,1.775036496437638
55.0599999999999,0.0184388239170618,0.012989633459114878,1.0705622072047485
55.07,0.0185692432861145,0.013094390590850704,1.5362348634661602
55.08,0.0187007147234216,0.013200047393243456,1.4548165312244699
55.09,0.0188332472550888,0.01330661061606734,1.3484073828876555
55.1,0.018966849981667,0.01341408607358225,1.652787816105305
55.11,0.0191015320781496,0.013522492633760187,1.8554488859997802
55.12,0.0192373029790781,0.013631845599067622,1.2944863533529587
55.13,0.0193741721183264,0.013742135452846749,1.1956733412175857
55.14,0.0195121488311933,0.01385336674633349,1.4044455636449957
55.15,0.0196512426407296,0.013965555191070705,1.3186850640843921
55.16,0.0197914631487437,0.014078707332608117,1.2652899129438815
55.17,0.0199328200358011,0.014192831741126634,1.874244400552897
55.1799999999999,0.0200753231118523,0.014307958965415214,1.4463992246017747
55.19,0.0202189825366632,0.014424083260250667,0.9332007468558056
55.2,0.0203638080797907,0.01454119442912512,1.3461254796348685
55.21,0.0205098097880782,0.014659316064250812,1.2515428339561108
55.22,0.0206569977916773,0.014778454879829997,1.129483499197971
55.23,0.0208053823040459,0.014898616770095841,1.5877588398303295
55.24,0.0209549736219527,0.01501982963725658,1.5317537687916234
55.25,0.0211057824178699,0.015142101328659893,0.9806939019634775
55.26,0.0212578191457985,0.015265419076222522,1.1274782977518936
55.27,0.0214110943353731,0.015389797513942559,1.1895872481920375
55.28,0.0215656186728316,0.015515249549218329,1.1067222209072545
55.29,0.0217214029324616,0.01564178233185989,1.2028214927849874
55.3,0.0218784579766003,0.015769411325713245,1.5580843689698711
55.3099999999999,0.0220367948856995,0.01589816241406505,1.1391223834668192
55.32,0.0221964249396492,0.01602802741017502,0.8662374979566706
55.33,0.022357359147165,0.016159003350407417,1.1350631108348035
55.34,0.0225196087791033,0.01629111243426435,1.0651902809921476
55.35,0.0226831851992834,0.01642436254803498,0.9288309777980094
55.36,0.0228480998644847,0.016558759509266614,1.5017737699512295
55.37,0.023014364324452,0.016694341827982642,1.2266249113021683
55.38,0.0231819906393401,0.01683110735537077,0.7026777342492546
55.39,0.0233509903787687,0.016969040048000778,1.0527251187170805
55.4,0.0235213754163738,0.017108167279236756,0.986646151898896
55.41,0.0236931577349615,0.017248497785670818,0.9086305573842047
55.42,0.0238663494153741,0.01739003939074732,1.1251413056590578
55.4299999999999,0.0240409626364906,0.017532815927794043,1.2593710122266586
55.44,0.0242170099017169,0.01767684637746511,0.8598772574901038
55.45,0.0243945037143686,0.017822119982524965,0.7933722292175863
55.46,0.0245734564731023,0.017968643375568423,0.9345799043732148
55.47,0.0247538808096708,0.018116436187953288,0.8745831782169091
55.48,0.0249357894590663,0.018265507294417303,0.837899820562086
55.49,0.0251191952595262,0.018415867565469507,1.138748151564825
55.5,0.0253041111966154,0.018567547247172467,0.9450702766889095
55.51,0.0254905506022073,0.018720546963857245,0.6826969609841419
55.52,0.0256785265308544,0.018874861942174265,0.8674817337022812
55.53,0.0258680522977753,0.019030515194149236,0.7767478450833121
55.54,0.0260591413280985,0.019187514854352376,0.9506060807244591
55.55,0.0262518071568622,0.019345884940090836,0.8919074973431859
55.5599999999999,0.0264460636210273,0.019505634451112697,0.6980230167270346
55.57,0.0266419244483948,0.019666762697184877,0.7701817563336656
55.58,0.0268394035262258,0.019829286695774873,0.7364820879377748
55.59,0.027038514874788,0.01999321773840168,0.7939322104400865
55.6,0.0272392726286799,0.020158573400641793,0.8301121761627771
55.61,0.0274416911394194,0.02032536957214063,0.6956452239519811
55.62,0.0276457848352,0.020493609504438313,0.6613475249085389
55.63,0.0278515681782919,0.020663303371056593,0.682063158450983
55.64,0.0280590557991273,0.020834466185333522,0.6714387313817748
55.65,0.028268262446311,0.021007111515691068,0.7742076622549365
55.66,0.0284792030371128,0.021181261143599143,0.665545345556462
55.67,0.028691892700293,0.021356920177643235,0.5624210774359554
55.6799999999999,0.0289063464937514,0.02153409352851499,0.6245044507094951
55.69,0.0291225796781026,0.021712799700605048,0.5628700622190435
55.7,0.0293406076361678,0.02189304871236091,0.7064038049766528
55.71,0.0295604458755516,0.02207486697426075,0.6233751389859684
55.72,0.0297821102278601,0.02225826169535078,0.4761508621926127
55.73,0.0300056163747297,0.022443233695809986,0.5567864139768933
55.74,0.0302309802261505,0.022629803859259938,0.5050217935842404
55.75,0.0304582178183776,0.022817982896904326,0.5708399151992851
55.76,0.0306873453139321,0.023007791748029006,0.5647583836989993
55.77,0.030918379129354,0.023199244670782413,0.45315838560176985
55.78,0.0311513357041982,0.02339234547465401,0.45308832603920096
55.79,0.0313862315800125,0.02358710839482616,0.45014695585906306
55.8,0.0316230834622416,0.023783548272992627,0.4458524885678041
55.8099999999999,0.0318619081863221,0.023981680156705498,0.47274254239056146
55.82,0.0321027227619159,0.0241815220216636,0.41735161161194356
55.83,0.0323455443586022,0.024383083321652458,0.37676963452099627
55.84,0.0325903901978828,0.024586374769244915,0.3891041200517363
55.85,0.032837277675459,0.024791412959934412,0.370304225924814
55.86,0.0330862243244609,0.02499821144161165,0.3493330787397348
55.87,0.0333372478160349,0.025206783361886136,0.3335650102351069
55.88,0.0335903659494966,0.025417142525616575,0.32379092885027155
55.89,0.0338455966723183,0.025629303508166505,0.30650319415358507
55.9,0.0341029580716541,0.025843280084557795,0.2904607968311824
55.91,0.0343624683723149,0.02605908617228792,0.27787912757232053
55.92,0.0346241459393225,0.026276735914953938,0.23382822160154398
55.9299999999999,0.0348880092729909,0.02649623976481181,0.23044354913877108
55.94,0.0351540769672676,0.026717613241899973,0.23539901155948195
55.95,0.0354223678240983,0.026940873165512358,0.2017500164782983
55.96,0.0356929007591537,0.02716603143930249,0.19079089966497373
55.97,0.0359656948282182,0.027393102560051286,0.16392609616479514
55.98,0.0362407692275105,0.027622098917924033,0.1281119868029849
55.99,0.0365181432637466,0.02785303177232351,0.1313119444023124
56.0,0.03679783637323,0.02808591783559529,0.12404740143927688
56.01,0.0370798681812954,0.02832077257211493,0.09320604784365094
56.02,0.0373642584276295,0.028557607995177474,0.08397240887612592
56.03,0.0376510269902888,0.028796438735826865,0.036467680149520725
56.04,0.0379401938857559,0.02903727395484774,0.01862891174922486
56.05,0.0382317791980074,0.029280127214234796,0.028883608887855874
56.0599999999999,0.0385258032147966,0.02952501657725483,-0.00022645201448477366
56.07,0.0388222863569062,0.029771954136980673,-0.021818661643385293
56.08,0.0391212491676757,0.030020952753411455,-0.03677120719772383
56.09,0.0394227123246025,0.030272025911223684,-0.09720284011018526
56.1,0.0397266966259577,0.030525179915224788,-0.09747894168331606
56.11,0.0400332229138154,0.030780430913985846,-0.08692882129557002
56.12,0.0403423122915519,0.03103779722331343,-0.13243201707015229
56.13,0.0406539859396778,0.03129728753857453,-0.1443715079073814
56.14,0.0409682651660593,0.031558915513161284,-0.18180415634502228
56.15,0.0412851714052457,0.0318226902091847,-0.2290692268067398
56.16,0.0416047261545158,0.032088618944770636,-0.21968733762569984
56.17,0.0419269510222276,0.03235671943329927,-0.22830171058606105
56.1799999999999,0.042251867828542,0.03262700632797762,-0.269225751108832
56.19,0.0425794984654594,0.03289948786595609,-0.2765335452611684
56.2,0.0429098649410129,0.033174177450951206,-0.35652648526606456
56.21,0.0432429893780801,0.033451074603981064,-0.3730456830058404
56.22,0.0435788938353934,0.03373019122380333,-0.34170754367733086
56.23,0.0439176006680257,0.03401154932006553,-0.3893131470354854
56.24,0.0442591323137213,0.03429515484939782,-0.4183347907965681
56.25,0.0446035112862954,0.03458101657820619,-0.4272081138095322
56.26,0.0449507601996233,0.03486914656658924,-0.5158830624887278
56.27,0.045300901765857,0.035159539566182244,-0.5520136393981686
56.28,0.0456539585622234,0.03545220168598527,-0.5058081715516961
56.29,0.0460099534391543,0.03574715783987674,-0.5455760988496461
56.3,0.0463689093836835,0.0360444138994306,-0.589673688093532
56.3099999999999,0.0467308493967526,0.03634397334882992,-0.5993238599735152
56.32,0.0470957965550781,0.03664584630063243,-0.686247930950382
56.33,0.0474637740084515,0.03695002412486322,-0.7509745553232625
56.34,0.0478348047211988,0.03725650353084449,-0.697617835205973
56.35,0.0482089118307346,0.03756531048617496,-0.7205857011102096
56.36,0.0485861187096416,0.037876452672861056,-0.7840727896612799
56.37,0.0489664486576529,0.03818992597933897,-0.7962405484050109
56.38,0.0493499250158019,0.038505737456804384,-0.8750583989794893
56.39,0.0497365711624963,0.0388238759451443,-0.9741069887145578
56.4,0.0501264102535723,0.03914432513514327,-0.9189165992526701
56.41,0.0505194654463988,0.039467110245302216,-0.9198703277709697
56.42,0.0509157602708047,0.03979224220226815,-1.0056163130950897
56.4299999999999,0.0513153180709193,0.04011970684525141,-1.0215672343539832
56.44,0.0517181621854641,0.04044950689571931,-1.089023798881314
56.45,0.0521243159422438,0.04078162892144748,-1.2282909252394951
56.46,0.0525338024139144,0.04111603918896164,-1.173471987291414
56.47,0.052946644427948,0.041452760763116894,-1.1482302886003146
56.48,0.0533628653684223,0.041791809309086984,-1.2598003921886987
56.49,0.053782488286733,0.042133157485674255,-1.2809153481311426
56.5,0.054205536167104,0.04247680211110656,-1.3338634968737435
56.51,0.0546320319191207,0.04282272790855415,-1.5159447961223413
56.52,0.0550619981741911,0.0431708796143784,-1.465815358206402
56.53,0.0554954569944033,0.043521275728315774,-1.4126928460267696
56.54,0.0559324312156394,0.04387393757552486,-1.5514396887252777
56.55,0.0563729431633092,0.04422882168984352,-1.5803050334047875
56.5599999999999,0.0568170150163753,0.04458591680485818,-1.6177208177503923
56.57,0.0572646687975093,0.044945206742140885,-1.7990310566113827
56.58,0.0577159262726572,0.04530662591968916,-1.8015721700841998
56.59,0.0581708084045075,0.045670169628706424,-1.761146629449441
56.6,0.0586293367619982,0.046035849616810995,-1.8895794785601538
56.61,0.0590915323567925,0.04640361596364347,-1.9400618067111974
56.62,0.0595574159369199,0.046773441040642676,-2.0483088243295753
56.63,0.0600270078882439,0.047145276769610875,-2.0930266435519433
56.64,0.0605003280887323,0.04751909709515851,-2.1278513482416725
56.65,0.0609773963589384,0.0478948790614221,-2.220364861606904
56.66,0.0614582320510569,0.04827257558170563,-2.3053149336209993
56.67,0.0619428540994701,0.04865213988888891,-2.368981787168462
56.6799999999999,0.0624312809431812,0.04903353256153967,-2.4279165785502888
56.69,0.0629235307092661,0.049416714607345855,-2.5136778891542084
56.7,0.0634196210220401,0.049801633783696314,-2.6154079214340538
56.71,0.0639195689774598,0.05018822932788779,-2.6838431751007485
56.72,0.0644233910346873,0.05057645266350261,-2.745216547600842
56.73,0.0649311032910972,0.0509662566668876,-2.8438328742918113
56.74,0.065442721211519,0.05135757542175888,-2.9687054813648395
56.75,0.0659582595920869,0.051750329554357016,-3.042096182557555
56.76,0.0664777323919938,0.052144460260652545,-3.104880997994524
56.77,0.0670011531883727,0.052539911937473746,-3.2224742761304843
56.78,0.0675285347505271,0.052936601342126396,-3.3640650645902963
56.79,0.0680598890278565,0.053334431737506766,-3.4489328709487816
56.8,0.068595226946809,0.05373333028678047,-3.5221232140321987
56.8099999999999,0.0691345589501271,0.05413322793437909,-3.6565258256908866
56.82,0.0696778944942783,0.0545340239048298,-3.8099648685689265
56.83,0.0702252420554854,0.05493560542216327,-3.911656368028579
56.84,0.0707766089210958,0.05533788222797746,-4.002701947893152
56.85,0.0713320017140075,0.05574076733891031,-4.151962537088229
56.86,0.0718914258950978,0.05614414234774874,-4.31975332536225
56.87,0.0724548857668321,0.05654787669806307,-4.440548707305249
56.88,0.0730223842619627,0.05695186078739749,-4.551728269410519
56.89,0.0735939234451591,0.05735598778352109,-4.718360889000121
56.9,0.0741695040272261,0.05776011970183455,-4.90853740455284
56.91,0.0747491253549167,0.05816410375052578,-5.049740991128276
56.92,0.0753327851758034,0.0585678097308074,-5.180887931239273
56.9299999999999,0.0759204801837145,0.058971110552498665,-5.371765407864107
56.94,0.0765122054899116,0.05937384479520434,-5.593689343553503
56.95,0.0771079546014824,0.0597758323147878,-5.756456689402486
56.96,0.0777077191425221,0.060176921520864346,-5.90992472991294
56.97,0.078311489526824,0.06057696417851727,-6.124609994839809
56.98,0.0789192543101407,0.06097577577138652,-6.389489274488853
56.99,0.0795310002410091,0.06137314303605232,-6.585864873492335
57.0,0.0801467117634366,0.06176888698540007,-6.760418643933429
57.01,0.0807663719888649,0.06216283921546354,-7.0098037269752025
57.02,0.081389961854739,0.0625547877601424,-7.314205336484154
57.03,0.0820174602655726,0.06294448890239875,-7.553885406299451
57.04,0.0826488434458812,0.06333173231534324,-7.762580544215707
57.05,0.0832840860497147,0.06371632346972902,-8.060356428887166
57.0599999999999,0.0839231602500345,0.06409801796293814,-8.386577746613062
57.07,0.0845660358824315,0.06447655299891264,-8.688919481990116
57.08,0.0852126799520631,0.06485167884865846,-8.95794259678451
57.09,0.0858630573060739,0.06522316322678338,-9.289383081341446
57.1,0.0865171301773346,0.06559073934494358,-9.661288135416136
57.11,0.0871748580973896,0.06595411669152162,-10.03005907860096
57.12,0.0878361975611955,0.0663130072177069,-10.366922067964238
57.13,0.0885011023739784,0.06666714057195987,-10.748067349454882
57.14,0.0891695235239202,0.06701622312259166,-11.177459655858119
57.15,0.089841408930552,0.06735993486062289,-11.620149998542987
57.16,0.0905167032390732,0.06769795038233418,-12.03669833283714
57.17,0.0911953479119276,0.06802996011623617,-12.484436381230273
57.1799999999999,0.0918772813290449,0.06835563995524173,-12.9852150663002
57.19,0.0925624384363772,0.06867463896426003,-13.509963759728391
57.2,0.093250750640041,0.06898659646163766,-14.020101905562324
57.21,0.0939421457241852,0.06929116291450287,-14.553899948099861
57.22,0.0946365480561124,0.06958798010495554,-15.141241823985247
57.23,0.095333878215208,0.06987666545270853,-15.752324715568042
57.24,0.0960340529556287,0.0701568281417159,-16.371316028053975
57.25,0.0967369850659906,0.07042807838691287,-17.01348276113043
57.26,0.0974425834853673,0.07069001967832736,-17.70144606061587
57.27,0.0981507530466873,0.07094223797253218,-18.405034945039457
57.28,0.098861394439803,0.07118431643750057,-19.14310293788188
57.29,0.0995744041447724,0.07141582722871853,-19.91212248513348
57.3,0.100289674297548,0.07163633311950772,-20.713727104556963
57.3099999999999,0.101007092641201,0.07184538847202054,-21.502820269889636
57.32,0.101726542436891,0.07204255879012442,-22.3669610346518
57.33,0.102447902642874,0.07222737945890012,-23.280762296554794
57.34,0.103171047256117,0.07239936787122546,-24.180242104452734
57.35,0.103895845659941,0.07255805427652472,-25.10057108706892
57.36,0.10462216242888,0.07270296671182466,-26.006789580032898
57.37,0.105349857511795,0.07283364137732502,-27.038851471984295
57.38,0.10607878606553,0.0729495596301912,-28.078296855959398
57.39,0.106808797787862,0.07305020048089124,-29.100571076255935
57.4,0.107539737481793,0.07313505725253337,-29.99471310749008
57.41,0.108271444784192,0.07320367888774908,-31.042695194967745
57.42,0.109003755165866,0.07325554025487575,-32.21567714633826
57.4299999999999,0.109736497793916,0.07329005462153373,-33.203952829483086
57.44,0.110469496729,0.07330670928807417,-34.20711288159442
57.45,0.11120257073468,0.07330498454544213,-35.02463557589498
57.46,0.111935533577409,0.07328442315689988,-36.0987392815806
57.47,0.112668194435735,0.07324443608080038,-37.16039330475545
57.48,0.113400355558612,0.07318441553079945,-37.989203591290284
57.49,0.114131814254608,0.07310383919990014,-38.62219068729171
57.5,0.114862362264697,0.07300224871244164,-39.315886848127654
57.51,0.115591787380427,0.07287911963887497,-40.2057003109244
57.52,0.116319870719671,0.0727337973856755,-40.7630992482432
57.53,0.117046387537735,0.07256573240476706,-41.22372285645406
57.54,0.11777110783688,0.07237439184874991,-41.244589871733496
57.55,0.118493796429527,0.07215939631133317,-41.63916034594277
57.5599999999999,0.119214214832157,0.07192013026229988,-42.02887217667533
57.57,0.119932115942591,0.07165591062397482,-41.893749029664264
57.58,0.120647248309916,0.07136626164800838,-41.58767235390059
57.59,0.121359354976722,0.07105075593722503,-41.15657060999829
57.6,0.122068175707444,0.07070896350001646,-41.0418359132623
57.61,0.122773444410348,0.07034020766381772,-40.58325140107265
57.62,0.123474888158922,0.06994392605919146,-39.940404771413746
57.63,0.124172229668888,0.06951963118899131,-38.728902414233076
57.64,0.124865186648661,0.06906714372329169,-38.042845976135744
57.65,0.125553476585581,0.06858588936880725,-37.47667522417756
57.66,0.126236806245671,0.06807512759209161,-36.26070318797635
57.67,0.126914879720711,0.06753453538496726,-35.09415678510707
57.6799999999999,0.12758739641865,0.06696376973399157,-33.709249582573946
57.69,0.128254053723217,0.06636263630656776,-32.78289024060673
57.7,0.12891454589764,0.06573052096008405,-31.712938954780366
57.71,0.129568559195843,0.06506688670975744,-30.440735426733983
57.72,0.130215777684448,0.06437142192243275,-28.855062506694
57.73,0.13085588161251,0.06364420468312505,-27.695431190722587
57.74,0.131488554600284,0.0628848726621424,-26.787984792979806
57.75,0.132113469960556,0.062092742465382864,-25.460331296257987
57.76,0.132730299749359,0.06126769240155025,-24.253994839791293
57.77,0.133338713709264,0.06040957600478338,-22.873583245460644
57.78,0.133938381501762,0.05951860307829178,-21.930727300476097
57.79,0.134528974859206,0.0585943608592351,-21.016031367918302
57.8,0.1351101565795,0.057636411419773284,-19.910254341307205
57.8099999999999,0.13568159102806,0.0566448027723071,-18.76291225681162
57.82,0.136242941482221,0.05561988411441644,-17.803750633030294
57.83,0.136793877748297,0.05456173553116765,-17.088957978705906
57.84,0.137334064247666,0.053469941485809656,-16.21038304247948
57.85,0.13786316488788,0.05234461395074904,-15.387611581205235
57.86,0.138380845620588,0.05118595702203443,-14.470570752888104
57.87,0.138886775057583,0.049994696714050074,-13.832018418031089
57.88,0.139380630762646,0.04877081852146572,-13.268443230748447
57.89,0.139862082418658,0.04751414522216567,-12.56794070865081
57.9,0.140330806286612,0.046225235039416834,-11.923314403085833
57.91,0.140786481822651,0.04490473974736777,-11.326355285063702
57.92,0.14122879778986,0.04355332133276676,-10.877750535777372
57.9299999999999,0.141657445674958,0.04217108970619096,-10.396697158444
57.94,0.142072118545136,0.04075850634078342,-9.924940141808186
57.95,0.142472517100116,0.03931627046258347,-9.450263343926338
57.96,0.14285834843023,0.037845419435182895,-9.06390660138682
57.97,0.1432293323002,0.03634663038260174,-8.730147361458627
57.98,0.143585189813586,0.03482040842489089,-8.362537398294391
57.99,0.143925652521052,0.0332678010763821,-8.03895655709508
58.0,0.144250461186059,0.03168980175459908,-7.7464058676063425
58.01,0.144559367150818,0.030087374971875247,-7.478290103866642
58.02,0.144852130641162,0.02846151589805853,-7.2240191222178245
58.03,0.145128523165251,0.02681336175583346,-6.995257280184995
58.04,0.145388327393756,0.02514404837701753,-6.782576245875257
58.05,0.14563133776087,0.02345481361143385,-6.58806826987973
58.0599999999999,0.145857361600872,0.021746960238358076,-6.415661256544569
58.07,0.146066219188807,0.020021762189881276,-6.258597523485405
58.08,0.146257743588649,0.01828056786675169,-6.114162452343844
58.09,0.1464317822003,0.016524864518467863,-5.986394491537019
58.1,0.146588197548806,0.014756178205416425,-5.880469730039608
58.11,0.146726867127847,0.012975875240300399,-5.784161016694578
58.12,0.146847681624375,0.01118551740349171,-5.698756670426704
58.13,0.146950549776016,0.00938686226156597,-5.631836551856163
58.14,0.147035396645739,0.007581574733026009,-5.583558986641448
58.15,0.147102163827371,0.005770999700292536,-5.542952717891534
58.16,0.147150805067252,0.003956921086532839,-5.5146090133167585
58.17,0.147181297184085,0.002141376790500138,-5.50588433813663
58.1799999999999,0.147193632969067,0.00032596761244049755,-5.508644433547817
58.19,0.147187821827031,-0.0014879249644596713,-5.525775348520026
58.2,0.147163886097327,-0.003298355029415316,-5.559988552894894
58.21,0.1471218732059,-0.005103155748574506,-5.606127647208478
58.22,0.147061846603549,-0.006900864341224944,-5.663305828541467
58.23,0.146983884566636,-0.008690058670683908,-5.746297736392693
58.24,0.146888080704162,-0.01046867472845811,-5.850994233206685
58.25,0.146774553051286,-0.012234589871908813,-5.9536164085658125
58.26,0.146643435448164,-0.013986571182390597,-6.078471008453701
58.27,0.146494873303281,-0.015723127554383154,-6.244064633471959
58.28,0.146329031262009,-0.017442142414934858,-6.430446864290606
58.29,0.146146094868572,-0.019141718020216962,-6.596994355077036
58.3,0.145946265060284,-0.020820918396233467,-6.815593772586702
58.3099999999999,0.145729749851907,-0.022478178969481677,-7.092729844232233
58.32,0.145496781336237,-0.024111399778467317,-7.372354398013851
58.33,0.145247606552534,-0.02571912198104191,-7.628614257916392
58.34,0.144982486638716,-0.02730061688710021,-7.977814647454511
58.35,0.144701686909464,-0.02885434818525786,-8.405301343820675
58.36,0.144405498218129,-0.03037839438725145,-8.797180222998328
58.37,0.144094220970069,-0.03187181981132575,-9.202274907072546
58.38,0.143768166450026,-0.03333393318564078,-9.726903232507425
58.39,0.143427651141999,-0.034763413642290256,-10.343646245754387
58.4,0.143073011575846,-0.03615876292976754,-10.908871339740998
58.41,0.142704591613704,-0.0375193848304344,-11.532260161208695
58.42,0.142322741775238,-0.0388446915873091,-12.305538796165283
58.4299999999999,0.141927818916787,-0.04013364780134065,-13.1712805940788
58.44,0.141520192990987,-0.041385265626657744,-13.989634061959608
58.45,0.141100239075857,-0.04259925141366801,-14.927679915104392
58.46,0.140668334922997,-0.04377518010609307,-16.04557120185498
58.47,0.140224864542507,-0.04491235757704178,-17.235307016096282
58.48,0.139770218336918,-0.04601031746323282,-18.440393014514388
58.49,0.13930478929647,-0.04706895524915905,-19.818468545427823
58.5,0.138828971050289,-0.04808804937249066,-21.364584172598498
58.51,0.138343160879374,-0.0490673427703837,-22.973475450894668
58.52,0.137847756924849,-0.050006810456660014,-24.75119807812182
58.53,0.137343157425396,-0.050906434627216494,-26.64551896082201
58.54,0.136829760673264,-0.051766310625416215,-28.654624713985758
58.55,0.13630796302196,-0.05258663904441676,-30.80501853141816
58.5599999999999,0.135778158972411,-0.05336765648994088,-33.276972134897
58.57,0.135240740503902,-0.054109446401224885,-35.67337719211649
58.58,0.134696099307593,-0.054812430539075835,-38.03114322422003
58.59,0.134144619271563,-0.05547722714639066,-40.70324291479385
58.6,0.133586680778388,-0.05610424148308271,-43.80482375856187
58.61,0.133022659527829,-0.05669366466758396,-46.43764655194314
58.62,0.132452930335691,-0.057246199889732,-48.72859849636178
58.63,0.131877855490097,-0.057762801217283354,-51.58402218526169
58.64,0.1312977924633,-0.05824398685289288,-54.95778307088944
58.65,0.130713092694775,-0.05869000359054096,-57.15525297716021
58.66,0.130124106395462,-0.059101783761799045,-58.5802053278934
58.67,0.129531167378258,-0.05948053687953453,-61.00803502173868
58.6799999999999,0.12893460398258,-0.059826818823249805,-63.80388815874019
58.69,0.128334737817263,-0.06014096233349156,-64.70833996869553
58.7,0.127731888166292,-0.060424045883567444,-64.5636252140949
58.71,0.127126356327973,-0.06067739329735922,-65.85825475026158
58.72,0.126518437574288,-0.06090157848756643,-67.30474103902073
58.73,0.125908420276914,-0.0610970160921577,-66.44058698697044
58.74,0.125296589176328,-0.061264853889792435,-64.60111716102874
58.75,0.124683211075352,-0.061406421126165844,-64.5413321637766
58.76,0.124068546428567,-0.06152229597549154,-64.39085479704644
58.77,0.123452848829966,-0.06161298965905784,-62.097734339296736
58.78,0.122836366730299,-0.06167964230143405,-59.20691592219608
58.79,0.122219332248295,-0.06172349544894158,-58.09053617228494
58.8,0.121601970851371,-0.06174514176207497,-56.774452288652675
58.8099999999999,0.120984501252415,-0.0617451755113996,-53.84949226209408
58.82,0.120367135774708,-0.06172467540112511,-50.704656586763434
58.83,0.119750072696359,-0.061684756950466935,-49.150007739874496
58.84,0.119133503451058,-0.061625995810542004,-47.52938484642231
58.85,0.118517613497271,-0.06154896500080038,-44.55568187587274
58.86,0.117902581679269,-0.06145467865477465,-41.65942444859165
58.87,0.117288574322143,-0.06134413004291624,-40.14735556275601
58.88,0.116675751488607,-0.06121785376784148,-38.43770693218503
58.89,0.116064267577125,-0.06107644261591598,-35.927011238778725
58.9,0.115454270171266,-0.060920778147091514,-33.628824725048034
58.91,0.114845896897325,-0.06075168616843339,-32.214980095943815
58.92,0.114239279427858,-0.060569695493799494,-30.646271838001656
58.9299999999999,0.113634543970073,-0.060375391486100036,-28.70268539745258
58.94,0.113031810212506,-0.060169511196274394,-26.98061645474142
58.95,0.112431190152841,-0.05995272899402456,-25.712559972950608
58.96,0.111832790233555,-0.05972556431105072,-24.372731427315227
58.97,0.111236711617748,-0.05948856872912481,-22.93855732895837
58.98,0.110643049649088,-0.05924234252272394,-21.66504406533706
58.99,0.1100518937246,-0.05898743757350872,-20.569267349537125
59.0,0.109463328191098,-0.05872434566813375,-19.483956276628785
59.01,0.108877432462649,-0.05845356002667501,-18.439376225584063
59.02,0.108294281033656,-0.05817556563281617,-17.4922975865003
59.03,0.107713943668265,-0.05789081696640798,-16.558557072731997
59.04,0.107136485711964,-0.05759976705606677,-15.695220667269478
59.05,0.106561967925082,-0.05730284416047583,-14.95422312404573
59.0599999999999,0.10599044713492,-0.05700043070001685,-14.242294762526335
59.07,0.10542197635117,-0.0566929014554739,-13.435799476897612
59.08,0.10485660480467,-0.056380669793592325,-12.760588177573934
59.09,0.104294377457739,-0.05606409674905807,-12.256634212609795
59.1,0.103735336362703,-0.05574347367445001,-11.709583466623407
59.11,0.103179520425321,-0.05541911101359249,-11.003657307440797
59.12,0.10262696538626,-0.05509138345694958,-10.438408837106127
59.13,0.102077702967826,-0.05476060582870826,-10.124121061573705
59.14,0.101531762717577,-0.054426989183442,-9.70789358268709
59.15,0.100989171775302,-0.05409078519978891,-9.085903347566932
59.16,0.100449954548081,-0.05375232883975886,-8.597393313984133
59.17,0.0999141318358327,-0.05341189658909206,-8.39807755638444
59.1799999999999,0.0993817226625936,-0.0530696454115763,-8.063857136849306
59.19,0.0988527442820938,-0.05272578178532282,-7.606006392500129
59.2,0.098327211567559,-0.052380561687979485,-7.2481430323041645
59.21,0.0978051368897946,-0.05203419771087521,-7.037149109792138
59.22,0.0972865309267575,-0.05168683892234789,-6.819222995609098
59.23,0.0967714028809868,-0.05133863811052295,-6.363040383481999
59.24,0.0962597601677784,-0.050989840281825384,-5.950429707472665
59.25,0.0957516073912246,-0.05064066595456586,-5.905790965074859
59.26,0.0952469478424789,-0.05029118920648126,-5.751496668904846
59.27,0.0947457841931387,-0.04994152367912448,-5.326315684893592
59.28,0.094248117287869,-0.04959188692931482,-4.980951241560182
59.29,0.0937539457958403,-0.049242461666184484,-4.909544192989127
59.3,0.0932632670956095,-0.04889332205385451,-4.761875528995386
59.3099999999999,0.0927760780550049,-0.0485445663700252,-4.47439676434922
59.32,0.0922923740076483,-0.04819634281669668,-4.276736178319174
59.33,0.0918121490565537,-0.04784876525566542,-4.124569030339714
59.34,0.0913353962460035,-0.04750192555658337,-3.9906208310959386
59.35,0.0908621077925263,-0.04715590791456321,-3.762110716494781
59.36,0.0903922749622191,-0.04681082859658304,-3.5158659103392247
59.37,0.0899258877360262,-0.046466804247112414,-3.47980684930344
59.38,0.0894629352255926,-0.04612387483678079,-3.4008432946458114
59.39,0.0890034064091677,-0.04578209065151639,-3.299760183207369
59.4,0.0885472893277649,-0.04544151780000796,-2.8148432990751378
59.41,0.0880945714315866,-0.0451023461370483,-2.6442142718080905
59.42,0.0876452375409447,-0.04476465089703341,-2.8943558762277037
59.4299999999999,0.087199273651052,-0.04442836776005869,-2.663217423193305
59.44,0.0867566651911321,-0.04409358237517427,-2.5528241256546162
59.45,0.0863173967642929,-0.0437603568452716,-2.040063724745414
59.46,0.0858814523318928,-0.04342886853538816,-2.042768817718566
59.47,0.0854488135985702,-0.04309912666172246,-2.2447403419082073
59.48,0.0850194640895972,-0.04277107871819112,-1.8908443086292408
59.49,0.0845933860253347,-0.042444836917200635,-1.7973436795650934
59.5,0.0841705611921917,-0.04212044225090142,-1.6257446456939741
59.51,0.0837509708493903,-0.04179795074008124,-1.5533741913753183
59.52,0.0833345957521502,-0.04147738736085527,-1.4826447902367113
59.53,0.0829214165938125,-0.04115877464311591,-1.3552155552432208
59.54,0.0825114136308719,-0.040842150359611876,-1.2234583549538351
59.55,0.0821045668363378,-0.040527552489229526,-1.1088673854210573
59.5599999999999,0.081700855735506,-0.04021501093779215,-1.0639205662596973
59.57,0.0813002597295929,-0.039904534932851815,-0.9745824813629385
59.58,0.0809027580894478,-0.03959614306516905,-0.9498081566344265
59.59,0.0805083298598144,-0.0392898430296632,-0.5205238004488377
59.6,0.0801169539450983,-0.038985741660354144,-0.5087777495766932
59.61,0.0797286077383564,-0.038683833397169104,-0.7063208374159684
59.62,0.0793432701170262,-0.03838405978099207,-0.4259808082210943
59.63,0.0789609192428979,-0.03808647908971746,-0.3509744422157333
59.64,0.0785815331551494,-0.037791107281183345,-0.015268884465689487
59.65,0.0782050895341081,-0.03749801483579468,-0.02999952355583936
59.66,0.0778315653204498,-0.0372071856866836,-0.09876907773722383
59.67,0.0774609383455964,-0.03691859068575554,0.15277996765281904
59.6799999999999,0.0770931859294579,-0.03663227292893603,0.2181020350189676
59.69,0.0767282852884635,-0.036348234955390385,0.3036189167881293
59.7,0.0763662136148588,-0.036066480923568095,0.4222124111170971
59.71,0.0760069480234506,-0.035787021437159894,0.5242287327294606
59.72,0.0756504655201829,-0.035509862457730815,0.6156070925164551
59.73,0.0752967431035154,-0.03523500579560903,0.6689731245627236
59.74,0.074945757750305,-0.03496244451300044,0.7581570070840903
59.75,0.0745974865599005,-0.034692178692356454,0.8772445905144625
59.76,0.0742519065128237,-0.03442421344898294,0.9405316920390517
59.77,0.0739089946467478,-0.03415854151511781,0.9600245652006163
59.78,0.0735687280589613,-0.033895149819287526,1.2996703451533718
59.79,0.0732310839108154,-0.03363408533338316,1.4426799470688108
59.8,0.072896038603679,-0.03337535310681273,1.252175218172361
59.8099999999999,0.0725635692444955,-0.03311889527621431,1.4047466828177066
59.82,0.0722336531012197,-0.032864715737082495,1.5200429801827373
59.83,0.0719062673242866,-0.032612815860706926,1.7341034810364182
59.84,0.0715813891304576,-0.03236321353493899,1.923325207093933
59.85,0.0712589953816836,-0.032115918294361306,1.8531090271920865
59.86,0.0709390631845885,-0.03187089420122874,1.9418896962183878
59.87,0.0706215699526571,-0.03162813161409865,2.1178614928288586
59.88,0.070306493002393,-0.03138763582717814,2.1956329845831917
59.89,0.0699938097178115,-0.031149395694848987,2.277989773962793
59.9,0.069683497605085,-0.03091339983769259,2.4039233086073106
59.91,0.069375534257575,-0.0306796433623723,2.51542386874762
59.92,0.0690698973010242,-0.030448118539536686,2.600447180461346
59.9299999999999,0.0687665644888097,-0.03021881296869297,2.7018788916383625
59.94,0.068465513679707,-0.029991716082151954,2.8001247056608487
59.95,0.0681667228432806,-0.029766816508253077,2.894885254401227
59.96,0.0678701700666496,-0.02954410191245508,2.9883635022458983
59.97,0.0675758335653408,-0.02932355931046076,3.0724289790784014
59.98,0.0672836916856833,-0.029105174356164217,3.1780808299391756
59.99,0.0669937229128055,-0.028888936923397262,3.452514427353221
60.0,0.0667059057691069,-0.02867485741089975,3.4542098321786106
60.01,0.0664202186635373,-0.028462908846807237,3.4224889622563293
60.02,0.0661366405808456,-0.02825306006457908,3.632686015364401
60.03,0.065855150468332,-0.028045310586077035,3.702907503837266
60.04,0.065575727415214,-0.02783964494095341,3.98604115074759
60.05,0.0652983506088137,-0.027636071216215315,4.0222532824978385
60.0599999999999,0.0650229990976136,-0.027434566495710782,3.9909489849577073
60.07,0.0647496524734746,-0.02723510003647701,4.213328435000268
60.08,0.0644782903119865,-0.027037670360393826,4.305548048104314
60.09,0.0642088923281742,-0.02684226206385992,4.423868532549639
60.1,0.0639414383784577,-0.026648861592402814,4.533178817548299
60.11,0.0636759084529074,-0.02645745422771457,4.638961094379955
60.12,0.0634122827009404,-0.026268024678464258,4.7536108158588695
60.13,0.0631505414153616,-0.02608055840087227,4.8625475092042825
60.14,0.062890665039507,-0.025895040143053088,4.975496484589451
60.15,0.0626326341695448,-0.02571145486147617,5.083551969024319
60.16,0.0623764295515724,-0.025529786856208263,5.188360532160286
60.17,0.062122032095262,-0.025350019981424644,5.29708395399763
60.1799999999999,0.0618694228679896,-0.025172138346076015,5.401177527051666
60.19,0.0616185830986533,-0.024996125486895344,5.483422863421726
60.2,0.0613694941802319,-0.02482196407337777,5.778862008649243
60.21,0.0611221376516279,-0.02464965530065942,5.810519269525905
60.22,0.0608764949805917,-0.024479175475920826,5.762954995876826
60.23,0.0606325481376108,-0.024310494173470157,5.996607495687725
60.24,0.0603902791252056,-0.024143605552970987,6.076271927621185
60.25,0.0601496701093555,-0.02397849158779098,6.196411306601298
60.26,0.0599107034209058,-0.023815138003026433,6.492715348948653
60.27,0.0596733614937473,-0.023653544044974797,6.495394156482696
60.28,0.0594376267607032,-0.023493684184075204,6.469137325859115
60.29,0.0592034821131317,-0.023335530905088202,6.710898617499942
60.3,0.05897091047807,-0.023179078014869937,6.799813870049713
60.3099999999999,0.0587398949412923,-0.0230243083463542,6.931557975634488
60.32,0.0585104187477724,-0.022871207546695922,7.088242547809154
60.33,0.0582824652723134,-0.022719762893580756,7.163783147124496
60.34,0.0580560180318423,-0.022569955556537256,7.252378243023982
60.35,0.0578310607610812,-0.022421767750524978,7.397193575172413
60.36,0.0576075773246993,-0.022275185818667644,7.50312518671599
60.37,0.0573855517452324,-0.02213019361801717,7.627099282432778
60.38,0.057164968203292,-0.021986776170978065,7.748169194323553
60.39,0.0569458110239848,-0.021844918274784138,7.843504359625897
60.4,0.0567280646952359,-0.021704603049955338,7.95110178465795
60.41,0.0565117138737577,-0.021565814503083973,8.068283611240188
60.42,0.0562967433674699,-0.021428537324586806,8.154789907789407
60.4299999999999,0.0560831381422269,-0.021292754838769745,8.360088301904016
60.44,0.0558708833219399,-0.02115845766666851,8.482908702457939
60.45,0.0556599640901701,-0.021025630983540166,8.484683400247565
60.46,0.0554503658710157,-0.020894252761719894,8.620841589337799
60.47,0.0552420742528581,-0.020764309064538283,8.751078240257463
60.48,0.0550350749548503,-0.020635786007837446,8.826553861837
60.49,0.0548293538485915,-0.020508667190254536,9.073206245707846
60.5,0.0546248969578234,-0.02038294549134914,9.152238222384417
60.51,0.0544216903394735,-0.020258604190830087,9.135481409624193
60.52,0.0542197203408682,-0.020135621567225818,9.322633717938057
60.53,0.0540189734158495,-0.020013986945695977,9.427657632076109
60.54,0.0538194361568985,-0.019893685880660074,9.533099980621778
60.55,0.0536210953011994,-0.019774703854012234,9.650501188642538
60.5599999999999,0.0534239377293466,-0.01965702704700602,9.752151396497263
60.57,0.0532279504579158,-0.019540640955903524,9.848423801385927
60.58,0.0530331206562704,-0.019425530952399985,9.959010235215946
60.59,0.0528394356312982,-0.01931168324102115,10.06024774189616
60.6,0.0526468828306938,-0.019199083745093222,10.161475785974035
60.61,0.0524554498422255,-0.01908771849950646,10.258726311713145
60.62,0.0522651243931,-0.018977573505968293,10.357370641515738
60.63,0.0520758943504886,-0.01886863498077133,10.45520066494349
60.64,0.0518877477175148,-0.018760889250678665,10.548132987576397
60.65,0.0517006726352365,-0.01865432257369537,10.640245760338573
60.66,0.0515146573811646,-0.018548921304579156,10.717061393574763
60.67,0.0513296903685304,-0.018444671653484377,10.921765959171955
60.6799999999999,0.0511457601404155,-0.018341565111381436,10.965236013543246
60.69,0.0509628553076618,-0.01823958637588314,10.960983641004765
60.7,0.0507809647075816,-0.018138718423199123,11.125458507790036
60.71,0.0506000772709652,-0.018038951228638418,11.200123470566385
60.72,0.0504201820576266,-0.01794027160279578,11.275388883297103
60.73,0.0502412682554584,-0.01784266660054187,11.449819875014642
60.74,0.0500633251758627,-0.01774612709133285,11.498294903534303
60.75,0.049886342208919,-0.01765063914232739,11.509369790861907
60.76,0.0497103089362713,-0.01755618763017771,11.651773328188776
60.77,0.0495352150358065,-0.017462762469284215,11.724695091238596
60.78,0.049361050306584,-0.017370351397917306,11.812679299706646
60.79,0.0491878046677347,-0.017278942574235012,11.833972810725706
60.8,0.049015468159447,-0.017188522086867185,11.932990788111258
60.8099999999999,0.0488440309676187,-0.01709907899953058,12.053156289029623
60.82,0.04867348335608,-0.017010603240919603,12.086752892285473
60.83,0.0485038157207424,-0.01692308195584824,12.162160399572453
60.84,0.048335018573347,-0.016836503747278433,12.232953093994709
60.85,0.0481670825404565,-0.016750857239040153,12.267078767117933
60.86,0.0479999983634662,-0.016666130075028315,12.341881630417538
60.87,0.0478337569103808,-0.016582311419373677,12.42686322591349
60.88,0.0476683491417448,-0.016499390912667368,12.464076912957273
60.89,0.0475037661370102,-0.016417356862123065,12.522006250483084
60.9,0.0473399990860215,-0.01633619831408548,12.562108759681607
60.91,0.0471770392880492,-0.016255904200921635,12.716114972863075
60.92,0.0470148781477471,-0.016176466865217357,12.726140560234782
60.9299999999999,0.0468535071349256,-0.01609787440464116,12.693220804166724
60.94,0.0466929178848588,-0.0160201138594424,12.809685850452178
60.95,0.0465331021134997,-0.015943176759471968,12.846537544846326
60.96,0.046374051639473,-0.015867052696529514,12.89101456423918
60.97,0.0462157583829759,-0.015791731545573378,12.950402951674745
60.98,0.0460582143642519,-0.01571720374294594,12.986114807192077
60.99,0.0459014116971997,-0.0156434592151281,13.014629536119884
61.0,0.0457453426024169,-0.015570487856767363,13.064539479699071
61.01,0.0455899993941113,-0.015498280293831044,13.100131971817959
61.02,0.0454353744823568,-0.015426826967351523,13.14718543112021
61.03,0.0452814603719786,-0.015356118660236838,13.141775283145142
61.04,0.0451282496614375,-0.015286144793580776,13.060291910837531
61.05,0.0449757350659853,-0.015216893271394714,13.195776590869208
61.0599999999999,0.0448239094096401,-0.015148357741246132,13.29184880534826
61.07,0.0446727655501668,-0.01508053097971351,13.226112352261268
61.08,0.044522296463839,-0.015013401836286243,13.258587396450054
61.09,0.0443724952171421,-0.01494696156627984,13.283054702149071
61.1,0.0442233549657969,-0.01488120143857026,13.252080524676208
61.11,0.0440748689537836,-0.014816111555595163,13.25307740210653
61.12,0.0439270305295994,-0.014751683004365738,13.314819342453525
61.13,0.0437798331142335,-0.014687908441634683,13.310903279905652
61.14,0.04363327020992,-0.014624779157209241,13.299172355951592
61.15,0.0434873354093446,-0.014562286336029795,13.30361342134069
61.16,0.0433420223893533,-0.014500421648969836,13.273451521073612
61.17,0.0431973249100235,-0.014439176424477462,13.432346132877008
61.1799999999999,0.0430532368132276,-0.014378546069703017,13.365123180646677
61.19,0.0429097519712763,-0.014318521087987139,13.22573952949682
61.2,0.04276686440774,-0.014259090606617321,13.331216586234934
61.21,0.0426245681966812,-0.01420024907726452,13.308265044190811
61.22,0.0424828574892609,-0.014141988610935803,13.30666473803015
61.23,0.0423417265127152,-0.014084301717548486,13.286083251980436
61.24,0.0422011695693243,-0.014027180579181895,13.210043977377428
61.25,0.0420611810432942,-0.013970616487655787,13.249749911026734
61.26,0.0419217554033947,-0.013914603242900538,13.281616316789608
61.27,0.0417828871637971,-0.013859134601417432,13.216572849080524
61.28,0.0416445709224956,-0.013804202504440316,13.20483031224757
61.29,0.0415068013482715,-0.01374980002233148,13.231753342031546
61.3,0.0413695731797227,-0.01369592082280218,12.988171975525807
61.3099999999999,0.0412328812242937,-0.013642553511574416,12.853904957445916
61.32,0.0410967204294095,-0.01358968928712248,13.121977398179377
61.33,0.0409610857671548,-0.01353732710329397,13.083888109670651
61.34,0.0408259722370662,-0.01348546033858716,12.928669670092454
61.35,0.0406913749379426,-0.013434080037322677,12.907403753323631
61.36,0.0405572890363424,-0.013383179716992707,12.813037524636227
61.37,0.0404237097658431,-0.0133327521660982,13.0149297013393
61.38,0.0402906324263093,-0.013282795322760768,12.891197300983869
61.39,0.0401580523176096,-0.013233301303346504,12.623587392789501
61.4,0.0400259648892057,-0.013184259834770826,12.730601858316216
61.41,0.0398943656254159,-0.013135667229112528,12.67143783324628
61.42,0.0397632500689322,-0.013087517341064312,12.62778086731713
61.4299999999999,0.0396326138229151,-0.013039804206076838,12.571548635902625
61.44,0.039502452550127,-0.012992521628971769,12.407050601724569
61.45,0.0393727619797035,-0.012945661847421689,12.429915773101278
61.46,0.039243537918716,-0.012899220368341817,12.46005293598298
61.47,0.0391147761933177,-0.012853192905598783,12.321356512754049
61.48,0.0389864727032416,-0.012807572501466816,12.276087718523723
61.49,0.0388586234045801,-0.012762353696552214,12.23086964755001
61.5,0.0387312243089912,-0.0127175311299986,12.104446444512119
61.51,0.0386042714829008,-0.012673098216545397,11.989771161292772
61.52,0.038477761065407,-0.012629048769710837,12.030624446971203
61.53,0.0383516892418919,-0.012585379149311165,11.980921473305823
61.54,0.0382260522332853,-0.012542084404404987,11.862659726525742
61.55,0.0381008463238445,-0.012499158544459755,11.802326384202102
61.5599999999999,0.0379760678495564,-0.01245659652410417,11.749845231914907
61.57,0.0378517131973959,-0.012414393462082998,11.604391021319227
61.58,0.037727778804589,-0.012372543103230984,11.430732594071777
61.59,0.0376042611795553,-0.012331039030452514,11.499737801640467
61.6,0.0374811568792193,-0.012289878526450655,11.472819321621337
61.61,0.0373584624780926,-0.012249057554572854,11.306075389941851
61.62,0.0372361746160615,-0.012208570050856819,11.240144413770068
61.63,0.0371142899808416,-0.012168411406243695,11.168255525752027
61.64,0.0369928053073141,-0.012128577040343367,11.04606188745598
61.65,0.0368717173768627,-0.012089061663379346,10.871479672355036
61.66,0.0367510230290715,-0.012049859450124871,10.884608346008433
61.67,0.0366307191545063,-0.012010967298183307,10.85203855872213
61.6799999999999,0.0365108026624779,-0.011972381546198365,10.689532956261264
61.69,0.0363912705198959,-0.01193409678221305,10.611536589801341
61.7,0.0362721197377321,-0.011896108738495767,10.517440231416051
61.71,0.0361533473704055,-0.011858413077512077,10.433337231748133
61.72,0.0360349505151742,-0.011821005681692323,10.373037275394315
61.73,0.0359169263087341,-0.011783882781349689,10.25326499561871
61.74,0.035799271926164,-0.011747039877624208,10.139709309015835
61.75,0.0356819845920859,-0.01171047261927753,10.072213426872931
61.76,0.0355650615673035,-0.011674177326216617,9.976218967416255
61.77,0.0354485001521634,-0.011638150042184912,9.887308224256172
61.78,0.03533229768593,-0.011602386933240161,9.789809740794006
61.79,0.0352164515461601,-0.011566884074465263,9.641041859284384
61.8,0.0351009591512659,-0.011531637010014166,9.589852343757066
61.8099999999999,0.0349858179637864,-0.011496642584564686,9.538899652918689
61.82,0.0348710254681421,-0.011461897702561761,9.404009856671816
61.83,0.0347565791913175,-0.011427398282186016,9.317271583008207
61.84,0.0346424766958221,-0.01139314085467225,9.242513344336686
61.85,0.0345287155790887,-0.011359122143621513,9.152243929571837
61.86,0.0344152934728724,-0.011325338206001623,8.397388103320848
61.87,0.0343022080649545,-0.011291777739113527,8.698135864904486
61.88,0.0341894571674687,-0.011258442283352578,9.099390765711748
61.89,0.0340770384645527,-0.011225334604957407,8.511234292289469
61.9,0.0339649497436603,-0.011192445865454079,8.473099169567549
61.91,0.0338531888270822,-0.011159773167924124,8.344626832576777
61.92,0.0337417535715592,-0.011127312981349242,8.167406180566088
61.9299999999999,0.0336306418678948,-0.011095061790466695,8.761526933009186
61.94,0.033519851627923,-0.011063024418463362,8.281802196258946
61.95,0.0334093806928486,-0.01103119332095115,7.609857988554363
61.96,0.0332992271014052,-0.010999558847482663,8.011399706461667
61.97,0.0331893888542665,-0.010968123416462094,7.8353819216926786
61.98,0.0330798639809641,-0.010936883609184076,7.743648454310903
61.99,0.0329706505392953,-0.01090583668613843,7.821589716180311
62.0,0.0328617466147377,-0.010874980952670782,6.574896394324803
62.01,0.0327531503267919,-0.010844301061210064,6.990130069293723
62.02,0.0326448599952574,-0.010813800072121543,7.826058068107542
62.03,0.0325368737107981,-0.010783485602697552,6.909978323558066
62.04,0.0324291896954419,-0.010753346609314318,6.913095123598742
62.05,0.0323218062005916,-0.010723381016959228,6.792624372872067
62.0599999999999,0.0322147215067231,-0.010693585933473025,6.4364262140027915
62.07,0.0321079339230828,-0.010663956922867038,7.562135069408645
62.08,0.0320014417873883,-0.010634504334258317,6.976119812537064
62.09,0.0318952432766572,-0.010605220409349962,5.803055569153267
62.1,0.0317893368554293,-0.010576091376168426,6.531631334606997
62.11,0.0316837209165328,-0.010547122903572261,6.338279166308719
62.12,0.0315783938715333,-0.01051831219990249,6.242920734571913
62.13,0.0314733541539179,-0.010489657071347375,6.410701151696383
62.14,0.0313686002184984,-0.010461157063741447,4.990234318214716
62.15,0.0312641305408153,-0.01043279651405278,5.257358387310717
62.16,0.0311599438143615,-0.010404577065218554,6.387254864279807
62.17,0.031056038502509,-0.010376508969891658,5.506104396868876
62.1799999999999,0.0309524131598742,-0.010348582837264315,5.394875962016652
62.19,0.0308490663813039,-0.010320795901395837,5.294185957003991
62.2,0.0307459967851924,-0.01029314595741001,5.091536754117697
62.21,0.0306432030132221,-0.010265630176358245,5.3935262403945625
62.22,0.030540683730109,-0.010238250437220962,5.219251161774967
62.23,0.0304384375617997,-0.010211003919078244,4.682016014556762
62.24,0.0303364632262797,-0.010183884355480812,4.772632111514236
62.25,0.0302347594528771,-0.010156891405901723,4.705307820997278
62.26,0.0301333249813859,-0.010130023563373308,4.585493294515766
62.27,0.0300321585713575,-0.01010327879026072,4.565949783708616
62.28,0.0299312590017277,-0.010076655678100828,4.034685445040312
62.29,0.0298306250704428,-0.010050148250231584,3.927562079522638
62.3,0.0297302556554404,-0.010023754671226789,4.29669239765522
62.3099999999999,0.0296301495910869,-0.009997477522819133,4.029861587547126
62.32,0.0295303057274277,-0.00997131366932581,3.8246721221911506
62.33,0.0294307229490795,-0.009945260270477688,3.730295568979622
62.34,0.0293314001597003,-0.009919315562578341,3.5997380143682434
62.35,0.029232336281725,-0.009893477586491619,3.5239754352071615
62.36,0.0291335302561011,-0.009867745014305,3.646163096303284
62.37,0.0290349810306649,-0.009842118125500104,3.340672769388572
62.38,0.0289366875529361,-0.009816593408334991,3.0645462770812535
62.39,0.028838648831465,-0.009791167627644863,3.1408178067026453
62.4,0.0287408638715021,-0.009765840671200742,3.006865820322637
62.41,0.0286433316945103,-0.009740610768593349,2.9085776343584975
62.42,0.0285460513378426,-0.009715476346897733,2.7387167858829247
62.4299999999999,0.0284490218544202,-0.009690435482035808,3.0013100591365713
62.44,0.028352242312409,-0.009665489811128166,2.832200050203869
62.45,0.0282557117488858,-0.009640637217133511,2.384417959895834
62.46,0.0281594292709028,-0.009615873243317443,2.4860640624090586
62.47,0.0280633939884266,-0.009591198026324995,2.4247341729602967
62.48,0.0279676050179335,-0.009566610587928223,2.3328438778767033
62.49,0.0278720614882904,-0.009542109656293507,2.3309128677710844
62.5,0.0277767625403646,-0.009517694492561641,1.9692583033102506
62.51,0.0276817073266306,-0.009493361116506,1.1715533707514363
62.52,0.0275868950637625,-0.009469102552476811,1.8642888568068512
62.53,0.0274923250094543,-0.009444924103317454,2.223975781492755
62.54,0.0273979963092514,-0.00942082843061485,1.5372188404028277
62.55,0.0273039081829399,-0.00939680961668252,1.5369284266069614
62.5599999999999,0.0272100598633211,-0.00937286687846571,1.4212820052979547
62.57,0.0271164505960138,-0.009348998943979153,1.5751578357256661
62.58,0.0270230796392585,-0.009325205866166694,0.09880688523249448
62.59,0.0269299462637166,-0.009301475502095612,0.47857345860077516
62.6,0.0268370499088835,-0.009277810548097634,1.5741127377845021
62.61,0.0267443898132653,-0.00925421930247442,0.5653493677498427
62.62,0.0266519653014198,-0.009230693890402403,0.5023950444491567
62.63,0.0265597757203039,-0.009207232964154155,0.3821809893237451
62.64,0.0264678204320406,-0.009183835066931743,-0.09040379461002628
62.65,0.0263760988139302,-0.009160496952139175,1.2003830804488702
62.66,0.026284610258462,-0.00913722931957008,2.884104910495392
62.67,0.0261933539659318,-0.009114044300155902,0.030569891873723103
62.6799999999999,0.0261023291664018,-0.009090919536767472,-0.9162133695523332
62.69,0.0260115353934673,-0.009067846802799831,0.6715807800554177
62.7,0.0259209720231581,-0.00904483757342252,0.3550140115326256
62.71,0.0258306384363182,-0.00902189003846602,0.3308112849324846
62.72,0.0257405340180197,-0.008999003930167348,1.0552397302462144
62.73,0.025650658156976,-0.00897618206350161,-3.7646712853724047
62.74,0.0255610102600406,-0.00895338908064759,-1.5869219292810042
62.75,0.0254715902201056,-0.008930641124856552,2.301590480583771
62.76,0.0253823972127342,-0.00890796668633594,-1.174443373549796
62.77,0.0252934307135076,-0.008885341706260798,-0.7588504914996622
62.78,0.0252046902096169,-0.0088627674247392,-0.90161554955547
62.79,0.0251161751999185,-0.008840242672444818,-1.1827784298673838
62.8,0.0250278851949901,-0.008817765541361725,-0.6171894465668224
62.8099999999999,0.0249398197171866,-0.008795340206278209,-0.16220629067810452
62.82,0.0248519782127251,-0.008772969620319919,-1.2510371067135067
62.83,0.0247643601665519,-0.008750645857468308,-1.4852438243851662
62.84,0.0246769651443509,-0.00872836683179394,-1.0814598214046285
62.85,0.0245897926730892,-0.008706135215812583,-1.1828590793886093
62.86,0.0245028422848388,-0.008683950315635167,-1.3890767418239016
62.87,0.0244161135163526,-0.008661810485346689,-1.5693416477353115
62.88,0.0243296059283343,-0.008639714395220079,-1.3899884101058293
62.89,0.0242433190792948,-0.008617663188853169,-1.4038945890314307
62.9,0.0241572525158028,-0.008595656742774906,-1.569655719315756
62.91,0.024071405798763,-0.008573693911946626,-1.4098450653068275
62.92,0.0239857784932129,-0.008551775235962449,-2.3158207557505692
62.9299999999999,0.0239003701680092,-0.008529894115689215,-3.1006169248143416
62.94,0.0238151804980879,-0.008508045294242558,-1.9585091714587661
62.95,0.0237302091316457,-0.008486236337751769,-1.837702866806957
62.96,0.023645455637614,-0.008464468231396838,-2.6822766267276195
62.97,0.0235609196447482,-0.008442735692324796,-1.9592457591177441
62.98,0.0234766007906755,-0.008421043405600764,-1.6282320750218742
62.99,0.0233924986392167,-0.00839939342604408,-2.6734422938221947
63.0,0.0233086128020341,-0.008377778857696633,-2.817775790963074
63.01,0.0232249429467423,-0.008356198464678506,-2.4627290682608067
63.02,0.0231414887138039,-0.008334654331150118,-2.959109193581196
63.03,0.0230582497491365,-0.008313143295592303,-3.1764438702114646
63.04,0.0229752257409257,-0.008291663936437339,-2.8581186400406295
63.05,0.0228924163591878,-0.008270218247533566,-2.9791646577483
63.0599999999999,0.0228098212665868,-0.008248805493344039,-3.3955343170436394
63.07,0.0227274401441293,-0.00822742341664333,-2.528677761974689
63.08,0.022645272679659,-0.008206077536555053,-2.423626495527406
63.09,0.0225633184737626,-0.008184768454330058,-3.530584716449122
63.1,0.0224815772080398,-0.00816348929708509,-3.3990740552181054
63.11,0.0224000485856953,-0.008142240627594197,-3.089736884543441
63.12,0.0223187322907708,-0.008121024145813269,-3.9419314975361637
63.13,0.0222376280109219,-0.00809983468739245,-4.063575714930568
63.14,0.0221567355073502,-0.008078671553514237,-3.399640211939103
63.15,0.0220760544808176,-0.008057538787147595,-3.7260486367731604
63.16,0.0219955846363581,-0.008036434608356402,-4.160424824156422
63.17,0.0219153256974428,-0.008015356814809228,-3.073263134385592
63.1799999999999,0.0218352773933546,-0.007994311929675115,-3.2245125829117884
63.19,0.0217554393545667,-0.007973299065352438,-4.4039890445921435
63.2,0.0216758113249103,-0.007952311310519336,-3.99239730375526
63.21,0.0215963930377307,-0.007931350853924036,-3.79135300329132
63.22,0.0215171842159289,-0.007910418750007534,-4.8201891779207395
63.23,0.0214381845851864,-0.007889509131424333,-4.721163176878741
63.24,0.0213593939545568,-0.007868622664011608,-3.9501989590263613
63.25,0.0212808120425248,-0.007847763858303408,-4.508898189152583
63.26,0.0212024385943175,-0.007826929790916612,-4.815791982289005
63.27,0.0211242733662684,-0.007806119021922196,-3.854486809302536
63.28,0.0210463161194156,-0.007785337220381708,-3.7309109370186544
63.29,0.0209685665259403,-0.007764585108855065,-4.958731771432456
63.3,0.0208910243381385,-0.007743855876288202,-4.7933196249159336
63.3099999999999,0.0208136893291142,-0.007723150275625845,-4.463686801090259
63.32,0.0207365612499614,-0.007702470121417632,-5.118700770023901
63.33,0.0206596398535986,-0.007681811779193324,-5.679525880127435
63.34,0.0205829249485838,-0.007661172321143245,-4.942479915937182
63.35,0.0205064163315966,-0.007640555906340974,-4.846514725089768
63.36,0.0204301137524826,-0.007619963308086656,-5.454624772598977
63.37,0.0203540169935499,-0.007599391576267595,-5.03531427768264
63.38,0.0202781258411806,-0.007578843436716777,-3.877486741584191
63.39,0.0202024400303327,-0.007558325129282482,-5.049493331268319
63.4,0.020126959259151,-0.00753783049744153,-5.884979544366053
63.41,0.020051683352827,-0.007517355079222649,-5.005823133767535
63.42,0.019976612080828,-0.007496903381340054,-5.259230096510124
63.4299999999999,0.0199017452132554,-0.007476473968032454,-6.789824026360011
63.44,0.019827082548339,-0.007456059053867626,-6.006999911329835
63.45,0.0197526239690789,-0.0074356628871865135,-4.986682058467595
63.46,0.0196783692138801,-0.007415290970481098,-6.065333587458423
63.47,0.0196043180840466,-0.007394938148488183,-6.336339636816715
63.48,0.0195304703845383,-0.00737460375577166,-3.8350339759196896
63.49,0.0194568259121631,-0.007354300567900934,-4.929650248003096
63.5,0.0193833842895047,-0.007334023139870938,-7.065210246671954
63.51,0.0193101453919259,-0.00731376083237077,-5.46505171285513
63.52,0.0192371089994252,-0.007293521344284987,-5.347712597672253
63.53,0.0191642748914116,-0.007273305236865964,-7.508559871486701
63.54,0.0190916428467045,-0.007253101948765841,-7.055121301387426
63.55,0.0190192127985842,-0.007232913970700988,-5.1866386133796905
63.5599999999999,0.0189469844906579,-0.007212750672313187,-6.428243585990676
63.57,0.0188749577195229,-0.007192606638109096,-6.577388886589281
63.58,0.0188031322948917,-0.0071724810958932106,-6.2465682157061755
63.59,0.0187315080290277,-0.007152376054750243,-5.642064309702213
63.6,0.0186600846982035,-0.007132294532681029,-6.506365094237143
63.61,0.0185888620725873,-0.007112232544458346,-6.950278426073504
63.62,0.0185178399872902,-0.007092188028983941,-6.487260844344546
63.63,0.0184470182470563,-0.007072163252473992,-6.744214083975857
63.64,0.0183763966574336,-0.0070521575594268615,-6.140779318800227
63.65,0.0183059750240314,-0.007032173916255112,-6.440804881839108
63.66,0.0182357531102222,-0.0070122111045282645,-7.031117163700776
63.67,0.0181657307393157,-0.006992266580833125,-6.654739565125762
63.6799999999999,0.0180959077122514,-0.00697234214977506,-6.730541323639363
63.69,0.018026283829965,-0.006952437734247663,-6.936098344634459
63.7,0.0179568588933896,-0.006932552535881548,-7.118340027574663
63.71,0.017887632716531,-0.006912685948975896,-6.925272593737866
63.72,0.0178186051090852,-0.006892839056574259,-6.9352604080444555
63.73,0.0177497758694069,-0.00687301206032572,-7.1104788777132795
63.74,0.0176811448031857,-0.006853204387950035,-7.182027867274995
63.75,0.0176127117165741,-0.006833416029365224,-6.790353994378948
63.76,0.0175444764129768,-0.0068136489009607585,-7.054182504058574
63.77,0.0174764386712595,-0.006793902040173275,-7.459205839668588
63.78,0.0174085983087842,-0.006774173874330778,-7.214857439207577
63.79,0.0173409551278541,-0.0067544656086190695,-7.230990000068576
63.8,0.0172735089306533,-0.006734777352247669,-7.6599732979768325
63.8099999999999,0.0172062595192466,-0.006715107407345075,-7.8369804202636395
63.82,0.0171392067221939,-0.006695455256677316,-7.429360908731358
63.83,0.0170723503490603,-0.006675822858956694,-7.534707610899514
63.84,0.0170056901999642,-0.006656210060575959,-7.7775226906466095
63.85,0.0169392260844838,-0.006636616068837464,-7.766975820580062
63.86,0.016872957812851,-0.006617041409082407,-6.779547194290604
63.87,0.0168068851804152,-0.006597490349069159,-7.478206425632492
63.88,0.0167410079365053,-0.0065779601834074376,-8.311862377425918
63.89,0.0166753259156065,-0.00655844764396998,-7.630853941205731
63.9,0.0166098389163903,-0.0065389555673619,-7.803956902724209
63.91,0.0165445467367716,-0.00651948368722401,-7.744703613509917
63.92,0.0164794491739095,-0.006500032465215032,-7.755700374803388
63.9299999999999,0.016414546018227,-0.006480602080836806,-7.902888639861202
63.94,0.0163498370638593,-0.006461192171907318,-7.925930927425946
63.95,0.0162853221060704,-0.006441802861450845,-7.91386894107184
63.96,0.0162210009372856,-0.006422434431957563,-7.892735768603948
63.97,0.0161568733490115,-0.006403086934798156,-8.939524490141753
63.98,0.016092939139223,-0.00638375654932995,-8.484780764087906
63.99,0.0160291981537454,-0.006364445303512634,-7.743679213165215
64.0,0.0159656501610764,-0.006345156326715828,-8.471655256281142
64.01,0.0159022949602602,-0.00632588718234931,-8.562928467248724
64.02,0.0158391323505473,-0.0063066377564874555,-7.994363529760545
64.03,0.0157761621313945,-0.006287410604006571,-7.621117925120539
64.04,0.0157133840609293,-0.006268207313485086,-8.57624382891739
64.05,0.015650797915797,-0.006249024491429122,-8.713154770224591
64.0599999999999,0.0155884035033855,-0.006229861718310785,-8.360030397053094
64.07,0.0155262006100156,-0.0062107205307042395,-8.503540018668941
64.08,0.0154641890208754,-0.0061916007962517046,-8.256151340005843
64.09,0.0154023685194007,-0.006172503638432571,-8.400351519004628
64.1,0.0153407388740165,-0.006153428758018286,-8.655973364038413
64.11,0.0152792998717563,-0.006134375456114955,-8.507672227386252
64.12,0.0152180512906824,-0.0061153444808791065,-8.443763111958427
64.13,0.0151569929074617,-0.006096336201121697,-8.988985344805405
64.14,0.0150961244973652,-0.0060773487027874565,-9.699624015604607
64.15,0.0150354458693533,-0.006058379746071702,-8.82116039098714
64.16,0.0149749568301497,-0.006039432699466753,-8.546878656229154
64.17,0.0149146571392663,-0.006020508875425737,-9.12946996350454
64.1799999999999,0.0148545465806052,-0.006001606458775801,-9.460721479833884
64.19,0.0147946249380484,-0.005982724853417588,-7.573716035656317
64.2,0.0147348919954596,-0.005963870755641684,-8.308059778151875
64.21,0.0146753474405116,-0.005945041804394997,-10.051092879951119
64.22,0.0146159910909878,-0.005926232248288187,-8.851656868090274
64.23,0.0145568227188014,-0.005907446085824129,-9.012397229455852
64.24,0.0144978420915726,-0.005888683256810998,-9.120992681999459
64.25,0.0144390489754889,-0.005869943711845054,-8.7190811005394
64.26,0.0143804431353051,-0.005851229008645674,-8.902753046443138
64.27,0.0143220243140828,-0.005832538757863338,-9.291387860437979
64.28,0.0142637922813613,-0.005813871905272576,-9.033311719232639
64.29,0.0142057467948821,-0.0057952294652041485,-9.10572234721663
64.3,0.0141478876103322,-0.005776611545391513,-8.741174916252353
64.3099999999999,0.0140902144816745,-0.005758019106400844,-10.847879270520357
64.32,0.0140327271611475,-0.00573944567615591,-10.055927034931369
64.33,0.0139754254941726,-0.0057208940798949455,-8.338706991187646
64.34,0.0139183091914557,-0.00570237003380576,-9.78046314646416
64.35,0.0138613780137275,-0.005683869498289114,-9.61883555936449
64.36,0.0138046317216434,-0.005665392911236731,-9.828385021603617
64.37,0.0137480700754689,-0.005646940035619247,-9.060059733786039
64.38,0.0136916928347353,-0.0056285134461650545,-9.451359681595624
64.39,0.013635499722737,-0.005610112130264178,-10.191286961077937
64.4,0.013579490513328,-0.005591734026121643,-9.681340936599135
64.41,0.0135236649598422,-0.0055733807971767415,-9.802463358480809
64.42,0.0134680228147115,-0.005555052348496674,-10.275972649879424
64.4299999999999,0.0134125638294662,-0.005536747999735816,-7.638818119523619
64.44,0.0133572877521396,-0.005518475774489122,-8.797794891884585
64.45,0.0133021942192353,-0.005500232365489126,-11.0389403999504
64.46,0.013247283025803,-0.005482011322219925,-9.231530129270135
64.47,0.0131925539026321,-0.005463817840978385,-9.5146664667593
64.48,0.0131380065779804,-0.005445651695024176,-9.084768717211878
64.49,0.0130836407775719,-0.005427513794055919,-11.821074075282523
64.5,0.0130294562287243,-0.005409396558937451,-10.630516665350576
64.51,0.01297545276387,-0.005391303708197586,-8.38248708450139
64.52,0.0129216300554377,-0.005373241920170061,-10.275171107956254
64.53,0.0128679878362628,-0.005355206382441693,-10.021368137010548
64.54,0.0128145258382871,-0.005337197696118323,-10.069186118204485
64.55,0.0127612437925582,-0.005319215960587475,-10.163555849948835
64.5599999999999,0.0127081414293351,-0.005301261122300898,-10.182933318394676
64.57,0.0126552184799173,-0.005283333335986543,-10.183395794433128
64.58,0.012602474671836,-0.005265432807689139,-10.261628392029857
64.59,0.0125499097328838,-0.0052475595339391825,-10.304388534362372
64.6,0.0124975233899898,-0.005229713585316688,-10.492669092874433
64.61,0.0124453153692204,-0.005211894874146706,-9.345985738778065
64.62,0.0123932853927668,-0.005194106638509976,-9.93674202300412
64.63,0.0123414331399974,-0.005176347474528369,-10.938283350070282
64.64,0.012289758352827,-0.005158614911199939,-10.149579569817895
64.65,0.0122382607466454,-0.005140911094415789,-10.297463831719128
64.66,0.0121869400352948,-0.005123235975467586,-10.291246444825935
64.67,0.0121357959310697,-0.0051055897279907725,-10.495529331170511
64.6799999999999,0.0120848281452775,-0.005087972033755847,-10.425662979563043
64.69,0.0120340363938659,-0.005070383278873399,-10.295351005283413
64.7,0.0119834203817151,-0.0050528239996741435,-10.443653144919754
64.71,0.0119329798160353,-0.0050352940401734245,-10.440015058513659
64.72,0.0118827144025936,-0.005017793589204159,-10.420816183710347
64.73,0.0118326238457147,-0.005000322817264195,-10.891223344366482
64.74,0.0117827078498548,-0.004982880765090047,-10.689986823225793
64.75,0.0117329661321966,-0.004965468135678259,-10.352926697115958
64.76,0.0116833983862596,-0.004948085958003335,-10.689957873664946
64.77,0.0116340043132345,-0.0049307336470617025,-10.669205402377683
64.78,0.0115847836131184,-0.004913411395587571,-10.700927720492922
64.79,0.0115357359847144,-0.004896119322727432,-10.713389665532455
64.8,0.0114868611255693,-0.004878857584982528,-10.749344790218283
64.8099999999999,0.011438158731569,-0.004861626282284222,-10.789415734492945
64.82,0.0113896284981531,-0.004844425504437544,-10.805624667120536
64.83,0.0113412701192589,-0.004827255395492471,-10.834847738565403
64.84,0.011293083287621,-0.004810116071624201,-10.863765738854577
64.85,0.0112450676947713,-0.004793007654140862,-10.846352262521693
64.86,0.0111972230308472,-0.004775930362159149,-10.895211746516365
64.87,0.0111495489835654,-0.004758884262235907,-10.954781133244413
64.88,0.0111020452414329,-0.00474186939638329,-10.949025045223676
64.89,0.0110547114909252,-0.004724885951009984,-10.975544359966076
64.9,0.0110075474172916,-0.0047079340465424595,-10.994473547639906
64.91,0.0109605527045562,-0.004691013798159083,-11.1303844128498
64.92,0.010913727036066,-0.004674125082633341,-11.091412249652434
64.9299999999999,0.0108670700968995,-0.00465726816100678,-11.026579309547236
64.94,0.010820581565954,-0.00464044334871993,-11.129494053447813
64.95,0.010774261122981,-0.004623650602824939,-11.138826340402549
64.96,0.0107281084465644,-0.004606890060855065,-11.159985202057486
64.97,0.0106821232141217,-0.004590161832008303,-11.27894741172534
64.98,0.0106363051023822,-0.004573465830899135,-11.259892018490174
64.99,0.0105906537893644,-0.0045568022638850314,-11.212690794541373
65.0,0.0105451689482139,-0.004540171395638393,-11.29353555634511
65.01,0.0104998502524415,-0.004523573225604149,-11.31995238928522
65.02,0.0104546973744756,-0.004507007838840029,-11.436898482019727
65.03,0.0104097099865305,-0.004490475156895853,-11.408555998630673
65.04,0.0103648877615867,-0.004473975397275672,-11.371639523099075
65.05,0.0103202303681578,-0.004457508794765766,-11.457404230422252
65.0599999999999,0.0102757374751671,-0.004441075338695056,-11.47765543885473
65.07,0.0102314087505456,-0.004424675134761689,-11.511469331233151
65.08,0.0101872438613325,-0.00440830827000329,-11.533387359922527
65.09,0.0101432424736524,-0.004391974853417508,-11.556581159443603
65.1,0.0100994042524219,-0.004375674991361773,-11.581730511937979
65.11,0.0100557288616709,-0.004359408781814189,-11.629881619437041
65.12,0.0100122159644439,-0.004343176275002477,-11.686736437166301
65.13,0.0099688652236461,-0.004326977510094972,-11.675562184257894
65.14,0.0099256763012238,-0.004310812655216737,-11.688209411211561
65.15,0.0098826488571215,-0.004294681835272516,-11.722550724301286
65.16,0.0098397825508731,-0.004278585121918344,-11.810488760253461
65.17,0.0097970770410732,-0.00426252248354597,-11.877950848816983
65.1799999999999,0.0097545319874676,-0.004246493938186658,-11.821747454373781
65.19,0.009712147047903,-0.004230499730344132,-11.845350838042771
65.2,0.0096699218780939,-0.004214539963236737,-11.891015580583986
65.21,0.0096278561337249,-0.00419861468160166,-11.990308152622353
65.22,0.0095859494696312,-0.00418272383450083,-12.034760308679312
65.23,0.0095442015419936,-0.004166867479140814,-11.982629366284277
65.24,0.0095026120043836,-0.0041510458427199805,-12.031700767652307
65.25,0.009461180509241,-0.004135258978744068,-12.06720888041154
65.26,0.0094199067087368,-0.004119506946324948,-12.156945659785604
65.27,0.0093787902542685,-0.004103789714958306,-12.190890142459168
65.28,0.0093378307981626,-0.0040881073548592415,-12.169926525789243
65.29,0.0092970279904424,-0.004072460028858339,-12.230938238245669
65.3,0.0092563814807111,-0.004056847763538244,-12.267080922475829
65.3099999999999,0.0092158909181195,-0.00404127061700087,-12.322454862776706
65.32,0.009175555951204,-0.004025728617602486,-12.365026776481134
65.33,0.0091353762284257,-0.004010221816335809,-12.384795937283283
65.34,0.009095351397273,-0.003994750301034196,-12.429853322147371
65.35,0.0090554811046318,-0.003979314118530931,-12.472855423062043
65.36,0.0090157649969769,-0.003963913315134226,-12.522748776642837
65.37,0.0089762027202806,-0.003948547925639902,-12.570636859473229
65.38,0.0089367939202795,-0.003933217988907542,-12.604082271870123
65.39,0.0088975382421294,-0.0039179235661883395,-12.64882205243638
65.4,0.0088584353304362,-0.0039026647006408107,-12.699310163517275
65.41,0.0088194848294768,-0.003887441425578341,-12.740896596692005
65.42,0.0087806863831356,-0.00387225378760163,-12.783349735364528
65.4299999999999,0.008742039634794,-0.003857101831149249,-12.83738141511427
65.44,0.008703544227486,-0.003841985582252545,-12.887723182730284
65.45,0.0086651998040179,-0.003826905071927433,-12.933298448015881
65.46,0.0086270060067971,-0.003811860338028313,-12.98583608167934
65.47,0.0085889624779141,-0.00379685140761421,-13.04066651460405
65.48,0.008551068859219,-0.0037818783040125155,-13.089576798387283
65.49,0.0085133247923068,-0.00376694105901912,-13.140930236066332
65.5,0.0084757299184202,-0.003752039700644112,-13.196097003203858
65.51,0.008438283878606,-0.003737174250180037,-13.255794783173755
65.52,0.0084009863136899,-0.0037223447200691556,-13.332482859697263
65.53,0.008363836864486,-0.0037075511003457993,-13.378226518056408
65.54,0.0083268351718685,-0.0036927934252807895,-13.42617702897562
65.55,0.0082899808760763,-0.0036780717259816214,-13.499902106694192
65.5599999999999,0.008253273617446,-0.0036633859968375196,-13.56246194142188
65.57,0.0082167130362238,-0.0036487362445875087,-13.642004143384849
65.58,0.008180298772669,-0.0036341224547883823,-13.701894420798743
65.59,0.0081440304672108,-0.003619544640055079,-13.760974558062196
65.6,0.0081079077599166,-0.0036050028140533165,-13.840411577383367
65.61,0.0080719302910112,-0.0035904969629883274,-13.911306487438319
65.62,0.0080360977007586,-0.0035760270826675168,-13.992027014688373
65.63,0.0080004096295054,-0.0035615931571158594,-14.065995808739215
65.64,0.0079648657177903,-0.003547195179403265,-14.139778453957224
65.65,0.0079294656061187,-0.003532833142936599,-14.223881858784255
65.66,0.0078942089351934,-0.003518507028036682,-14.303196149247318
65.67,0.0078590953458826,-0.00350421681903669,-14.407113271135364
65.6799999999999,0.0078241244792659,-0.003489962470678325,-14.48843758352189
65.69,0.0077892959769831,-0.0034757439671574747,-14.563324942478731
65.7,0.0077546094804788,-0.0034615613010234004,-14.667393859856038
65.71,0.0077200646316447,-0.00344741442933668,-14.755953798967356
65.72,0.0076856610726815,-0.003433303324984179,-14.877021532492204
65.73,0.0076513984461251,-0.0034192279233533377,-14.975613644051707
65.74,0.0076172763953201,-0.0034051881883458554,-15.062697948682827
65.75,0.0075832945635559,-0.0033911840985732843,-15.178880326333786
65.76,0.0075494525947294,-0.0033772155970625143,-15.308140075448636
65.77,0.0075157501332283,-0.0033632826102041468,-15.431538146879078
65.78,0.0074821868243468,-0.003349385074030846,-15.534228745593417
65.79,0.0074487623137196,-0.003335522949583303,-15.667903570253833
65.8,0.0074154762475435,-0.003321696165336665,-15.778280635404146
65.8099999999999,0.0073823282727519,-0.003307904678244231,-15.874511298559934
65.82,0.0073493180364456,-0.0032941484599008078,-16.03559744894872
65.83,0.0073164451863257,-0.0032804274086566084,-16.17758199713505
65.84,0.007283709371322,-0.0032667414430525097,-16.309695026512195
65.85,0.0072511102408019,-0.0032530904882558513,-16.549945209622532
65.86,0.0072186474454215,-0.0032394743572766844,-16.661869660569014
65.87,0.0071863206377124,-0.003225893007581678,-16.76323468590415
65.88,0.0071541294694792,-0.0032123464105200095,-16.977201187110555
65.89,0.0071220735941733,-0.003198834412943286,-17.18669581210605
65.9,0.0070901526663711,-0.0031853568644299637,-17.36035914040391
65.91,0.0070583663424008,-0.003171913659287547,-17.519418142717917
65.92,0.0070267142790308,-0.0031585047078525096,-17.760921399977807
65.9299999999999,0.0069951961345654,-0.0031451298442533903,-17.858950613718456
65.94,0.0069638115686302,-0.003131789048806657,-18.06605724624807
65.95,0.0069325602405064,-0.0031184821888366105,-18.35810439915913
65.96,0.0069014418124156,-0.0031052090461500073,-18.519238922945444
65.97,0.006870455947509,-0.0030919695341983557,-18.76677361629297
65.98,0.006839602310189,-0.0030787634864608586,-19.02328932032042
65.99,0.0068088805667974,-0.0030655907287007985,-19.236179602510663
66.0,0.0067782903850981,-0.0030524511320691172,-19.495640935972876
66.01,0.0067478314342259,-0.0030393445218692226,-19.819034933685174
66.02,0.0067175033854653,-0.0030262706635583465,-20.083419609835484
66.03,0.0066873059123593,-0.003013229383537493,-20.355307097748657
66.04,0.0066572386897923,-0.003000220507317477,-20.653204783065462
66.05,0.0066273013948664,-0.0029872438377608465,-20.967733827523034
66.0599999999999,0.0065974937064002,-0.0029742991623066713,-21.3188954728414
66.07,0.0065678153057538,-0.0029613862406725265,-21.612814749771175
66.08,0.0065382658763683,-0.002948504889206657,-21.95455108800634
66.09,0.0065088451034919,-0.002935654884832463,-22.323732203857436
66.1,0.0064795526750098,-0.0029228359806208262,-22.700737787903
66.11,0.0064503882810657,-0.0029100479242075063,-23.11861028413644
66.12,0.0064213516146332,-0.0028972904326766405,-23.506911304443236
66.13,0.006392442371384,-0.0028845632533466723,-23.9344737452978
66.14,0.0063636602494774,-0.002871866103814117,-24.391335250620514
66.15,0.0063350049502209,-0.0028591986801275076,-24.845685245629028
66.16,0.0063064761777861,-0.0028465606853133587,-25.32565855216488
66.17,0.0062780736394689,-0.002833951806204167,-25.824521729066813
66.1799999999999,0.006249797045699,-0.002821371718190012,-26.346973547892237
66.19,0.0062216461102686,-0.0028088200824074863,-26.884311748818188
66.2,0.0061936205503665,-0.0027962965536724805,-27.436051862232937
66.21,0.0061657200866978,-0.0027838007794541934,-28.04316351679757
66.22,0.0061379444435733,-0.0027713323671699716,-28.65914446446225
66.23,0.0061102933494575,-0.0027588909240632777,-29.274624700916373
66.24,0.0060827665365045,-0.0027464760637875433,-29.96366994361316
66.25,0.006055363741035,-0.002734087347945035,-30.654160811290364
66.26,0.0060280847038478,-0.002721724343482477,-31.367864621356976
66.27,0.0060009291699573,-0.002709386606420808,-32.139055029474356
66.28,0.0059738968891008,-0.0026970736556650382,-32.91586106165133
66.29,0.0059469876158295,-0.002684785013078346,-33.73851082950795
66.3,0.0059202011095052,-0.0026725201738458057,-34.59836150848279
66.3099999999999,0.0058935371347619,-0.0026602786135658226,-35.47437089857162
66.32,0.0058669954614215,-0.0026480598032924997,-36.42615006168956
66.33,0.0058405758647878,-0.002635863166612455,-37.390298165536535
66.34,0.0058142781261075,-0.0026236881275075426,-38.38817830511124
66.35,0.0057881020322434,-0.0026115340940133713,-39.47615356415665
66.36,0.0057620473763672,-0.002599400418625793,-40.56189561780428
66.37,0.005736113958147,-0.002587286465564995,-41.71315322132711
66.38,0.0057103015835714,-0.002575191563075857,-42.9300947708421
66.39,0.0056846100657448,-0.0025631150041050105,-44.159825440228005
66.4,0.0056590392247187,-0.002551056083542505,-45.48430690079737
66.41,0.005633588887818,-0.0025390140424490894,-46.84185588860143
66.42,0.0056082588901821,-0.0025269881114632865,-48.245422958376615
66.4299999999999,0.0055830490745459,-0.0025149775016091733,-49.75866463790914
66.44,0.0055579592919175,-0.002502981362602519,-51.28222080040997
66.45,0.0055329894018943,-0.002490998850557518,-52.898750699305424
66.46,0.0055081392724816,-0.0024790290728208377,-54.608661750089745
66.47,0.0054834087811256,-0.0024670710897541793,-56.32699307408438
66.48,0.0054587978145064,-0.002455123970819207,-58.185461086964814
66.49,0.0054343062688632,-0.0024431867094467227,-60.09447180988345
66.5,0.0054099340508807,-0.0024312582828024632,-62.052651873516886
66.51,0.0053856810772536,-0.002419337652819994,-64.16100983942948
66.52,0.0053615472755659,-0.002407423702725851,-66.29915460310437
66.53,0.0053375325846832,-0.0023955153146191822,-68.54127293480143
66.54,0.0053136369546446,-0.0023836113236125004,-70.90660488264939
66.55,0.0052898603476375,-0.002371710507402507,-73.3034918990899
66.5599999999999,0.0052662027380338,-0.0023598116424633137,-75.882730899754
66.57,0.0052426641126851,-0.0023479134127108226,-78.52672683610814
66.58,0.005219244472121,-0.0023360144845683386,-81.22853695655327
66.59,0.0051959438298604,-0.002324113510516615,-84.14261830661493
66.6,0.0051727622135844,-0.0023122090368725076,-87.09157685832812
66.61,0.0051496996656543,-0.0023002996120091842,-90.16384679036712
66.62,0.0051267562428969,-0.002288383733924997,-93.42891403249139
66.63,0.0051039320178015,-0.0022764598103891705,-96.73520159547228
66.64,0.005081227078833,-0.002264526251507503,-100.17356569665282
66.65,0.0050586415303898,-0.0022525814173741973,-103.77566669021546
66.66,0.0050361754937842,-0.0022406235994983383,-107.45742336197185
66.67,0.005013829107496,-0.0022286510676508223,-111.37479651447117
66.6799999999999,0.0049916025276224,-0.002216661983150828,-115.37887317981111
66.69,0.0049694959292135,-0.0022046544885100322,-119.4515827610882
66.7,0.0049475095055023,-0.0021926267162450533,-123.80663824216768
66.71,0.0049256434691564,-0.002180576668124153,-128.23726393856424
66.72,0.004903898053115,-0.002168502333696671,-132.7859643804265
66.73,0.00488227351029,-0.002156401669272485,-137.5428864851382
66.74,0.0048607701146147,-0.002144272546631628,-142.424537079864
66.75,0.0048393881614667,-0.0021321127997633183,-147.46150012932858
66.76,0.0048181279681244,-0.0021199202104075477,-152.6588077137011
66.77,0.0047969898743392,-0.002107692505281691,-158.00784894871836
66.78,0.0047759742428436,-0.0020954273614641906,-163.51576727270847
66.79,0.0047550814598541,-0.0020831224031433544,-169.1831214615339
66.8,0.0047343119356193,-0.002070775201756644,-175.00488691454254
66.8099999999999,0.004713666104922,-0.0020583832787441454,-180.9949496889586
66.82,0.0046931444275976,-0.002045944098327487,-187.14079923812227
66.83,0.0046727473891298,-0.002033455073846673,-193.46613203109476
66.84,0.004652475501081,-0.002020913560549166,-199.80350173870346
66.85,0.0046323293016508,-0.0020083169417099804,-206.38419030473844
66.86,0.0046123093550315,-0.0019956625010608383,-213.2091096334531
66.87,0.004592416253739,-0.0019829474246149947,-219.99836029229968
66.88,0.0045726506179139,-0.0019701689479891954,-227.02283873200935
66.89,0.0045530130956638,-0.0019573242144691394,-234.2142109255556
66.9,0.0045335043641886,-0.0019444103096341332,-241.38395614858436
66.91,0.0045141251296729,-0.0019314243579283356,-248.79921499282827
66.92,0.0044948761271428,-0.0019183633802883314,-256.37526612272285
66.9299999999999,0.0044757581222488,-0.0019052243405758094,-263.83085096186426
66.94,0.0044567719104304,-0.0018920042876983466,-271.58292373783326
66.95,0.0044379183168428,-0.0018787001362633314,-279.44623187093646
66.96,0.0044191981984186,-0.0018653087620075317,-287.15977036750786
66.97,0.004400612442506,-0.0018518271334799963,-295.17480080131793
66.98,0.0043821619671769,-0.0018382520768349976,-303.1924421485076
66.99,0.0043638477229268,-0.0018245804269899806,-311.0905346061426
67.0,0.0043456706910052,-0.0018108090856641553,-319.2944302382541
67.01,0.0043276318843712,-0.001796934795913386,-327.48398505266306
67.02,0.0043097323490118,-0.0017829543112699658,-335.35649993996014
67.03,0.0042919731624892,-0.0017688645472341454,-343.5748954792005
67.04,0.0042743554333016,-0.0017546622221691862,-351.9413949118084
67.05,0.0042568803043577,-0.001740343967114993,-359.6534966799029
67.0599999999999,0.0042395489506201,-0.0017259067409366366,-367.76380417438867
67.07,0.004222362577091,-0.0017113472653133381,-376.0727488017435
67.08,0.0042053224240804,-0.001696662123661668,-383.72809509245036
67.09,0.0041884297638777,-0.0016818482162491977,-391.5320409671797
67.1,0.0041716858997531,-0.001666902327161681,-399.4980876263648
67.11,0.0041550921684225,-0.0016518210962908472,-407.12774309904825
67.12,0.0041386499396982,-0.0016366012944966576,-414.5101054215121
67.13,0.0041223606149934,-0.001621239771030787,-422.0201337087491
67.14,0.0041062256276599,-0.0016057332320524782,-429.3839142082705
67.15,0.0040902464446398,-0.0015900783884992189,-436.31902151817656
67.16,0.0040744245647157,-0.0015742721097091556,-443.29514515464405
67.17,0.0040587615180597,-0.001558311150739136,-450.1542353063528
67.1799999999999,0.0040432588681842,-0.001542192230995033,-456.5884033849947
67.19,0.0040279182104765,-0.0015259122069849994,-462.9412115486396
67.2,0.0040127411717695,-0.001509467868627544,-469.1159288220582
67.21,0.0039977294115803,-0.0014928559811124746,-474.97292317572436
67.22,0.0039828846212499,-0.0014760733634283044,-480.6154186077924
67.23,0.0039682085240532,-0.0014591168226183704,-485.9905342333601
67.24,0.0039537028751641,-0.0014419831736833593,-491.116291571595
67.25,0.0039393694616081,-0.0014246692196399975,-496.0177666063558
67.26,0.0039252101025311,-0.001407171730615817,-500.5414563917388
67.27,0.003911226649346,-0.0013894875366725187,-504.7414288533676
67.28,0.0038974209847412,-0.0013716134789833363,-508.88213704585723
67.29,0.0038837950236896,-0.001353546229152515,-512.5072940528723
67.3,0.0038703507147579,-0.0013352825919899967,-515.6795885556382
67.3099999999999,0.0038570900369779,-0.001316819453316634,-518.9582095229554
67.32,0.0038440150020864,-0.001298153379281657,-521.6619923374586
67.33,0.0038311276567156,-0.0012792810927350086,-523.818920792143
67.34,0.0038184300781733,-0.001260199460380014,-525.9867464827113
67.35,0.0038059243768013,-0.001240905053845841,-527.8959224422463
67.36,0.0037936126980176,-0.0012213943396199806,-529.0930826321564
67.37,0.0037814972219315,-0.001201664056327477,-529.9234155676357
67.38,0.0037695801599693,-0.0011817109172058487,-531.0312652657967
67.39,0.0037578637591742,-0.001161531058120837,-531.2654683302891
67.4,0.0037463503060239,-0.0011411210164241532,-530.8925270479639
67.41,0.0037350421173428,-0.0011204775158083422,-530.924145685677
67.42,0.003723941547289,-0.0010995965224375262,-530.2981619764197
67.4299999999999,0.003713050991192,-0.0010784742034924872,-528.9470356815044
67.44,0.00370237287951,-0.0010571070505566718,-527.5763611118083
67.45,0.0036919096795299,-0.0010354911464233623,-526.1591297087406
67.46,0.003681663900059,-0.0010136221498341803,-523.9186600416572
67.47,0.0036716380931548,-0.0009914961669091446,-521.1870230839884
67.48,0.0036618348464893,-0.0009691093859758367,-518.9744327557011
67.49,0.0036522567910014,-0.0009464568689216602,-515.8086710083041
67.5,0.0036429066091489,-0.000923534309020835,-512.0013574500525
67.51,0.0036337870187022,-0.0009003377231066566,-508.62443230105737
67.52,0.0036249007851782,-0.0008768619919266455,-504.74214283635735
67.53,0.0036162507260086,-0.0008531020643283297,-500.1578043844253
67.54,0.0036078397066313,-0.0008290533708183215,-495.42267150697177
67.55,0.0035996706380464,-0.0008047109663650154,-490.89838326417225
67.5599999999999,0.0035917464859788,-0.0007800688762891566,-485.53275455174025
67.57,0.0035840702767524,-0.0007551219056616588,-479.72102315969795
67.58,0.003576645081434,-0.0007298650435949984,-474.29412711092505
67.59,0.0035694740303674,-0.0007042918159308385,-468.3367838659168
67.6,0.0035625603201302,-0.0006783960243300028,-461.8182489073135
67.61,0.0035559072042337,-0.0006521720196924957,-455.2406373328196
67.62,0.003549517995284,-0.0006256135362591382,-448.90649329225414
67.63,0.0035433960739609,-0.0005987127892916576,-441.8209306283331
67.64,0.0035375449022989,-0.0005714631675783528,-434.33937546207096
67.65,0.0035319679950679,-0.0005438584651758437,-427.2553110217789
67.66,0.0035266689442494,-0.000515890379912503,-419.78422403349975
67.67,0.003521651425386,-0.0004875508418016849,-411.9032075070842
67.6799999999999,0.0035169191904332,-0.00045883248396001285,-403.94793081923183
67.69,0.0035124760655545,-0.00042972739334998743,-396.1545654926046
67.7,0.0035083259636726,-0.0004002258601674925,-387.93278301542296
67.71,0.0035044728985032,-0.0003703192535858361,-379.49062458224176
67.72,0.0035009209572429,-0.00033999932004333136,-371.2396937676133
67.73,0.0034976743245472,-0.000309255691095023,-362.8232899797313
67.74,0.0034947372904298,-0.0002780778614733169,-354.1845130311562
67.75,0.0034921142469298,-0.00024645622539914665,-345.50656550702536
67.76,0.0034898096796805,-0.00021438078929751623,-336.9670965232982
67.77,0.0034878281856007,-0.00018183886437081828,-328.22846982920277
67.78,0.0034861744945127,-0.00014881925126750101,-319.4206490203836
67.79,0.0034848534293119,-0.00011531137143833715,-310.7337025157033
67.8,0.0034838699395222,-8.130181382914404e-05,-302.003093158846
67.8099999999999,0.0034832291102493,-4.6776922516687e-05,-293.2516590392831
67.82,0.0034829361596714,-1.172454208584033e-05,-284.5547262664495
67.83,0.0034829964212075,2.3868083115814964e-05,-275.9195405382994
67.84,0.0034834153722381,6.0015630729195794e-05,-267.26365015710263
67.85,0.003484198640809,9.673570932499458e-05,-258.7445025483213
67.86,0.0034853520407959,0.00013404217112833634,-250.34158800198023
67.87,0.0034868814845509,0.00017194820069752376,-241.98267454559783
67.88,0.0034887930616379,0.00021047077709916866,-233.5213352701596
67.89,0.0034910930234613,0.000249630868860822,-225.38443053397887
67.9,0.0034937878588272,0.0002894451796458565,-217.5043360029441
67.91,0.003496884157802,0.00032992798946835766,-209.5173832872539
67.92,0.003500388714806,0.0003710993894333203,-201.59447845393353
67.9299999999999,0.0035043085125555,0.00041298092941332237,-193.85455894679532
67.94,0.0035086507701232,0.000455593868401671,-186.5217575934115
67.95,0.00351342288881,0.0004989561071266869,-179.2086615084945
67.96,0.0035186324606338,0.0005430883920874997,-171.9059861971086
67.97,0.0035242873037851,0.0005880145831500007,-164.65731186071622
67.98,0.0035303954828735,0.0006337604461808293,-157.95863265327267
67.99,0.0035369653167496,0.000680347423301664,-151.42599861185062
68.0,0.0035440053108081,0.000727797612398309,-144.8383032582049
68.01,0.0035515242364657,0.0007761374942249783,-138.12459237942383
68.02,0.0035595311271145,0.0008253979643166884,-132.11295681305447
68.03,0.0035680353478938,0.0008756042456825337,-126.4336658940951
68.04,0.0035770464465149,0.0009267800006999824,-120.5296688700385
68.05,0.003586574282187,0.0009789555239766593,-114.5956928394649
68.0599999999999,0.0035966290013761,0.001032164783353326,-109.19580480910263
68.07,0.0036072211239062,0.001086438219826671,-104.26851377219577
68.08,0.0036183614062661,0.0011418030094733618,-99.13953808521967
68.09,0.0036300609349278,0.0011982925591025022,-94.06776521913187
68.1,0.0036423311284121,0.0012559433343658252,-89.20436571370271
68.11,0.0036551837939819,0.0013147923834391972,-84.94208588325296
68.12,0.003668631078575,0.0013748717654999795,-80.68672564723401
68.13,0.0036826854502183,0.0014362167248566635,-76.38464414455757
68.14,0.0036973597664433,0.0014988672963266705,-72.11950285571271
68.15,0.0037126672899455,0.0015628666367449961,-68.46224086857828
68.16,0.0037286217208334,0.0016282524106200121,-64.98897594880746
68.17,0.0037452370889297,0.001695062567330847,-61.39894806355415
68.1799999999999,0.0037625278690425,0.001763341146467513,-57.75117009392076
68.19,0.0037805089675386,0.0018331370596041425,-54.665507048485935
68.2,0.0037991958121285,0.00190449372312165,-51.866598261055294
68.21,0.0038186041864652,0.001977452719639989,-48.8605166395657
68.22,0.0038387503736807,0.002052063439220023,-45.95010599414841
68.23,0.0038596511335994,0.0021283778237691934,-43.31871097409262
68.24,0.0038813237764957,0.0022064464040541733,-41.01141552273026
68.25,0.0039037860701329,0.002286316847131639,-38.6358662573402
68.26,0.0039270562974622,0.0023680420390291617,-36.33502371160651
68.27,0.0039511532796756,0.0024516776625658457,-34.15357818373151
68.28,0.0039760964081538,0.002537280780982496,-32.2546682825627
68.29,0.0040019056361578,0.0026249058576074654,-30.4199570787045
68.3,0.0040286014556019,0.002714609491166688,-28.605794210981756
68.3099999999999,0.0040562049563475,0.0028064519710975164,-26.887411975073476
68.32,0.0040847378307314,0.0029004952250816403,-25.349846508441477
68.33,0.0041142224006621,0.002996800276080794,-23.919082940887503
68.34,0.0041446815831089,0.0030954289302400173,-22.47315105723684
68.35,0.0041761389422378,0.003196447020351696,-21.349256142010823
68.36,0.0042086186917082,0.003299914668168307,-20.10445943607996
68.37,0.0042421456270143,0.0034058991631816813,-18.865231912288337
68.38,0.0042767453011407,0.00351447204885584,-17.861288675160328
68.39,0.004312443918116,0.0036257002419416346,-16.999748590638546
68.4,0.0043492683746591,0.0037396485459666624,-16.143848714309456
68.41,0.0043872461861285,0.0038563849185900053,-15.175100957844501
68.42,0.0044264056197247,0.003975985670600862,-14.373531945178003
68.4299999999999,0.00446677568841,0.004098523920871631,-13.760707924464946
68.44,0.004508386112439,0.004224066854359993,-13.309514968141364
68.45,0.0045512672573383,0.00435267712404253,-12.53787773441278
68.46,0.0045954501486279,0.004484435381149108,-11.846435760281128
68.47,0.0046409667230361,0.004619422866906681,-11.401738551344458
68.48,0.0046878495922835,0.004757708827032548,-11.420979461678952
68.49,0.0047361320625543,0.004899339328272474,-10.818121382970336
68.5,0.0047858478055296,0.005044396216494153,-10.104736571523611
68.51,0.0048370317096122,0.005192973932162516,-9.87189478890415
68.52,0.0048897192227674,0.005345137203705019,-10.131081283178677
68.53,0.0049439465285972,0.005500918312265871,-9.827348487401943
68.54,0.004999749892965,0.005660386514241638,-9.122952374325175
68.55,0.0050571668737211,0.005823644727352478,-9.042691187777047
68.5599999999999,0.0051162356020496,0.005990751227075052,-9.242555664847567
68.57,0.0051769948339917,0.006161737920451688,-9.417729617707915
68.58,0.0052394834278808,0.006336637462641644,-8.87246104461952
68.59,0.0053037409299165,0.0065155439189942205,-8.64380333011329
68.6,0.005369807873931,0.006698527607986674,-8.857007521456197
68.61,0.005437725132114,0.006885611166528324,-9.49147496652678
68.62,0.0055075337325024,0.007076773717328293,-9.110194825623353
68.63,0.0055792744585043,0.007272090550461661,-8.702426792464475
68.64,0.005652989638974,0.007471646908005843,-8.914301265173826
68.65,0.0057287215178314,0.007675451536683325,-9.97665962794901
68.66,0.0058065125781585,0.007883412401084117,-9.779117021577084
68.67,0.0058864037875783,0.008095572587830007,-9.159062988564184
68.6799999999999,0.0059684383088191,0.008312034603157568,-9.624099319702998
68.69,0.0060526586525766,0.00853275837498415,-10.503391589925613
68.7,0.006139107345766,0.008757634660429961,-10.852657463242393
68.71,0.0062278250781554,0.008986616662432532,-10.347392862569457
68.72,0.0063188535541979,0.009219775602750864,-10.668457966736561
68.73,0.0064122343205399,0.009457064491454132,-11.304188035274514
68.74,0.0065080082125119,0.009698369140004196,-12.18260248685089
68.75,0.0066062146056929,0.00994352976393003,-12.192939973957845
68.76,0.0067068915386214,0.010192511676734966,-12.239990781757706
68.77,0.0068100773577443,0.010445270150480841,-13.310037966194502
68.78,0.0069158088277149,0.01070158571818335,-13.739769704239887
68.79,0.0070241205003832,0.01096132648012665,-13.97094849182278
68.8,0.0071350463935506,0.011224390743302493,-14.719487291508406
68.8099999999999,0.0072486187068147,0.011490577236247497,-15.569290778965476
68.82,0.0073648675899706,0.01175965415402916,-16.114997018510913
68.83,0.0074838208033935,0.012031436309158304,-16.567257613207385
68.84,0.0076055046676975,0.012305743909895004,-17.879145302852177
68.85,0.0077299429715309,0.01258223298791587,-18.81879460722694
68.86,0.0078571556658824,0.012860616435923318,-19.38514202112243
68.87,0.0079871608303228,0.013140673881355829,-20.517479197990955
68.88,0.0081199735657219,0.013422070806584916,-22.14195216749872
68.89,0.0082556053044842,0.013704375392022447,-23.274480127534776
68.9,0.0083940629623834,0.013987246034956715,-24.35469452377546
68.91,0.0085353509565721,0.014270353334207562,-26.200132099373818
68.92,0.0086794692582303,0.014553228745952496,-27.935507935967532
68.9299999999999,0.0088264132711545,0.014835426435377512,-29.731675625557504
68.94,0.0089761740295283,0.015116502071813321,-31.829216178418843
68.95,0.0091287379547108,0.015395972795314954,-34.07007633359637
68.96,0.0092840864780631,0.015673346823723407,-36.65899259745936
68.97,0.0094421961239951,0.015948095554624214,-39.63882566127008
68.98,0.0096030377649559,0.016219655985020773,-42.73939450476132
68.99,0.0097665767832983,0.016487482186624942,-46.266467262683136
69.0,0.0099327730342862,0.01675100320016333,-50.45925447595759
69.01,0.0101015804162425,0.017009597248438327,-55.24916006639546
69.02,0.0102729464444899,0.017262623467085042,-59.9829426303094
69.03,0.0104468123951153,0.017509514942369128,-66.03873303818746
69.04,0.0106231140492184,0.01774960648367502,-73.45396801027502
69.05,0.0108017794609862,0.01798216384144174,-80.76520342695295
69.0599999999999,0.0109827301934161,0.01820657937307502,-88.8066728095323
69.07,0.0111658818877239,0.018422268522580863,-99.69343265410866
69.08,0.011351143938351,0.018628472575416593,-112.92518468282074
69.09,0.0115384171977557,0.018824389158695037,-123.3258124807639
69.1,0.0117275959646205,0.01900961142008334,-138.7999170818539
69.11,0.0119185713988365,0.01918344963680495,-159.57610529545536
69.12,0.0121112241765874,0.019345011148025903,-178.4331765377212
69.13,0.0123054289370743,0.01949375292386086,-197.94342472531176
69.14,0.0125010549327598,0.019629240561305758,-225.1576604922691
69.15,0.0126979670973524,0.019750739585596793,-257.8794276546558
69.16,0.0128960205914555,0.019857437811091654,-282.65349925297016
69.17,0.0130950654563683,0.019949041941618288,-314.045423119498
69.1799999999999,0.013294949267556,0.020025024079050897,-352.19918291075595
69.19,0.0134955114731622,0.020084631661014946,-383.6002081715647
69.2,0.0136965858363206,0.02012738476393247,-403.88187525520016
69.21,0.0138980022071633,0.020153088751760712,-428.45587878709784
69.22,0.0140995889678929,0.020161210148682447,-449.4679667301937
69.23,0.0143011658755293,0.020151105962806726,-445.6524087471609
69.24,0.0145025499654067,0.020122669321070045,-435.47542811405225
69.25,0.0147035574717369,0.020075718896644196,-422.3417340565408
69.26,0.0149040014190253,0.020009869131969157,-397.0079833682639
69.27,0.0151036912368808,0.019924916675019166,-364.6247526659941
69.28,0.0153024357907216,0.019820779648482372,-331.7919490680006
69.29,0.015500042444305,0.019697318312890098,-297.5857428867328
69.3,0.015696317520601,0.019554456841293352,-264.1700275173847
69.3099999999999,0.0158910668783692,0.019392176899758275,-233.16235942306437
69.32,0.01608409644228,0.01921049385832588,-203.9448208491121
69.33,0.016275212589766,0.019009557324360025,-178.43344588914727
69.34,0.0164642239487763,0.018789530081099026,-156.8287044477875
69.35,0.0166509400514164,0.01855053585067907,-136.82642931954152
69.36,0.0168351725257513,0.018292894688114354,-119.94475049430649
69.37,0.0170167369034845,0.01801694002602827,-105.78203980669036
69.38,0.0171954514027474,0.017722994686184223,-93.34032809362475
69.39,0.0173711382642618,0.017411480084306038,-82.70232107342095
69.4,0.0175436240496276,0.01708286940872815,-73.41832976693907
69.41,0.0177127404684094,0.01673771910963839,-66.14202961863796
69.42,0.0178783247068808,0.016376428425579972,-59.41548580311053
69.4299999999999,0.0180402172291308,0.015999575078914918,-53.24726108556717
69.44,0.0181982667243292,0.015607911803827673,-48.845060150389685
69.45,0.0183523275985268,0.015201860700569282,-44.511691333378074
69.46,0.0185022582455895,0.01478208199213668,-40.55830529785103
69.47,0.0186479261151449,0.014349376980467404,-37.40661489285899
69.48,0.0187892050182176,0.013904432683896698,-34.547115091754975
69.49,0.0189259765418955,0.013448018041758963,-32.059620292538376
69.5,0.0190581297375267,0.012980920177640763,-30.035313799186092
69.51,0.0191855617046066,0.012503832746452316,-28.117712993061982
69.52,0.0193081758985895,0.012017586444736685,-26.327142540665392
69.53,0.0194258859008236,0.011523117822688386,-25.136522331377922
69.54,0.0195386129338943,0.011021023997893262,-23.84340327044117
69.55,0.0196462838483224,0.010512157279339227,-22.612972560073306
69.5599999999999,0.0197488365988327,0.009997487171345121,-21.857418891758385
69.57,0.0198462163468101,0.009477618493209985,-21.011280530763283
69.58,0.0199383744612345,0.008953389411130656,-20.23282368202526
69.59,0.0200252725283516,0.00842570686395815,-19.73873673344223
69.6,0.020106879321829,0.007895225471754325,-19.21985370274367
69.61,0.0201831704078911,0.007362752853800735,-18.77200575526913
69.62,0.02025413044094,0.006829119709217373,-18.50341893602547
69.63,0.0203197511387835,0.006294975700870913,-18.23584845675962
69.64,0.0203800308038621,0.005761087279909967,-18.033487071276898
69.65,0.0204349762271634,0.005228222902854367,-17.973929345225343
69.66,0.02048460067439,0.004696970241599112,-17.919189272599628
69.67,0.0205289233546642,0.0041680367403325895,-17.926915474527284
69.6799999999999,0.0205679713948766,0.0036421202014959185,-18.052031847040496
69.69,0.0206017775822163,0.0031197401799674144,-18.196583763746123
69.7,0.0206303800706273,0.002601524648406482,-18.405138751157896
69.71,0.0206538239390737,0.002088085336659906,-18.7050707607243
69.72,0.020672159291927,0.0015798953353417938,-19.051398711986323
69.73,0.0206854411122147,0.0010774890825384089,-19.467264219497576
69.74,0.0206937300155143,0.0005813771267315984,-19.96077998428463
69.75,0.0206970910378675,9.197928670003307e-05,-20.523581928143464
69.76,0.0206955934419416,-0.000390262154274385,-21.165383472976007
69.77,0.0206893110092291,-0.0008649308376491629,-21.888196697221236
69.78,0.02067832124492,-0.001331671692228996,-22.699940337946135
69.79,0.0206627051622126,-0.001790132299529385,-23.606086826226875
69.8,0.0206425472688771,-0.002239985958496736,-24.610086773215617
69.8099999999999,0.0206179350768294,-0.002680945532270637,-25.722645949467672
69.82,0.020588958876874,-0.003112745656982709,-26.952547046611908
69.83,0.0205557114900603,-0.0035351442097952017,-28.313182611258437
69.84,0.0205182880535622,-0.003947918672505697,-29.80167065334283
69.85,0.0204767857955104,-0.004350886091919037,-31.440157279356807
69.86,0.0204313035611755,-0.004743883291508389,-33.264043421697515
69.87,0.020381941881997,-0.0051267473896739945,-35.23386506722338
69.88,0.020328802740436,-0.005499370650902634,-37.40073258788527
69.89,0.0202719889163553,-0.005861660134257648,-39.83446011769701
69.9,0.0202116043141502,-0.006213507892521581,-42.43005449838568
69.91,0.0201477536878215,-0.006554874148451736,-45.2712033377245
69.92,0.0200805418592682,-0.006885735634064999,-48.525065342384245
69.9299999999999,0.0200100741751135,-0.007206027176119914,-51.95393038803854
69.94,0.019936456488574,-0.007515762607439939,-55.6496967598144
69.95,0.0198597939834023,-0.007814987322783424,-59.997953852999466
69.96,0.0197801918384714,-0.008103672604144244,-64.52898071797043
69.97,0.0196977554530267,-0.008381875578756533,-69.32329700086207
69.98,0.0196125889580665,-0.008649699300524184,-75.09967172671976
69.99,0.0195247960096139,-0.00890714992072443,-81.06529077539571
70.0,0.0194344802072319,-0.009154319558729123,-87.27128751211312
70.01,0.0193417434368368,-0.009391354621351555,-94.83113734891286
70.02,0.0192466867228972,-0.009618298424789203,-102.6191479578508
70.03,0.0191494106894985,-0.009835269093391805,-110.62727832513063
70.04,0.0190500140395002,-0.01004243923563089,-120.21527181991036
70.05,0.0189485942608678,-0.010239897497063267,-130.25919506055138
70.0599999999999,0.0188452480021273,-0.010427775208366718,-140.42591569543376
70.07,0.0187400700901629,-0.01060625846886915,-152.11147374375597
70.08,0.018633153698865,-0.010775481231415097,-164.68748875163877
70.09,0.0185245908510337,-0.01093558149018161,-177.0702240877482
70.1,0.0184144718368635,-0.011086754207531638,-190.63360052734686
70.11,0.0183028849729727,-0.011229167706285043,-205.52986806826095
70.12,0.0181899171792808,-0.011362965686188456,-219.65300138396736
70.13,0.0180756537151263,-0.011488347567598263,-234.21668060205505
70.14,0.0179601776564349,-0.011605505637958188,-250.41162975351446
70.15,0.0178435704983173,-0.011714588983060785,-264.9404922463934
70.16,0.0177259121213638,-0.01181579817611823,-278.7580980897458
70.17,0.0176072801125248,-0.011909339923169988,-294.2385200757113
70.1799999999999,0.0174877503512291,-0.011995368014013335,-306.9362142930465
70.19,0.0173673971280201,-0.012074081754545116,-317.55688402653976
70.2,0.0172462924070078,-0.012145694506670874,-329.6604229844234
70.21,0.0171245063692998,-0.012210363516252515,-337.9656602231357
70.22,0.0170021076222672,-0.012268284841964947,-343.04800839612244
70.23,0.0168791624720456,-0.012319672474124955,-349.4650511599577
70.24,0.01675573541001,-0.012364685441359121,-351.59175640969244
70.25,0.0166318893681372,-0.012403514985755612,-350.1509729178247
70.26,0.0165076850439631,-0.012436369688213593,-349.77497849400316
70.27,0.0163831813419611,-0.012463411968414967,-345.7695431670589
70.28,0.0162584355631868,-0.012484824927960799,-338.64647140594013
70.29,0.0161335029581366,-0.012500806886405128,-331.941273202561
70.3,0.0160084369647224,-0.012511527208246536,-323.63478668013835
70.3099999999999,0.0158832893806145,-0.012517155776976761,-312.82821401498103
70.32,0.0157581102079996,-0.012517878167824075,-301.83645154737536
70.33,0.0156329475975914,-0.01251386846945832,-291.27054968711576
70.34,0.0155078480806765,-0.012505284540555942,-278.8935737641153
70.35,0.0153828565783647,-0.01249229944506244,-266.1995476847445
70.36,0.0152580161990527,-0.012475084855842464,-254.96517418641875
70.37,0.0151333684780085,-0.012453790070247566,-242.67001717924688
70.38,0.015008953460528,-0.012428576275660876,-230.1934294851694
70.39,0.0148848094785968,-0.012399607194546716,-219.37669139327969
70.4,0.0147609733568384,-0.012367025401298332,-208.11048745284467
70.41,0.0146374805118373,-0.012330981127625767,-196.93170608523107
70.42,0.0145143647746078,-0.012291626577974989,-187.02458003197734
70.4299999999999,0.0143916585560671,-0.01224909939652339,-177.27272257519405
70.44,0.0142693929000338,-0.012203538260352448,-167.76581185057216
70.45,0.0141475974428281,-0.012155082506922483,-159.00550866573812
70.46,0.0140263004599381,-0.012103864456475065,-150.80557464894275
70.47,0.0139055289361322,-0.012050011839884233,-142.86847053413322
70.48,0.0137853085812436,-0.01199365238467581,-135.4249923433216
70.49,0.0136656638340582,-0.011934910057716588,-128.5645542962829
70.5,0.0135466179295072,-0.011873903219131683,-121.99112999662411
70.51,0.013428192929167,-0.011810749036850011,-115.810955396117
70.52,0.0133104097284098,-0.011745561608269221,-110.06288810486781
70.53,0.013193288109701,-0.011678450865030865,-104.6377460308108
70.54,0.0130768467667715,-0.01160952399362411,-99.56624644551701
70.55,0.0129611033398643,-0.011538884639141714,-94.8341655279239
70.5599999999999,0.0128460744489511,-0.011466632975791683,-90.22108222069262
70.57,0.0127317757238348,-0.011392869109703345,-86.03358219131258
70.58,0.0126182217956305,-0.011317687314571603,-82.20625414072244
70.59,0.0125054264064639,-0.01124117688383329,-78.42924028979532
70.6,0.0123934023877325,-0.011163427731469992,-74.75005621381511
70.61,0.0122821616867108,-0.011084529215051766,-71.53713735861565
70.62,0.0121717153653821,-0.01100456279147172,-68.6246555987093
70.63,0.0120620737334669,-0.010923605141903306,-65.48990823845925
70.64,0.0119532462967579,-0.010841737852646666,-62.610647038401034
70.65,0.0118452417547456,-0.010759038229318367,-60.172082695567326
70.66,0.0117380680779293,-0.010675575170690944,-57.855659973916374
70.67,0.0116317325703563,-0.010591415696685756,-55.16299273634994
70.6799999999999,0.0115262418421264,-0.010506634092582491,-52.993230793782224
70.69,0.0114216017519247,-0.010421294485750035,-51.19155131101741
70.7,0.0113178176215864,-0.010335453574203315,-49.106153451684335
70.71,0.0112148941443263,-0.010249173466087523,-46.96021082046732
70.72,0.0111128354102436,-0.010162517284023403,-45.28525563206181
70.73,0.0110116448771128,-0.010075538279629941,-43.87513153808104
70.74,0.0109113255579612,-0.009988284303564078,-41.96545717208432
70.75,0.0108118799196227,-0.009900812368634123,-40.258174701850656
70.76,0.0107133098667505,-0.009813175035777534,-39.06536716931613
70.77,0.0106156168316633,-0.009725413980293402,-37.84786598997509
70.78,0.0105188018585793,-0.009637570765234988,-36.31511087729311
70.79,0.0104228655318883,-0.009549692894039166,-34.662607192280866
70.8,0.0103278079603787,-0.009461829075055907,-33.75651172346484
70.8099999999999,0.0102336287933432,-0.009374012771573223,-32.939398901986394
70.82,0.0101403274392252,-0.009286275016538394,-31.619991464645786
70.83,0.0100479028952491,-0.009198656178572594,-30.015057639718815
70.84,0.0099563537776105,-0.009111200936673291,-29.263392830791844
70.85,0.0098656782418543,-0.009023936886019896,-28.77541990368208
70.86,0.0097758743244676,-0.00893688601793327,-27.629130786126424
70.87,0.0096869396964283,-0.008850082072905854,-26.14106914801284
70.88,0.0095988717363545,-0.008763564161350868,-25.45986997480359
70.89,0.0095116673856982,-0.008677355544483385,-25.17954267566706
70.9,0.0094253235379889,-0.008591471708679101,-24.18143076446324
70.91,0.0093398367748415,-0.008505940293009948,-22.87024295903721
70.92,0.0092552034545424,-0.008420793792048397,-22.204607009822002
70.9299999999999,0.0091714195532874,-0.008336052173070832,-22.03657784556619
70.94,0.0090884810206019,-0.00825172640941749,-21.166348375401746
70.95,0.009006383564086,-0.008167838573980768,-20.122654783691083
70.96,0.0089251227100613,-0.008084413358885807,-19.380618215709006
70.97,0.0088446936978403,-0.00800146910502255,-19.20319584749572
70.98,0.0087650916937026,-0.007919014444989183,-18.606984679133625
70.99,0.0086863117258191,-0.007837064098602475,-17.69267593779725
71.0,0.0086083486672904,-0.007755637531753332,-16.889222697877877
71.01,0.008531197178375,-0.0076747513182683115,-16.715088992930607
71.02,0.0084548518179602,-0.007594411741265782,-16.338170701828137
71.03,0.0083793070893697,-0.0075146276383834115,-15.537434274795592
71.04,0.0083045573641999,-0.007435413921386642,-14.68265929164906
71.05,0.0082305968648986,-0.007356785328738368,-14.493399067877844
71.0599999999999,0.0081574196927578,-0.007278746289864225,-14.303786236340077
71.07,0.0080850199572815,-0.0072013008682675645,-13.578351434751411
71.08,0.0080133916580468,-0.007124460441280797,-12.620139692944587
71.09,0.0079425286914027,-0.0070482386552099836,-12.50561471740201
71.1,0.0078724248186811,-0.006972637054093329,-12.5088190732758
71.11,0.0078030738809811,-0.006897655279813348,-11.90173073491975
71.12,0.0077344696211652,-0.006823300742238346,-11.13198173874199
71.13,0.0076666057448531,-0.006749582936441651,-10.375613517691672
71.14,0.0075994758187257,-0.006676509789409231,-10.621176841163294
71.15,0.0075330734138381,-0.006604076680349114,-10.37716162221032
71.16,0.0074673921477743,-0.006532284293809971,-10.012520114557452
71.17,0.0074024255788838,-0.006461135556467501,-8.715998129309302
71.1799999999999,0.0073381672543485,-0.006390643185708345,-8.514219539755192
71.19,0.0072746105332078,-0.006320806490573328,-9.097355852549809
71.2,0.0072117489646513,-0.006251616130404971,-8.295629431039606
71.21,0.007149576040175,-0.00618307719303586,-8.032603846144431
71.22,0.0070880852457347,-0.006115190055535832,-6.91839876897611
71.23,0.0070272700450393,-0.006047962645044173,-6.97056435534665
71.24,0.00696712381023,-0.005981390413049999,-7.3023707945961345
71.25,0.0069076400735427,-0.005915465966237507,-6.607703216275804
71.26,0.0068488123233279,-0.005850191850719176,-6.123033877085435
71.27,0.006790634065771,-0.00578556897900163,-5.4291977335379205
71.28,0.0067330987701427,-0.0057215992164275,-5.619505981154254
71.29,0.0066761999255413,-0.00565827602856918,-5.55238694045621
71.3,0.0066199311074616,-0.005595595009773295,-5.17813245751723
71.3099999999999,0.0065642858877505,-0.005533554841204136,-4.347211816559693
71.32,0.0065092578689891,-0.005472157874706689,-4.076930424840157
71.33,0.0064548405987058,-0.005411401037363353,-4.448311120281481
71.34,0.0064010277400688,-0.005351275922425789,-3.986104015197622
71.35,0.0063478129808717,-0.0052917806556208235,-3.7876040133431186
71.36,0.0062951900370074,-0.00523291186343088,-2.855062370522467
71.37,0.0062431526528891,-0.005174671227532482,-2.886542042085764
71.38,0.0061916945398197,-0.005117052704124974,-3.2525466223969413
71.39,0.006140809550674,-0.0050600478143009095,-2.686889610667644
71.4,0.0060904915437816,-0.005003654851423329,-2.3040854817589413
71.41,0.0060407344223004,-0.004947871194088307,-1.575586562040756
71.42,0.0059915320950017,-0.004892695905230003,-1.911639185651761
71.4299999999999,0.0059428785037254,-0.004838120630569213,-2.0449390303596022
71.44,0.0058947677038092,-0.004784138406927523,-1.5300558372801252
71.45,0.0058471937684287,-0.004730746512385832,-1.5485870286956294
71.46,0.0058001508214594,-0.004677939471989137,-0.2229730003471579
71.47,0.0057536330264133,-0.004625719438523367,-0.5266611302166365
71.48,0.0057076345043247,-0.004574078272478363,-1.3313756113217048
71.49,0.0056621495639739,-0.004523005084249108,-0.4318946858927189
71.5,0.0056171725146416,-0.004472498748183332,-0.6308707154596165
71.51,0.0055726977190584,-0.00442255269931999,0.46371216018115957
71.52,0.0055287195947827,-0.004373167064837507,0.6733836044652428
71.53,0.0054852325290211,-0.004324336740793325,-0.19409848959805812
71.54,0.0054422310421237,-0.004276050996405787,0.27262656890572623
71.55,0.0053997097066816,-0.004228305999569167,0.43497391182959083
71.5599999999999,0.0053576631356354,-0.004181096807643353,0.8073711422497218
71.57,0.005316085997063,-0.004134419565165021,1.5214668142108465
71.58,0.0052749729820921,-0.00408827168672247,1.0437372002819276
71.59,0.005234318826155,-0.004042644841412493,0.8042536357426648
71.6,0.0051941183707781,-0.0039975319152675175,1.3060766195996905
71.61,0.0051543664875205,-0.0039529292487199925,1.2522665730039604
71.62,0.0051150581028482,-0.003908831104984986,2.116104030985651
71.63,0.0050761881925622,-0.003865235384292471,1.8946874863909424
71.64,0.0050377517437099,-0.0038221352580150077,1.3396725181029578
71.65,0.0049997438605292,-0.00377952267052668,1.9111688769359818
71.66,0.004962159677546,-0.003737394112619974,1.76592119153873
71.67,0.0049249943837142,-0.0036957436330525392,2.386960555938875
71.6799999999999,0.0048882432227043,-0.0036545680716442153,2.4784660688101305
71.69,0.0048519014577619,-0.0036138621413916144,1.934385713855847
71.7,0.0048159644385249,-0.003573618294788345,2.171969816345391
71.71,0.004780427567246,-0.0035338318413666594,2.2099251064423613
71.72,0.0047452862939517,-0.0034944976243307772,2.4163418690515517
71.73,0.0047105361221403,-0.0034556111445233437,2.8516985207641232
71.74,0.004676172592599,-0.0034171685366808317,2.4425522306070415
71.75,0.0046421912937672,-0.0033791631552324863,2.201245707966909
71.76,0.0046085878913686,-0.00334158899763003,2.472775363431338
71.77,0.004575358090925,-0.0033044417714566798,2.3456102929293148
71.78,0.004542497649577,-0.003267716224607492,3.0244684520694456
71.79,0.0045100023720092,-0.003231409367821696,2.6797824248247015
71.8,0.0044778680869951,-0.0031955151610175044,2.0615069719395036
71.8099999999999,0.0044460907144084,-0.003160026922971691,2.485719871296631
71.82,0.0044146662080927,-0.0031249409468725254,2.307318580122774
71.83,0.0043835905715466,-0.003090252076074143,2.316558638908699
71.84,0.0043528598577254,-0.0030559557350183465,2.81693944513565
71.85,0.0043224701605989,-0.0030220485673291735,2.339045754826423
71.86,0.0042924176087133,-0.002988524703308341,1.8178519313513817
71.87,0.0042626984075293,-0.002955378291579146,2.12049335487272
71.88,0.0042333087975656,-0.0029226055722691617,1.8792772526594412
71.89,0.0042042450664068,-0.002890201667670833,1.9550893652599648
71.9,0.0041755035484056,-0.0028581624826383234,2.1687515090705274
71.91,0.0041470806143698,-0.002826484208848343,1.6287093055103135
71.92,0.0041189726791862,-0.0027951613906700016,1.280869261845744
71.9299999999999,0.0040911762177134,-0.0027641890941116653,1.3803891966088944
71.94,0.0040636877420348,-0.002733563433463293,1.1071870470971097
71.95,0.004036503808452,-0.002703279880451664,1.1339508936473803
71.96,0.0040096210171106,-0.002673334550329206,1.044972951515239
71.97,0.003983036003974,-0.0026437233471441647,0.5503553957142445
71.98,0.0039567454522503,-0.0026144414505524967,0.32567166089291777
71.99,0.0039307460912269,-0.0025854846358266455,0.19028052023109204
72.0,0.0039050346892001,-0.0025568489377308257,-0.11036391852012982
72.01,0.0038796080558716,-0.002528530180463326,-0.24236593162114228
72.02,0.0038544630419356,-0.0025005245395641525,-0.5051785919781503
72.03,0.0038295965347665,-0.002472828014800008,-0.9264207154024641
72.04,0.003805005465107,-0.0024454364088341758,-1.1839159376431054
72.05,0.0037806868030188,-0.0024183458677416573,-1.4877394560701482
72.0599999999999,0.0037566375570141,-0.002391552544789997,-1.824457994408412
72.07,0.0037328547741523,-0.0023650526060958383,-2.1756013174201407
72.08,0.0037093355395498,-0.002338842262945825,-2.5448230529590274
72.09,0.0036860769760359,-0.0023129177691883296,-2.927805413123925
72.1,0.0036630762436364,-0.0022872754278225266,-3.324911890334479
72.11,0.0036403305391477,-0.0022619115860516657,-3.790168310652093
72.12,0.0036178370957829,-0.002236822566719161,-4.2162124057171235
72.13,0.0035955931835341,-0.002212004820394995,-4.639379691484909
72.14,0.0035735961067339,-0.0021874548688050107,-5.1440036611076145
72.15,0.0035518432052031,-0.0021631691935816663,-5.637864416225029
72.16,0.0035303318533915,-0.002139144354410023,-6.172167488084733
72.17,0.0035090594600247,-0.0021153769313191594,-6.701990822551629
72.1799999999999,0.0034880234678359,-0.0020918635790683174,-7.247339419990657
72.19,0.0034672213525166,-0.002068601000797522,-7.832717908497057
72.2,0.0034466506228149,-0.0020455859179733245,-8.438757393537372
72.21,0.0034263088199524,-0.00202281509181581,-9.091370411648636
72.22,0.0034061935174791,-0.002000285300975005,-9.711937627500607
72.23,0.0033863023208481,-0.0019779934285724782,-10.356422216464189
72.24,0.0033666328660975,-0.0019559363973875323,-11.046952824924933
72.25,0.0033471828203283,-0.001934111139809172,-11.817357239864853
72.26,0.0033279498810072,-0.0019125145641074803,-12.639714466086208
72.27,0.0033089317769028,-0.001891143602416686,-13.307250253555539
72.28,0.0032901262663864,-0.0018699954120783274,-14.05992825834233
72.29,0.0032715311356519,-0.0018490671296366643,-14.901556209768382
72.3,0.0032531442004494,-0.0018283558557425153,-15.863548410631333
72.3099999999999,0.0032349633049632,-0.0018078586382133356,-16.80228091913334
72.32,0.0032169863235659,-0.0017875726267308361,-17.557856675526782
72.33,0.0031992111571695,-0.0017674952020474899,-18.498951555128578
72.34,0.0031816357333075,-0.0017476236427066757,-19.471901978359828
72.35,0.0031642580071417,-0.0017279552438216664,-20.62927423575172
72.36,0.0031470759604683,-0.0017084872099775174,-21.667959293715622
72.37,0.0031300876037145,-0.0016892169213233248,-22.564891160490546
72.38,0.0031132909710872,-0.0016701419339000018,-23.727535526087827
72.39,0.0030966841226517,-0.0016512596539733657,-24.816440933661866
72.4,0.0030802651440339,-0.001632567583396664,-26.238501126481196
72.41,0.0030640321457649,-0.001614063042038328,-27.374701698261266
72.42,0.0030479832660004,-0.0015957436390133268,-28.388011796370954
72.4299999999999,0.0030321166634283,-0.0015776071286024978,-29.82352909630982
72.44,0.0030164305220227,-0.001559651022905019,-31.04667320062662
72.45,0.0030009230493756,-0.0015418730169816618,-32.697535971552675
72.46,0.0029855924763274,-0.0015242705837208218,-34.06092818089236
72.47,0.0029704370599037,-0.0015068414646724967,-35.21801471421041
72.48,0.002955455076294,-0.001489583593619152,-36.84374930412636
72.49,0.0029406448248691,-0.0014724946589924856,-38.29398036095624
72.5,0.0029260046272849,-0.0014555724926275122,-40.16721889510319
72.51,0.00291153282691,-0.0014388147298108262,-41.809702102702424
72.52,0.0028972277917365,-0.0014222192222924901,-43.14988652333821
72.53,0.0028830879080592,-0.0014057840596916628,-44.96659025983525
72.54,0.0028691115831536,-0.0013895071081692027,-46.69833869655491
72.55,0.0028552972454098,-0.001373386316000022,-48.773254628212925
72.5599999999999,0.0028416433435216,-0.0013574194980232944,-50.736525258346596
72.57,0.0028281483489232,-0.0013416046054566591,-52.33379023926266
72.58,0.0028148107510236,-0.0013259398463225038,-54.343855838442366
72.59,0.0028016290580806,-0.0013104232632633393,-56.39845484552785
72.6,0.0027886017983395,-0.00129505291266752,-58.682565287333766
72.61,0.002775727519042,-0.0012798267869658304,-60.99034573978735
72.62,0.0027630047882349,-0.001264742939147485,-62.90546974973439
72.63,0.0027504321916797,-0.0012497996745383121,-65.13803811238172
72.64,0.0027380083321388,-0.0012349951979041681,-67.53950450670828
72.65,0.0027257318312178,-0.0012203276746383352,-70.0767891588458
72.66,0.0027136013282882,-0.0012057952548258006,-72.76439312243511
72.67,0.0027016154818315,-0.0011913960906066927,-75.02480457296066
72.6799999999999,0.0026897729676275,-0.0011771285848100085,-77.5200362053904
72.69,0.002678072476805,-0.0011629910886233248,-80.30324316132807
72.7,0.0026665127182534,-0.001148981872255837,-83.14466601017897
72.71,0.0026550924174735,-0.0011350992239025134,-86.27671922304454
72.72,0.0026438103176462,-0.0011213413811750317,-88.90235521782667
72.73,0.0026326651788157,-0.0011077068484225017,-91.69178250004272
72.74,0.002621655774732,-0.0010941941147433341,-94.91122924433803
72.75,0.0026107808959706,-0.0010808015444299765,-98.12786248861208
72.76,0.0026000393486546,-0.0010675275391158114,-101.8367422275625
72.77,0.0025894299555281,-0.0010543703884141667,-104.76235038890628
72.78,0.0025789515558859,-0.001041328735952498,-107.82146271202045
72.79,0.0025686030004307,-0.001028401223047504,-111.65236849779033
72.8,0.0025583831561897,-0.0010155862639033458,-115.06985768301651
72.8099999999999,0.0025482909047242,-0.0010028824511308329,-119.105321690569
72.82,0.0025383251419023,-0.0009902882150108244,-123.39163432156104
72.83,0.0025284847802672,-0.0009778019744908183,-126.60245665463832
72.84,0.002518768746335,-0.0009654225686591666,-130.31461230374768
72.85,0.0025091759771247,-0.0009531487179916829,-134.7918600992186
72.86,0.0024997054250014,-0.0009409789417266518,-138.74695382535148
72.87,0.0024903560557574,-0.0009289119527274904,-143.7215270085071
72.88,0.0024811268484038,-0.0009169462058374912,-148.46255379825126
72.89,0.0024720167986712,-0.0009050803024374855,-152.10661229571986
72.9,0.0024630249130123,-0.00089331322896083,-156.76642461158275
72.91,0.0024541502089179,-0.0008816437194491796,-161.84637445832524
72.92,0.0024453917178527,-0.0008700704268141756,-166.48199406870006
72.9299999999999,0.0024367484837283,-0.0008585921615933282,-172.42253658098798
72.94,0.0024282195627132,-0.0008472074326841593,-177.59408442654043
72.95,0.0024198040271931,-0.0008359150334416494,-181.91662812428348
72.96,0.0024115009574932,-0.0008247140368908446,-187.69320543442666
72.97,0.0024033094459813,-0.0008136031784150241,-193.3823749593606
72.98,0.0023952285974457,-0.0008025812549858137,-198.81825449410113
72.99,0.0023872575282229,-0.0007916471635407984,-205.82620731503695
73.0,0.0023793953660243,-0.0007807994689316746,-211.5247590029335
73.01,0.002371641254235,-0.0007700371332766824,-216.64047292106906
73.02,0.0023639943418143,-0.0007593593064375028,-223.64829066800053
73.03,0.0023564537905361,-0.0007487647331883441,-230.0307713428856
73.04,0.0023490187732056,-0.0007382523421750067,-236.51112483954944
73.05,0.002341688473348,-0.0007278210819475044,-244.43261301572534
73.0599999999999,0.0023344620853705,-0.0007174696334450153,-250.9353247403131
73.07,0.002327338817689,-0.0007071970670741797,-257.1325753294086
73.08,0.002320317883947,-0.0006970025659633043,-265.1947712442471
73.09,0.0023133985100089,-0.0006868849542658161,-272.51476925406666
73.1,0.0023065799318453,-0.0006768432517899954,-280.22052714799827
73.11,0.0022998613953873,-0.0006668764428758396,-289.090198633955
73.12,0.002293242157189,-0.0006569833305824913,-296.560715688748
73.13,0.0022867214859036,-0.0006471630728125155,-304.02674808039524
73.14,0.0022802986556456,-0.0006374148740908623,-313.1654727311655
73.15,0.0022739729517776,-0.0006277376521933305,-321.52363354657155
73.16,0.0022677436690719,-0.0006181305094408176,-330.9723610833055
73.17,0.0022616101115772,-0.0006085923780774715,-341.46630112658386
73.1799999999999,0.0022555715951753,-0.0005991220701333515,-348.96439416273
73.19,0.0022496274459741,-0.0005897190378525198,-357.4651807047752
73.2,0.0022437769926631,-0.0005803825833241535,-368.4539557951252
73.21,0.0022380195760219,-0.0005711115854233186,-378.10915264278674
73.22,0.0022323545455566,-0.0005619052048158175,-388.2124466620547
73.23,0.0022267812593729,-0.0005527625878941772,-398.56346525391166
73.24,0.002221299084049,-0.0005436828937691685,-408.04399504816007
73.25,0.0022159073945084,-0.0005346654153100038,-424.446593323409
73.26,0.0022106055738929,-0.0005257083257425091,-433.62537202092807
73.27,0.0022053930279613,-0.0005168111699499858,-439.36745658756666
73.28,0.0022002691507613,-0.0005079741093141816,-454.4149486959443
73.29,0.0021952333498496,-0.0004991957790083264,-466.14595404717096
73.3,0.002190285042117,-0.0004904753544883087,-478.05096612904026
73.3099999999999,0.0021854236522879,-0.00048181206964167673,-490.2989964981165
73.32,0.0021806486128063,-0.0004732051582433478,-502.24781764714265
73.33,0.002175959363721,-0.00046465392447332535,-516.9081272478435
73.34,0.002171355352571,-0.0004561572406466631,-534.5813913826969
73.35,0.0021668360413423,-0.00044771362557333497,-542.2324277094771
73.36,0.0021624009026543,-0.0004393232762800025,-552.6757645928872
73.37,0.0021580493994562,-0.00043098597591999347,-570.6910715982436
73.38,0.0021537810106358,-0.0004227003521433203,-584.0176416252407
73.39,0.0021495952223047,-0.00041446575931250787,-598.3501405397418
73.4,0.0021454915276995,-0.00040628148985249503,-612.9532238011602
73.41,0.0021414694270833,-0.00039814684605247997,-626.4386254726409
73.42,0.0021375284276469,-0.0003900612709350094,-648.5615314654989
73.4299999999999,0.0021336680434102,-0.00038202299387751337,-661.6085721037566
73.44,0.0021298878108269,-0.0003740317171791775,-670.3264492732409
73.45,0.0021261872517886,-0.00036608781388916285,-690.5795228327402
73.46,0.0021225659007356,-0.00035819000514581014,-706.7059333668572
73.47,0.0021190233003465,-0.0003503375838658595,-722.9685529383319
73.48,0.0021155589999076,-0.0003425299063733203,-739.589344403282
73.49,0.0021121725552285,-0.0003347663246224948,-756.053386939562
73.5,0.0021088635285564,-0.0003270462373066688,-774.4943949537486
73.51,0.0021056314884916,-0.0003193687650033201,-795.1403004002526
73.52,0.0021024760144892,-0.0003117327908191955,-808.6643213413142
73.53,0.0020993966944913,-0.0003041382999466809,-824.2184097828538
73.54,0.0020963931114523,-0.0002965850130933162,-845.1716298803599
73.55,0.00209346486019,-0.00028907188965165384,-862.8160444150726
73.5599999999999,0.00209061154165,-0.0002815983677491871,-881.1769995856708
73.57,0.0020878327628311,-0.0002741638457733303,-899.7219650247912
73.58,0.002085128136711,-0.000266767729613313,-917.5570453303158
73.59,0.0020824972821708,-0.0002594095151591617,-940.8748264842419
73.6,0.0020799398239212,-0.00025208793445334913,-958.3892663897695
73.61,0.0020774554023318,-0.00024480264594916267,-973.1636886388201
73.62,0.0020750436501334,-0.0002375537375716723,-995.1489134009781
73.63,0.0020727042093823,-0.00023034025780335307,-1014.5118119707431
73.64,0.0020704367288338,-0.0002231616116233263,-1033.8779926443021
73.65,0.0020682408628714,-0.00021601724787081119,-1053.391283795535
73.66,0.002066116271441,-0.0002089066136341814,-1072.67005419815
73.67,0.0020640626199844,-0.0002018291935241649,-1093.2637813723209
73.6799999999999,0.0020620795793739,-0.0001947842476300031,-1115.2974988158117
73.69,0.0020601668295575,-0.00018777083604084075,-1131.9672488861902
73.7,0.0020583240577414,-0.00018078892047415323,-1149.9779008498492
73.71,0.0020565509472493,-0.00017383825073583324,-1171.6694798634344
73.72,0.0020548471913652,-0.00016691794982166787,-1190.7802424674169
73.73,0.0020532124886362,-0.00016002753295164948,-1210.1786120809252
73.74,0.0020516465428152,-0.00015316648241000692,-1229.4796750764147
73.75,0.0020501490628035,-0.00014633428625667301,-1247.7938309341641
73.76,0.0020487197625928,-0.00013953054366248408,-1271.1369990977928
73.77,0.0020473583612078,-0.00013275386643917425,-1288.1391040545489
73.78,0.0020460645952891,-0.00012600411881669523,-1302.4850140303247
73.79,0.0020448381883466,-0.00011928167856916109,-1323.6050412063278
73.8,0.0020436788739612,-0.00011258552197249761,-1341.6515278403763
73.8099999999999,0.0020425863920129,-0.00010591512134667472,-1359.3500292013389
73.82,0.0020415604872562,-9.927000327417416e-05,-1376.7930678113007
73.83,0.0020406009092682,-9.264968809914457e-05,-1393.884383112696
73.84,0.0020397074123965,-8.605370137332386e-05,-1410.625284303329
73.85,0.0020388797557072,-7.948157383834507e-05,-1426.427905251041
73.86,0.002038117702933,-7.2932953566668e-05,-1444.915194707052
73.87,0.0020374210224208,-6.640647975917095e-05,-1460.143750336197
73.88,0.0020367895005333,-5.990171222082363e-05,-1471.9176929247715
73.89,0.0020362229140807,-5.341933186500294e-05,-1487.2502456917437
73.9,0.0020357210416787,-4.695863944998097e-05,-1501.8474305267923
73.91,0.0020352836714078,-4.051887075750092e-05,-1515.0321970753257
73.92,0.0020349105958841,-3.409961515917386e-05,-1527.7879979501536
73.9299999999999,0.0020346016122148,-2.7700425772512884e-05,-1539.931875148005
73.94,0.0020343565219538,-2.132086010583669e-05,-1551.451502907229
73.95,0.0020341751310581,-1.496048007415309e-05,-1562.2814859375012
73.96,0.0020340572498432,-8.618931284193158e-06,-1572.6372915301054
73.97,0.0020340026929389,-2.295200193336115e-06,-1581.9143094226336
73.98,0.0020340112887543,4.0115857158373215e-06,-1590.5886052633919
73.99,0.0020340828663701,1.0300792204156277e-05,-1598.8037272363913
74.0,0.0020342172470069,1.6572620118352935e-05,-1605.9037847111124
74.01,0.0020344142638952,2.2828049610848472e-05,-1612.466781427023
74.02,0.0020346737545409,2.906744224083404e-05,-1618.2183453178825
74.03,0.0020349955606888,3.5291220109993394e-05,-1623.1962196302327
74.04,0.0020353795282868,4.149980169500563e-05,-1627.3834329310166
74.05,0.0020358255074492,4.76936018324856e-05,-1630.932833365693
74.0599999999999,0.0020363333524207,5.3872993794155714e-05,-1633.0792936070786
74.07,0.0020369029215401,6.003860842418484e-05,-1632.4567299828723
74.08,0.0020375340817587,6.619155065667147e-05,-1635.7688827792608
74.09,0.0020382267091423,7.23314431491658e-05,-1637.7202690698311
74.1,0.0020389806671595,7.845815819832221e-05,-1634.7960948399943
74.11,0.0020397958315686,8.457272079833255e-05,-1633.7028928130896
74.12,0.0020406720821853,9.067546684167237e-05,-1631.4037503897925
74.13,0.0020416093028529,9.676679762416768e-05,-1628.3364877019562
74.14,0.0020426073814129,0.00010284711144082946,-1624.4887155189108
74.15,0.0020436662096745,0.00010891680358665598,-1619.9422535254241
74.16,0.0020447856833852,0.00011497625526333998,-1614.9681620003228
74.17,0.0020459657022009,0.00012102585213667185,-1603.6240385786339
74.1799999999999,0.0020472061709925,0.00012706678064415225,-1600.2144592391144
74.19,0.0020485070082765,0.00013309886320752735,-1596.952711923555
74.2,0.0020498681183127,0.0001391218115108549,-1584.3610889230351
74.21,0.0020512894171776,0.00014513662749247842,-1576.0790778127296
74.22,0.00205277082482,0.00015114363112667134,-1566.3957888845453
74.23,0.0020543122650358,0.00015714320587166918,-1556.1105175411271
74.24,0.0020559136654431,0.00016313573273083162,-1545.2151916073194
74.25,0.0020575749574578,0.00016912159021999348,-1533.6759303331414
74.26,0.0020592960762683,0.0001751011543624956,-1522.930487942176
74.27,0.002061076960811,0.0001810747067683416,-1503.1351365945095
74.28,0.0020629175537452,0.00018704339974750278,-1493.2600264358684
74.29,0.0020648178124608,0.00019300723338416744,-1486.2257821533506
74.3,0.002066777681497,0.00019896584842000212,-1467.035829834429
74.3099999999999,0.0020687971148193,0.00020492012815833313,-1452.8278951703335
74.32,0.0020708760708028,0.0002108704367241703,-1437.8691349963574
74.33,0.0020730145115282,0.00021681713795416177,-1422.4705426564105
74.34,0.0020752124027613,0.00022276059934497292,-1406.7147929264502
74.35,0.0020774697139328,0.00022870118638332803,-1390.5712846274107
74.36,0.0020797864181182,0.0002346392625291946,-1375.3614878464844
74.37,0.0020821624920174,0.00024057511967916846,-1352.4332956107326
74.38,0.0020845979159346,0.00024650968448415697,-1336.1883058355556
74.39,0.0020870926821025,0.00025244323910918854,-1326.2918779786123
74.4,0.0020896467766609,0.0002583754759283333,-1306.1764227021256
74.41,0.0020922601891347,0.00026430696498415396,-1287.0788600996352
74.42,0.0020949329150808,0.00027023821044165825,-1269.580033208967
74.4299999999999,0.0020976649536636,0.00027616955218583107,-1251.5928970214597
74.44,0.0021004563076391,0.0002821013485649881,-1233.5050674269648
74.45,0.0021033069833388,0.0002880339563750011,-1215.2764759734105
74.46,0.0021062169906546,0.0002939677308508557,-1198.0271304626833
74.47,0.0021091863430226,0.00029990297147499236,-1174.8842237602844
74.48,0.0021122150574074,0.0003058404433758195,-1154.0131180402077
74.49,0.0021153031607842,0.00031178068785832623,-1143.9204449719966
74.5,0.0021184506795423,0.00031772337424916574,-1125.8892752901654
74.51,0.0021216576375588,0.0003236687970991657,-1103.6761916205417
74.52,0.0021249240666943,0.0003296176200991586,-1086.0035748632524
74.53,0.0021282500023483,0.0003355701595574775,-1067.6452406566973
74.54,0.0021316354834464,0.0003415267675016839,-1049.3871729718499
74.55,0.0021350805524287,0.0003474877947591888,-1031.21282015553
74.5599999999999,0.0021385852552373,0.00035345359093416314,-1013.0863436660221
74.57,0.0021421496413044,0.00035942450441664474,-996.1780940554355
74.58,0.0021457737635399,0.0003654008272191596,-973.4028093487649
74.59,0.0021494576783195,0.0003713833166300262,-952.0024323197225
74.6,0.0021532014520918,0.0003773725934491801,-943.7656680595042
74.61,0.002157005151724,0.0003833682610233201,-927.546812587385
74.62,0.002160868839562,0.0003893705366491528,-905.4185999413252
74.63,0.0021647925867583,0.0003953801469341567,-889.1171772157503
74.64,0.0021687764679683,0.0004013973976375042,-872.0845822465491
74.65,0.0021728205613423,0.00040742263785501626,-855.276943295117
74.66,0.0021769249485175,0.0004134562158391527,-838.6623888935504
74.67,0.0021810897146093,0.00041949847902083724,-822.2027884349468
74.6799999999999,0.0021853149482036,0.000425549774046671,-806.9190177716008
74.69,0.0021896007413486,0.0004316103972308243,-786.7622721509591
74.7,0.0021939471895463,0.00043768105263751656,-766.6603974359423
74.71,0.0021983543976832,0.0004437624177883319,-759.9401195287979
74.72,0.0022028224725639,0.00044985412179330517,-746.5271989752981
74.73,0.0022073515153548,0.00045595632028750066,-726.2975314702127
74.74,0.0022119416363039,0.0004620697655316829,-712.2125726745749
74.75,0.0022165929491687,0.0004681947618274915,-697.4201543022025
74.76,0.0022213055712113,0.0004743316594466514,-682.8967161308359
74.77,0.0022260796231947,0.0004804808082591906,-668.6051025695119
74.78,0.0022309152293783,0.00048664255768582224,-654.5113456351934
74.79,0.0022358125175136,0.0004928172567383271,-641.4064759055075
74.8,0.0022407716188402,0.0004990052129233294,-624.7310700422444
74.8099999999999,0.0022457926680813,0.0005052070626841508,-606.9855603242456
74.82,0.0022508758083691,0.0005114235147541667,-601.3952933284589
74.83,0.0022560211862227,0.0005176542741325047,-590.8442822247147
74.84,0.0022612289422009,0.0005238994590024888,-573.418822607107
74.85,0.0022664992258398,0.0005301598202233427,-561.7462459626162
74.86,0.0022718321902256,0.00053643566752334,-549.4422624381046
74.87,0.0022772279919935,0.0005427273558058129,-537.4026702118608
74.88,0.0022826867913277,0.000549035239895004,-525.589980254383
74.89,0.0022882087519599,0.0005553596745450013,-513.9758938228144
74.9,0.0022937940411694,0.0005617010144466545,-503.1593719904462
74.91,0.0022994428297817,0.0005680595799325155,-489.8141132134585
74.92,0.0023051552921685,0.0005744359563591846,-474.588162396995
74.9299999999999,0.0023109316103608,0.0005808308841908117,-470.2192473518741
74.94,0.0023167719710391,0.0005872441321541388,-462.2888545487311
74.95,0.0023226765546436,0.0005936757898325015,-447.6419855856045
74.96,0.0023286455505724,0.0006001266129383378,-438.26279849072444
74.97,0.0023346791518473,0.0006065969194833198,-428.31148775419365
74.98,0.0023407775551161,0.0006130870721933164,-418.59653862441354
74.99,0.0023469409606552,0.0006195974340691859,-409.0830805966303
75.0,0.0023531695723724,0.0006261283683750166,-399.7470797046386
75.01,0.0023594635978094,0.0006326802386491815,-391.05621247828947
75.02,0.0023658232481447,0.0006392533785491388,-380.5454315081833
75.03,0.0023722487381957,0.0006458483443116687,-367.4814212722318
75.04,0.0023787402900369,0.0006524659307833492,-364.4995211833098
75.05,0.0023852981316296,0.0006591059343858225,-358.912967643838
75.0599999999999,0.0023919224839219,0.000665768407629974,-346.57167644659916
75.07,0.0023986135771494,0.0006724541372800049,-339.22238361472677
75.08,0.0024053716452797,0.0006791634504908563,-331.314116610836
75.09,0.0024121969260184,0.000685896721360033,-323.6085173044508
75.1,0.002419089660815,0.0006926543245616478,-316.0722503274996
75.11,0.0024260500948686,0.0006994366353524886,-308.6850819178096
75.12,0.0024330784771339,0.000706244029601683,-301.8153685466724
75.13,0.0024401750603273,0.0007130768565900171,-293.66077865492576
75.14,0.0024473401009324,0.0007199356546391637,-282.3688186077786
75.15,0.0024545738624658,0.000726821293042472,-280.6506434866476
75.16,0.0024618766156852,0.000733733577118359,-277.05431688352365
75.17,0.0024692486231846,0.0007406725137700052,-266.5777732778838
75.1799999999999,0.0024766901574286,0.000747638940684152,-260.9253581404484
75.19,0.0024842014947606,0.0007546331961383389,-254.70891064524494
75.2,0.0024917829154111,0.0007616556693566898,-248.66180543912404
75.21,0.002499434703508,0.0007687067505058185,-242.75274687757127
75.22,0.002507157147085,0.0007757868306316697,-236.95477477007083
75.23,0.0025149505380911,0.0007828963017450161,-231.77039548823325
75.24,0.0025228151724001,0.0007900355143083265,-224.9088181660035
75.25,0.0025307513498194,0.0007972051001516747,-212.29892166340142
75.26,0.0025387593791944,0.0008044063603483286,-215.43764176756537
75.27,0.0025468395804273,0.0008116385998724698,-215.41576460439188
75.28,0.0025549922540215,0.0008189014929533511,-203.39467933432292
75.29,0.0025632177164515,0.0008261963348983307,-199.65467612081054
75.3,0.0025715162882336,0.0008335234308950003,-194.79104451267426
75.3099999999999,0.0025798882939363,0.000840883186774176,-190.09101367367626
75.32,0.0025883340621925,0.0008482760094966799,-185.5015342835583
75.33,0.0025968539257098,0.0008557023070966508,-181.01953344540334
75.34,0.002605448221282,0.0008631624887849882,-176.64355344674183
75.35,0.0026141172898007,0.0008706569648466815,-172.37102370138322
75.36,0.0026228614762655,0.0008781861466874963,-168.1994920133918
75.37,0.0026316811297962,0.0008857504468733415,-164.04271548123933
75.38,0.0026405766036435,0.0008933502790308262,-161.89952388148723
75.39,0.0026495482551999,0.0009009858751375058,-148.98618896160826
75.4,0.0026585964460114,0.0009086590811316556,-142.7145462796178
75.41,0.0026677215637229,0.0009163706819558073,-153.95157024242732
75.42,0.0026769239820917,0.0009241187404133374,-149.46452906669182
75.4299999999999,0.0026862040620076,0.0009319036984691497,-139.70930101772888
75.44,0.0026955621834394,0.0009397269927850074,-137.41289468942762
75.45,0.0027049987306882,0.0009475889343225221,-133.96577568228258
75.46,0.0027145140924023,0.0009554899585433106,-130.65284776559892
75.47,0.0027241086615921,0.0009634305024241588,-127.41971037344904
75.48,0.0027337828356454,0.0009714110044408378,-124.26470562125658
75.49,0.0027435370163421,0.0009794319045583536,-121.1858364418238
75.5,0.0027533716098694,0.0009874936442791577,-118.18186708477218
75.51,0.0027632870268371,0.0009955966665741924,-115.25092020011179
75.52,0.0027732836822919,0.00100374141592169,-112.24493103747872
75.53,0.0027833619957332,0.0010119283383216617,-112.71810266089652
75.54,0.0027935223911276,0.0010201575003516527,-92.13674239302017
75.55,0.0028037652969241,0.0010284325976066433,-97.98305245388327
75.5599999999999,0.0028140911917769,0.0010367525229516659,-112.8387373266571
75.57,0.0028245004892148,0.0010451143605075069,-98.31537229342406
75.58,0.002834993626699,0.0010535206717400209,-95.40034607034235
75.59,0.00284557105304,0.001061972155165821,-93.31215977775315
75.6,0.0028562332217697,0.0010704692284758217,-90.90502123393617
75.61,0.0028669805911605,0.001079012366738337,-88.5756454197474
75.62,0.0028778136242459,0.0010876020471016642,-86.30377393073672
75.63,0.002888732788841,0.0010962387486699876,-84.08785131810392
75.64,0.0028997385575615,0.0011049229525591378,-81.92647971879013
75.65,0.0029108314078449,0.0011136551419333287,-79.81886718962404
75.66,0.00292201182197,0.0011224358019225197,-77.74351501754373
75.67,0.002933280287077,0.0011312654196683274,-76.06177585118374
75.6799999999999,0.0029446372951876,0.001140144421675818,-74.47057129902596
75.69,0.0029560833432255,0.0011490734376208495,-57.93015022958881
75.7,0.0029676189405569,0.0011580561536633494,-68.74568170761601
75.71,0.0029792446375169,0.0011670902265258107,-78.24041761751101
75.72,0.0029909609110792,0.0011761734425116569,-63.69106946234603
75.73,0.0030027682802208,0.001185309121352498,-64.05392653463792
75.74,0.0030146672690867,0.001194497473907525,-62.24847949695334
75.75,0.0030266584070146,0.0012037390207375064,-60.57670005980991
75.76,0.0030387422285607,0.001213034284919983,-58.94685263403115
75.77,0.0030509192735243,0.0012223837920674802,-57.35791880293535
75.78,0.0030631900869739,0.00123178807035248,-55.809315322983856
75.79,0.0030755552192721,0.0012412476504358417,-54.29979566738555
75.8,0.0030880152261008,0.0012507630655533364,-52.82873772166022
75.8099999999999,0.0031005706684872,0.0012603348514608477,-51.34476520926415
75.82,0.0031132221128283,0.0012699635464300018,-51.01175428723132
75.83,0.0031259701309168,0.0012796494988141435,-44.88961437760466
75.84,0.003138815299966,0.00128939465156834,-38.62332785841754
75.85,0.0031517582257311,0.0012992008630891548,-48.476493506102344
75.86,0.0031647995131545,0.0013090655890058193,-49.53483438977402
75.87,0.0031779397328541,0.0013189885841375227,-41.81252664604456
75.88,0.0031911794862693,0.001328972217853329,-41.745059537700335
75.89,0.003204519380553,0.0013390168536075021,-40.501700420507994
75.9,0.0032179600286033,0.0013491230674124973,-39.339970298310696
75.91,0.0032315020490932,0.0013592914382883274,-38.208220883495834
75.92,0.0032451460665014,0.0013695225483558603,-37.10600019437685
75.9299999999999,0.0032588927111432,0.0013798169827824959,-36.03273256293998
75.94,0.0032727426192006,0.0013901753297616678,-34.98760283565132
75.95,0.0032866964327529,0.0014005981805699985,-33.97004982768637
75.96,0.0033007547998076,0.0014110861295524896,-32.90216701593784
75.97,0.0033149183743308,0.0014216397740808371,-33.64678196265124
75.98,0.0033291878162775,0.0014322593532874964,-23.641940859703148
75.99,0.0033435637916224,0.0014429484711891765,-25.120666146006126
76.0,0.0033580470157459,0.0014537069455475347,-34.82129787495589
76.01,0.0033726381535353,0.0014645317349591355,-29.34559300278602
76.02,0.003387337878115,0.0014754248410308126,-26.570568021564892
76.03,0.0034021468823801,0.0014863876658517026,-26.191528177930962
76.04,0.0034170658655806,0.0014974207346416576,-25.347239366816545
76.05,0.0034320955333579,0.0015085246883175005,-24.547245725329656
76.0599999999999,0.0034472365977804,0.001519700171422515,-23.76892544905227
76.07,0.0034624897773804,0.0015309478321425174,-23.011983997553983
76.08,0.0034778557971899,0.0015422683222483325,-22.275707860972865
76.09,0.0034933353887768,0.001553662297184149,-21.559890284398925
76.1,0.0035089292902818,0.001565130415982492,-20.86130334501428
76.11,0.0035246382464535,0.0015766733412858397,-20.147388760889452
76.12,0.0035404630086856,0.00158829172401167,-21.361506872768217
76.13,0.0035564043350529,0.0015999858029549948,-8.507270649116922
76.14,0.0035724629921956,0.0016117610907874914,-16.264210342347113
76.15,0.0035886398181789,0.0016236148825824733,-25.57159445368905
76.16,0.0036049355427991,0.0016355435988091855,-15.024468705590133
76.17,0.003621350953971,0.001647551884890838,-16.058070994717873
76.1799999999999,0.0036378868466753,0.001659640023779171,-15.411976465591282
76.19,0.0036545440230016,0.0016718087284583408,-14.85146057461592
76.2,0.0036713232921904,0.0016840587161999676,-14.30689106466783
76.21,0.0036882254706768,0.0016963907085983379,-13.778228572772854
76.22,0.0037052513821329,0.0017088054314424875,-13.264900342961768
76.23,0.0037224018575098,0.001721303614816668,-12.766593918807608
76.24,0.0037396777350813,0.0017338859931000277,-12.283058380306462
76.25,0.003757079860486,0.0017465533049324986,-11.786183040390377
76.26,0.0037746090867705,0.0017593062932199882,-11.889477736347782
76.27,0.0037922662744315,0.0017721455114816694,-9.422551667533194
76.28,0.0038100522914589,0.001785072933665002,-2.971792469181308
76.29,0.0038279680366154,0.0017980922545958442,-10.8343416853417
76.3,0.0038460144322019,0.0018112000506274816,-14.414520849760969
76.3099999999999,0.003864192329824,0.0018243948501899744,-7.796523547231049
76.32,0.0038825026310524,0.0018376805535558248,-8.464953532406287
76.33,0.0039009462453966,0.0018510576065275245,-8.031020683073699
76.34,0.003919524090356,0.0018645268105891876,-7.655378645506546
76.35,0.0039382370914695,0.0018780889721466602,-7.291325729549128
76.36,0.0039570861823649,0.001891744902657506,-6.938677681966699
76.37,0.0039760723048102,0.001905495418604981,-6.597324575561015
76.38,0.0039951964087627,0.0019193413414257865,-6.266886285847065
76.39,0.0040144594524193,0.0019332834975866748,-5.947175962212231
76.4,0.0040338624022666,0.001947322718563333,-5.588222091737352
76.41,0.004053406233131,0.001961459840838286,-6.371746124189946
76.42,0.0040730919282287,0.0019756952773233327,-0.5957357786355248
76.4299999999999,0.0040929204792155,0.0019900333036333533,0.019758744435845837
76.44,0.0041128929376638,0.002004474968547547,-7.7272002417791095
76.45,0.0041330103121758,0.0020190160471575272,-6.043079969765558
76.46,0.0041532735956854,0.0020336580441399584,-3.0433705621473863
76.47,0.0041736838177294,0.002048403672298303,-3.324963121850974
76.48,0.0041942420167958,0.0020632535988167004,-3.0465444195107234
76.49,0.0042149492403832,0.002078208727605842,-2.8014602113651486
76.5,0.0042358065450578,0.0020932699683866383,-2.5648679122635363
76.51,0.0042568149965127,0.0021084382367316692,-2.33670457889552
76.52,0.0042779756696254,0.0021237144539933677,-2.116687720576865
76.53,0.0042992896485162,0.0021390995473741527,-1.9046820110107547
76.54,0.0043207580266066,0.002154594449903322,-1.700575913763121
76.55,0.0043423819066774,0.002170200100397486,-1.4355881545141562
76.5599999999999,0.0043641624009266,0.002185917443540819,-2.7776876637042687
76.57,0.0043861006310285,0.0022017466985983563,5.8702390647601
76.58,0.0044081977281905,0.0022176951124524896,1.3845109688929675
76.59,0.0044304549209568,0.0022337601499775143,-6.1450894031945875
76.6,0.0044528733068587,0.0022499366500533815,0.16812729945003826
76.61,0.0044754540423768,0.0022662300827374486,-0.014670760246522025
76.62,0.0044981983015441,0.002282641486005027,0.07267517176436572
76.63,0.0045211072685115,0.002299171812525022,0.23737623964053167
76.64,0.0045441821376157,0.002315822084254988,0.3902856205533328
76.65,0.0045674241134466,0.0023325933298658738,0.5369024144510326
76.66,0.0045908344109143,0.0023494865847383077,0.677395755839497
76.67,0.0046144142553164,0.0023665028909974793,0.8118930788279473
76.6799999999999,0.0046381648824055,0.0023836432975133854,0.94047063619572
76.69,0.0046620875384565,0.0024009088598575057,1.0713068083647548
76.7,0.0046861834803335,0.0024183006403300086,1.0459273045491686
76.71,0.0047104539755575,0.0024358196031616366,1.3288512431365502
76.72,0.0047349003023739,0.002453467239697472,5.436097245843619
76.73,0.0047595237624003,0.0024712483216292516,2.003807722720912
76.74,0.0047843257063122,0.0024891606292858416,-0.8767965615863099
76.75,0.0048093074084684,0.0025072022498390926,2.600038959964653
76.76,0.0048344701954044,0.002525377437269195,2.1541617451301307
76.77,0.0048598154051572,0.002543687006307533,2.2850978434386824
76.78,0.0048853443873503,0.002562132119856642,2.3875586117195313
76.79,0.0049110585032787,0.0025807139492983874,2.485465481265885
76.8,0.0049369591259936,0.0025994336745241535,2.5788803332670325
76.8099999999999,0.0049630476403878,0.0026182924839224546,2.6808923568490965
76.82,0.0049893254432802,0.002637291574347532,2.477178422286156
76.83,0.0050157939435008,0.0026564319480307996,4.099695839200125
76.84,0.0050424545619759,0.0026757165163499713,3.658915613950988
76.85,0.0050693087561897,0.0026951459452008225,2.147517746439051
76.86,0.0050963579628294,0.00271471964118585,3.0911285649417173
76.87,0.0051236036369047,0.0027344397512625357,3.30300067672506
76.88,0.0051510472507536,0.002754307768667483,3.326656018693539
76.89,0.0051786902894318,0.0027743249306508523,3.3949052200445653
76.9,0.0052065342508061,0.0027944925229383723,3.4570913907908554
76.91,0.0052345806456466,0.002814811840489936,3.5156228987501503
76.92,0.0052628309977194,0.002835284187546605,3.575354654086878
76.9299999999999,0.0052912868438794,0.002855910877623366,3.527141962178252
76.94,0.0053199497341629,0.00287669314560585,3.997101214052013
76.95,0.0053488212318798,0.002897632937185011,4.657697769182967
76.96,0.0053779029242499,0.0029187323935683076,3.6382498154478466
76.97,0.0054071964121132,0.002939991456387513,3.3420706155326707
76.98,0.0054367032888019,0.0029614109679908605,4.046161705646661
76.99,0.0054664251735293,0.0029829931954032706,3.9690686873222916
77.0,0.0054963636994198,0.003004739434105813,4.0096841990259495
77.01,0.005526520513608,0.0030266510901233866,4.042256867514805
77.02,0.0055568972773388,0.003048729579442539,4.071858182356109
77.03,0.0055874956660665,0.0030709763279966433,4.098824500232496
77.04,0.0056183173695547,0.003093392771682537,4.127623760580972
77.05,0.0056493640919756,0.0031159803505441657,3.9374588770628676
77.0599999999999,0.0056806375520097,0.0031387403301574844,5.277830080643355
77.07,0.0057121394836412,0.0031616761970383934,4.569005945415166
77.08,0.0057438716632606,0.003184788332708335,3.5306025019593408
77.09,0.0057758358383382,0.003208076512162478,4.499975732638709
77.1,0.0058080337896607,0.0032315436872533006,4.370296854934873
77.11,0.0058404673133825,0.00325519125015079,4.396218061145464
77.12,0.0058731382211446,0.0032790207553558244,4.413752381725692
77.13,0.0059060483401913,0.0033030337691000392,4.428388448084883
77.14,0.0059391995134884,0.0033272318624433033,4.344471216041243
77.15,0.0059725935998409,0.0033516165371649826,5.05771928878202
77.16,0.0060062324748482,0.003376190624051658,4.662702279904022
77.17,0.0060401180466099,0.0034009550377375034,4.115582719929137
77.1799999999999,0.0060742522127542,0.0034259103707416885,4.634134668850755
77.19,0.0061086368985604,0.0034510591549958003,4.56263660660436
77.2,0.0061432740459632,0.00347640296981916,4.57410896005072
77.21,0.0061781656136824,0.0035019435001866265,4.580470488282634
77.22,0.0062133135773519,0.003527682443886667,4.582375792110404
77.23,0.0062487199296476,0.0035536215039483473,4.5345518952513055
77.24,0.0062843866804184,0.0035797623623366444,4.9765901081808215
77.25,0.0063203158577406,0.0036061076405549996,4.709117887753171
77.26,0.0063565095186155,0.003632658559244188,4.361797453134377
77.27,0.0063929697183578,0.0036594161436724775,4.683277674208597
77.28,0.0064296985382467,0.003686382820753298,4.62992075796847
77.29,0.0064666980775495,0.003713560328530011,4.628906569776808
77.3,0.0065039704536587,0.0037409504864333466,4.624325313025086
77.3099999999999,0.0065415178022302,0.003768555127658295,4.6151006339387415
77.32,0.0065793422773203,0.0037963760912483285,4.578326520254232
77.33,0.0066174460515233,0.0038244152182867145,4.868136800053808
77.34,0.0066558313170537,0.003852675077070822,4.702059888951181
77.35,0.006694500293903,0.003881157210369182,4.466179824333234
77.36,0.0067334552071094,0.00390986297763669,4.65840776137351
77.37,0.0067726983067246,0.003938794770130021,4.6190187067903405
77.38,0.0068122318623101,0.003967954499465857,4.609202590812824
77.39,0.006852058163093,0.003997344134488317,4.586950717199174
77.4,0.0068921795181207,0.004026965661412495,4.729091584151932
77.41,0.0069325982570708,0.00405682148232497,4.6335365350223165
77.42,0.006973316734763,0.004086913412665801,4.505839887239054
77.4299999999999,0.0070143373183524,0.004117243181264198,4.597139591258336
77.44,0.0070556623988536,0.004147813113875014,4.568605609514671
77.45,0.0070972943880439,0.004178625267919994,4.550696068488507
77.46,0.00713923571863,0.004209681731137498,4.522057588530468
77.47,0.0071814888444132,0.004240984636125848,4.789761739345983
77.48,0.0072240562420715,0.004272536921869971,4.570615415448759
77.49,0.0072669404192408,0.004304340153171607,4.292525542306256
77.5,0.0073101438866264,0.0043363956843492065,4.440411599210765
77.51,0.0073536691824718,0.004368706135071662,4.372338249146722
77.52,0.0073975188657976,0.004401273526724166,4.009938446931967
77.53,0.0074416955164018,0.004434099315626693,5.612608392200503
77.54,0.0074862017348595,0.004467190799788373,4.859925329101884
77.55,0.0075310402170918,0.004500547984856657,3.4490122336682387
77.5599999999999,0.007576213575343,0.004534168519085013,4.4453289387968535
77.57,0.007621724482087,0.004568057757940045,4.2570533310527585
77.58,0.0076675756325309,0.004602217613640026,3.941870961249562
77.59,0.0077137697436422,0.004636649674445787,5.220858809511037
77.6,0.0077603095541478,0.004671360825820815,4.953899524511616
77.61,0.0078071978940887,0.00470635265854669,3.5697602672230913
77.62,0.0078544375370044,0.0047416226386616045,4.0961018340903665
77.63,0.0079020312874694,0.004777174868724955,4.177845619343019
77.64,0.007949981984554,0.004813012247866722,3.873072484201646
77.65,0.0079982924902385,0.00484913645109585,4.819897018816804
77.66,0.0080469656894132,0.004885553775855773,5.060060001957676
77.67,0.0080960045522115,0.004922267794228372,3.708471195026084
77.6799999999999,0.0081454120272353,0.004959275806959227,3.749811880694486
77.69,0.0081951910575079,0.004996580318194967,4.112544624971306
77.7,0.0082453446349493,0.005034185439764975,3.837826689835513
77.71,0.0082958757757401,0.005072093001996691,4.370647428446987
77.72,0.0083467875203211,0.005110308174110055,5.052260307193313
77.73,0.0083980829802427,0.005148836604281657,3.870535796869745
77.74,0.0084497652900769,0.005187676010837486,3.450915445991189
77.75,0.0085018375412727,0.0052268270880158575,4.030512564966657
77.76,0.0085543028872606,0.005266295094725011,3.7890671478521756
77.77,0.0086071645071504,0.0053060820441525654,3.9640497876896164
77.78,0.0086604256057315,0.005346191929087507,4.972966591522517
77.79,0.0087140894437416,0.005386632327723347,3.9738629676532917
77.8,0.0087681593484997,0.0054274015321782755,3.1963425767570364
77.8099999999999,0.0088226385699692,0.0054684985411582645,3.9250525931802276
77.82,0.0088775304316909,0.005509929647621757,3.7136256846218885
77.83,0.0089328382843322,0.005551697053249157,3.603152500191566
77.84,0.0089885655056891,0.005593803650420781,4.8840801335251145
77.85,0.0090447155155649,0.005636259003245813,4.024040192300063
77.86,0.009101291843502,0.005679061879319203,2.9532881691188027
77.87,0.0091582979064459,0.00572220956678751,3.8080121097379434
77.88,0.0092157372072188,0.0057657094455274786,3.6225433696628278
77.89,0.0092736132772848,0.005809563902771722,3.229702244629151
77.9,0.0093319296767499,0.005853774584698343,5.020656408108713
77.91,0.0093906899943621,0.005898354674823264,4.082818868974078
77.92,0.0094498979936734,0.005943302300060065,2.5234779314761093
77.9299999999999,0.009509557251694,0.005988611515080067,3.7070604831508103
77.94,0.0095696714593979,0.006034292056029898,3.4631343039633626
77.95,0.0096302443383485,0.006080346261440097,3.370916470663455
77.96,0.0096912796401858,0.006126776915726737,3.268402067255553
77.97,0.0097527811466244,0.006173587507484054,4.933472650664794
77.98,0.0098147526957179,0.00622079183767082,3.7268992174623268
77.99,0.0098771982817072,0.006268385899247568,2.360902055222036
78.0,0.0099401217003277,0.006316364028049245,3.5363396628562485
78.01,0.0100035268755931,0.006364736957285815,3.2873831787576826
78.02,0.0100674177634392,0.006413507076256627,3.1308098727880016
78.03,0.0101317983517249,0.006462677052097536,3.432454102888272
78.04,0.0101966726602313,0.00651225324217004,4.629315155387324
78.05,0.0102620448036782,0.006562247686884923,3.287971660645559
78.0599999999999,0.0103279189900052,0.006612654682313247,2.402713084415571
78.07,0.0103942992674899,0.006663471113414248,3.340129115736484
78.08,0.0104611898088473,0.006714707270208326,3.129095032579532
78.09,0.0105285948208053,0.006766365800389103,2.91222964611671
78.1,0.0105965185441034,0.006818449237015022,3.6077960054533222
78.11,0.010664965253492,0.0068709673044642,4.218770386162593
78.12,0.0107339393618991,0.006923928775394208,2.8394502528297387
78.13,0.0108034452866352,0.0069773266637740364,2.520482235237735
78.14,0.0108734873562017,0.007031161818522478,3.1310377551886095
78.15,0.0109440700082599,0.007085443157517617,2.971953152495923
78.16,0.011015197716674,0.007140173693097489,2.697707774476902
78.17,0.0110868749915115,0.007195355780663324,3.765261756856199
78.1799999999999,0.0111591063790428,0.007251003047312521,3.808049894207952
78.19,0.0112318966135307,0.007307120217126606,2.4040420408048697
78.2,0.0113052503271501,0.007363698923151706,2.630833617643748
78.21,0.0113791721503147,0.007420744790057488,2.9213107472611224
78.22,0.0114536668025366,0.007478264954296682,2.8132307135128616
78.23,0.0115287390418158,0.007536262843079262,2.479647866260981
78.24,0.0116043936646433,0.007594740548765759,3.9254453900280315
78.25,0.0116806355059988,0.007653716478150854,3.4179036293978537
78.26,0.0117574696501487,0.007713190404635828,1.9704693928320598
78.27,0.0118349009484809,0.0077731521688108665,2.731554547153496
78.28,0.0119129343559438,0.007833613180665836,2.716493616762904
78.29,0.0119915748921023,0.00789457839243321,2.643436594190919
78.3,0.01207082761744,0.007956051613971699,2.349017485192627
78.3099999999999,0.0121506976333585,0.008018035507767474,3.95927883727237
78.32,0.0122311900923168,0.00808055202541328,3.038100143965932
78.33,0.0123123104301846,0.008143596185985862,1.6669824347744844
78.34,0.0123940637489992,0.008207157090770058,2.754784549482292
78.35,0.0124764553444994,0.00827125099687589,2.5304982584824898
78.36,0.0125594905559428,0.008335881004794925,2.4432936729837382
78.37,0.0126431747661083,0.008401051029394162,2.4518896833730834
78.38,0.012727513401295,0.008466767164959149,3.6372880375196757
78.39,0.0128125119837897,0.00853304870267415,2.666680441748795
78.4,0.0128981762375989,0.008599889062161671,1.7122183806554012
78.41,0.0129845116122186,0.00866728090393753,2.568922883745813
78.42,0.0130715237412668,0.00873523957097581,2.3819364095779703
78.4299999999999,0.0131592183046604,0.008803768544711604,2.247939991496635
78.44,0.0132476010286162,0.00887287158690929,2.5586994643341527
78.45,0.0133366776856484,0.008942558989511644,3.3131174737839326
78.46,0.0134264541987417,0.009012846363798241,2.3010375773246308
78.47,0.013516936586923,0.009083725332930965,1.7672276412717756
78.48,0.0136081306751572,0.00915519320149586,2.3872790277857385
78.49,0.0137000424570207,0.009227263885040835,2.238504844705475
78.5,0.0137926779753438,0.009299941314318359,2.058668019235192
78.51,0.0138860433222109,0.009373229026871606,2.6663240900485565
78.52,0.0139801446389606,0.009447142375911726,2.992257771512791
78.53,0.0140749882827305,0.009521692178596696,1.9439817344861885
78.54,0.0141705805743912,0.009596868014024977,1.8272959422545747
78.55,0.0142669277442241,0.009672673021864189,2.2106683600176447
78.5599999999999,0.0143640361692264,0.00974911913511504,2.1001635851236666
78.57,0.0144619122787884,0.00982621080695494,1.8752788151381705
78.58,0.0145605625546918,0.009903951263363273,2.774893651550332
78.59,0.0146599935311127,0.009982361936632433,2.6780100902722848
78.6,0.0147602120362172,0.010061447570581578,1.5961259391780676
78.61,0.0148612246985957,0.01014119538288341,1.8907753166748777
78.62,0.014963038186086,0.010221615721162512,2.039854995561655
78.63,0.0150656592841171,0.010302717904389158,1.968126508932178
78.64,0.0151690948338489,0.010384506990152568,1.680427537012437
78.65,0.0152733517321722,0.010466985569119205,2.97135628505563
78.66,0.0153784369317085,0.010550184265497448,2.39027724861105
78.67,0.0154843577986996,0.010634098965931607,1.1813683333034026
78.6799999999999,0.0155911212542084,0.010718712231775045,1.961102136998134
78.69,0.0156987344362596,0.010804044690769886,1.8709328844446171
78.7,0.0158072045643755,0.010890102242225858,1.8313852501493924
78.71,0.015916538917144,0.010976890605677529,1.5946052382200042
78.72,0.0160267448322165,0.011064412991259142,2.5607842631854307
78.73,0.0161378297063063,0.011152697044640853,2.447948060121896
78.74,0.0162498013187228,0.01124174763293996,1.2849354629286374
78.75,0.0163626671638375,0.011331546067721698,1.613305273710473
78.76,0.0164764347765133,0.011422105246040003,1.7844019287207755
78.77,0.0165911118405037,0.01151343666402167,1.706483853190562
78.78,0.0167067061025276,0.011605545902164076,1.5342283371265342
78.79,0.0168232253722693,0.01169843711344663,2.1317777956347466
78.8,0.0169406775223784,0.011792132703734975,2.4596594630867856
78.8099999999999,0.0170590707456965,0.011886648137423463,1.416498811546059
78.82,0.017178413165497,0.011981965266074103,1.3016919220348948
78.83,0.0172987127407273,0.012078087377850762,1.7011733696555364
78.84,0.0174199776506959,0.012175032058265046,1.5901602908500037
78.85,0.0175422161419456,0.01227280475456071,1.4994584836543294
78.86,0.0176654365282516,0.01237141110172835,1.6717713178994724
78.87,0.0177896471906256,0.01247086463700842,2.2153584288823556
78.88,0.0179148567079285,0.012571188039182338,1.591420864357823
78.89,0.0180410738229198,0.012672372384466552,1.1984784628676315
78.9,0.0181683070219033,0.01277441387073086,1.6025626767947396
78.91,0.018296565016288,0.012877331411412635,1.4605118145738178
78.92,0.0184258565903864,0.012981130206029107,1.586141773219256
78.9299999999999,0.0185561906014151,0.013085822901796537,1.8926493369360984
78.94,0.0186875760781966,0.013191427097778367,1.484032461149805
78.95,0.018820022170554,0.013297938970741632,1.2543545996302508
78.96,0.0189535378917642,0.013405359311322492,1.4853164298083246
78.97,0.0190881324334669,0.013513703503826614,1.3760393766124637
78.98,0.0192238150641411,0.013622977561403207,1.4957506294552323
78.99,0.01936059512911,0.013733194721825647,1.7259503626445096
79.0,0.0194984821495406,0.013844371492735194,1.372880710153474
79.01,0.0196374857500438,0.013956505027636675,1.1989143869343335
79.02,0.0197776154524833,0.014069597752540755,1.3770276456214614
79.03,0.0199188809493352,0.01418366450062665,1.2722861085348167
79.04,0.0200612920135669,0.014298711559170934,1.4163441200578948
79.05,0.0202048584986374,0.014414753974787618,1.630814853456184
79.0599999999999,0.0203495904598004,0.01453180898410237,1.2627222632263013
79.07,0.0204954980422287,0.0146498723944818,1.109489544645501
79.08,0.020642591284205,0.014768947163244148,1.2823534203590972
79.09,0.0207908804065364,0.014889049060549074,1.176199411915494
79.1,0.0209403757146727,0.015010184540193509,1.3409641716626504
79.11,0.0210910875987044,0.015132370537293318,1.5314959260114396
79.12,0.0212430266767258,0.015255624683072356,1.1595178858757575
79.13,0.021396203638486,0.015379941663500967,1.0324821111438034
79.14,0.0215506290709568,0.015505325332277586,1.1934392310495685
79.15,0.0217063137529323,0.01563179219632828,1.090342160011104
79.16,0.0218632685524229,0.01575934900415989,1.2628320684421788
79.17,0.0220215044266554,0.015888014220357516,1.4170915638696884
79.1799999999999,0.0221810325802424,0.016017805223645026,1.0634178313514728
79.19,0.0223418642690454,0.016148716409676783,0.9675625436550663
79.2,0.0225040106647055,0.016280752991935703,1.1049577962649257
79.21,0.022667483133199,0.01641393170533923,1.017876265509063
79.22,0.0228322931344389,0.016548260008025062,1.142113032345622
79.23,0.0229984522222719,0.016683755224657586,1.2486758767826176
79.24,0.0231659721763257,0.016820433724983215,1.0109222923019479
79.25,0.0233348648413345,0.01695829467637409,0.952184983791094
79.26,0.0235051420399417,0.01709734559462014,1.0395174190567948
79.27,0.023676815770035,0.017237602133629223,1.0068434384248668
79.28,0.0238498981345753,0.01737907424810423,0.9859497499792026
79.29,0.0240244013423678,0.017521772323083266,1.0028569981472606
79.3,0.0242003377088316,0.017665708894781546,0.996681211829279
79.3099999999999,0.0243777196853154,0.01781089529735505,0.9428806473033798
79.32,0.0245565598107823,0.017957340218509137,0.9331036411803503
79.33,0.0247368707222908,0.01810505480747491,0.9312939869315487
79.34,0.0249186651784137,0.01825405091537737,0.9151115760962659
79.35,0.0251019560494696,0.018404339670494124,0.9027400432418511
79.36,0.0252867563183674,0.0185559324274125,0.8823088096362176
79.37,0.0254730790814611,0.018708840151371742,0.868635283348447
79.38,0.0256609375430562,0.018863074306139146,0.8617156687581198
79.39,0.0258503450288154,0.01901864688199943,0.8454714181278541
79.4,0.0260413149804651,0.01917556937706394,0.8303389674195175
79.41,0.0262338609548924,0.019333853406905036,0.8165516601098449
79.42,0.0264279966264245,0.019493510769238477,0.8047541482073952
79.4299999999999,0.026623735787662,0.019654553430247315,0.7794992301066054
79.44,0.0268210923503133,0.019816992547569152,0.768054968695894
79.45,0.0270200803343731,0.019980840308185765,0.7642858851582155
79.46,0.027220713894405,0.020146109562658335,0.7444614525909521
79.47,0.0274230073034133,0.020312812116146085,0.7298326219972542
79.48,0.0276269749551159,0.020480960161161466,0.7157543690146625
79.49,0.0278326313661228,0.020650566038579097,0.7028407268805891
79.5,0.0280399911767416,0.02082164222434758,0.6816468942592232
79.51,0.0282490691517894,0.020994200662236732,0.6700829871331585
79.52,0.028459880173527,0.021168254115890885,0.661537736122199
79.53,0.0286724392609376,0.02134381569706062,0.6429849419431353
79.54,0.0288867615560203,0.02152089779955341,0.6291783410797275
79.55,0.0291028623280885,0.021699513234864125,0.6149437484507068
79.5599999999999,0.0293207569747878,0.021879674885409966,0.6026058802707711
79.57,0.0295404610228939,0.02206139578875086,0.5746381461883902
79.58,0.0297619901282143,0.022244687765335076,0.5669728455979683
79.59,0.0299853600608504,0.02242956447089245,0.5632684473670286
79.6,0.0302105867465996,0.022616040058890854,0.5399041648067691
79.61,0.0304376862334692,0.0228041269860001,0.5269247937103207
79.62,0.0306666747020978,0.02299383863382983,0.5130667883074397
79.63,0.030897568466516,0.023185188426929893,0.4998649005040014
79.64,0.0311303839749144,0.02337818974999818,0.4597720322873022
79.65,0.0313651378047704,0.02357285356221339,0.46040290917918886
79.66,0.0316018466381332,0.023769194881387668,0.4649725644840246
79.67,0.0318405273448008,0.02396722934571178,0.4329309820704422
79.6799999999999,0.0320811969093911,0.024166968924028514,0.4209292120526435
79.69,0.0323238724533482,0.02436842751082144,0.407817273177035
79.7,0.032568571235629,0.024571619029654067,0.390033146722011
79.71,0.0328153106534054,0.02477655670478993,0.34075155624863446
79.72,0.0330641082262902,0.0249832505513874,0.3510854527981918
79.73,0.033314981574063,0.02519171724753184,0.3601630478078004
79.74,0.0335679485347233,0.02540197364348616,0.3206641233708466
79.75,0.0338230270511664,0.025614031015538132,0.3091416559699149
79.76,0.0340802352058991,0.025827903637688027,0.2970933269028544
79.77,0.0343395912216048,0.026043605849101748,0.27069898345245474
79.78,0.0346011134617079,0.02626114998886432,0.2172159660479166
79.79,0.0348648203957446,0.026480545322929486,0.23761457685782286
79.8,0.0351307306003538,0.026701810421515933,0.24583377102099208
79.8099999999999,0.0353988628920205,0.026924962702224872,0.20148546241227666
79.82,0.0356692361813332,0.027150012674154005,0.18974260415216443
79.83,0.0359418695193128,0.027376974782621657,0.17916066418305523
79.84,0.0362167820977937,0.02760586366751973,0.13998005145706513
79.85,0.0364939932497899,0.027836689785088603,0.08696972511114082
79.86,0.0367735223850476,0.028069461931887488,0.11822081679964352
79.87,0.0370553890431334,0.02830420088680459,0.12041831256556164
79.88,0.0373396130127152,0.02854092374184273,0.07359468701165564
79.89,0.0376262141647141,0.028779640149475344,0.060980804052550776
79.9,0.0379152125086721,0.029020364445664245,0.052669178858743615
79.91,0.0382066281928516,0.02926311145199905,-0.005274718761929249
79.92,0.0385004815043355,0.029507888131091443,-0.054060172320560276
79.9299999999999,0.0387967927557814,0.029754703084040997,-0.008682938885120344
79.94,0.0390955824363795,0.03000358005781316,-0.01764851835238675
79.95,0.0393968712791187,0.03025453460831027,-0.06561821739845244
79.96,0.0397006800840963,0.030507575276356114,-0.07965712248803784
79.97,0.0400070297845186,0.03076271591085251,-0.08477320811877247
79.98,0.040315941446416,0.031019971354151236,-0.16884415985534956
79.99,0.040627436268374,0.03127934274290851,-0.20749077746752004
80.0,0.0409415353924413,0.03154083925849602,-0.14482098381396807
80.01,0.041258260223572,0.03180448855302909,-0.17225339088136832
80.02,0.0415776323769805,0.0320703026219923,-0.21882295627820342
80.03,0.0418996735183241,0.03233828879034481,-0.23515584121403255
80.04,0.042224405435819,0.03260845988154431,-0.23485088171427498
80.05,0.0425518500394386,0.03288083069441847,-0.3596781439721401
80.0599999999999,0.0428820293601112,0.03315539208103233,-0.380425660360709
80.07,0.0432149652293315,0.03343215519251922,-0.29112450600050016
80.08,0.0435506799052383,0.033711153994582466,-0.34841894959793557
80.09,0.0438891957773531,0.033992393459012935,-0.3913290666128149
80.1,0.0442305352649341,0.034275879467239534,-0.41092323031923494
80.11,0.0445747208918163,0.03456162303676237,-0.40555604991738675
80.12,0.0449217752848752,0.034849638411900016,-0.5749330549412451
80.13,0.0452717211724704,0.035139902844074276,-0.5672099284165174
80.14,0.0456245809007389,0.035432431982481034,-0.45568997138986495
80.15,0.045980377477437,0.0357272660658884,-0.5527185461530769
80.16,0.0463391338867103,0.036024398701906456,-0.585348700987979
80.17,0.046700873132335,0.03632383513370498,-0.6099652507315189
80.1799999999999,0.0470656182956941,0.03662558350042012,-0.5964412391929779
80.19,0.0474333925332628,0.03692965738412938,-0.8309750640616879
80.2,0.0478042190740823,0.03723601226196145,-0.7805586428225427
80.21,0.0481781204733451,0.037544672414555176,-0.6356230692993182
80.22,0.0485551203449171,0.03785568801989269,-0.790840416053616
80.23,0.0489352420101946,0.0381690338055839,-0.8077239327226603
80.24,0.0493185088064912,0.03848471507656159,-0.8367837763007027
80.25,0.0497049441092678,0.038802736031250465,-0.8300983429305746
80.26,0.0500945713283153,0.03912310519853946,-1.108448607766747
80.27,0.0504874138610374,0.03944575704072738,-1.0221707532525892
80.28,0.0508834941968233,0.03977072420066902,-0.8611039349032427
80.29,0.0512828362124445,0.040098063239093235,-1.0578773010779787
80.3,0.0516854632354918,0.04042773001190995,-1.0668716365777644
80.3099999999999,0.0520913985816942,0.04075972758038424,-1.0973136706281368
80.32,0.0525006655493917,0.04109405531632054,-1.1178334121003697
80.33,0.0529132874139976,0.04143070923172254,-1.4177373633526915
80.34,0.0533292872559606,0.04176960492201509,-1.3027768746583093
80.35,0.0537486871264387,0.04211078248624751,-1.1427713384898202
80.36,0.0541715106582787,0.042454299734063713,-1.3615062147462036
80.37,0.0545977807341927,0.042800095442545726,-1.3740606798707962
80.38,0.0550275201499049,0.04314816611378329,-1.4076096283490673
80.39,0.0554607516063428,0.043498504033894,-1.4596199980498172
80.4,0.0558974977018255,0.04385108979126622,-1.704154407770818
80.41,0.0563377806654902,0.04420584208918039,-1.6326965487040623
80.42,0.0567816218481322,0.04456278437812936,-1.5416641437754341
80.4299999999999,0.0572290437260948,0.0449219496442104,-1.7201061430775393
80.44,0.0576800680612868,0.04528327682467043,-1.7374084703355972
80.45,0.0581347164134218,0.04564675294689777,-1.852639422258726
80.46,0.0585930101277877,0.04601233112644348,-1.9696310494265858
80.47,0.0590549699044742,0.04637996326662929,-1.9333079880813062
80.48,0.0595206162545328,0.04674965671123942,-1.9688220068700295
80.49,0.0599899698353871,0.04712139302093406,-2.07643675054127
80.5,0.0604630507697421,0.047495124077256,-2.103153999761077
80.51,0.0609398788636365,0.047870825908519904,-2.295232285662565
80.52,0.0614204735912573,0.04824841230238585,-2.3451913527328805
80.53,0.0619048532984863,0.04862785045975695,-2.2937102734306376
80.54,0.0623930367722542,0.04900914822191244,-2.4183571060913374
80.55,0.0628850422564408,0.049392243292620035,-2.491478067614253
80.5599999999999,0.0633808874682638,0.049777088311594365,-2.548533404413759
80.57,0.0638805896714487,0.05016363669776136,-2.8098301779832706
80.58,0.0643841654949261,0.05055175964243641,-2.797270359415449
80.59,0.0648916300660078,0.050941440338968136,-2.73770336792192
80.6,0.0654029994676442,0.05133268384271602,-2.9367258722878984
80.61,0.0659182886125174,0.05172538374423018,-2.983376656724079
80.62,0.066437511805877,0.0521194886908784,-3.140717349342952
80.63,0.0669606827225625,0.05251489714269593,-3.3661594454713706
80.64,0.0674878137050996,0.052911478124541396,-3.317997164321169
80.65,0.0680189161491747,0.053309221670195625,-3.3423730109392666
80.66,0.0685540018438296,0.05370808698531386,-3.538875181308854
80.67,0.0690930812319791,0.05410795114649756,-3.5883516480875164
80.6799999999999,0.0696361639292972,0.054508746052867624,-3.877490208177277
80.69,0.0701832586953357,0.054910294656372594,-4.008857316648819
80.7,0.0707343720243383,0.055312492236858406,-3.936899310367204
80.71,0.0712895106335432,0.05571533102425401,-4.108353773250053
80.72,0.0718486803665342,0.056118688156212015,-4.267489562977426
80.73,0.0724118857099925,0.05652243821781753,-4.349000294047689
80.74,0.0729791300571872,0.0569264822987309,-4.7509439711911865
80.75,0.0735504155726291,0.05733057049511897,-4.786268412535337
80.76,0.0741257413917793,0.057734629839185925,-4.723203454072187
80.77,0.074705107927315,0.05813863856880553,-5.039492073707597
80.78,0.075288513313972,0.05854238528550197,-5.1537336282556865
80.79,0.0758759543219141,0.05894574503366816,-5.3633666088566265
80.8,0.0764674263143119,0.05934854204313322,-5.719924277997112
80.8099999999999,0.077062922525994,0.05975052836352547,-5.748624924849307
80.82,0.0776624339014352,0.0601516221888068,-5.811805051965378
80.83,0.0782659516152774,0.06055172595536562,-6.129442987479085
80.84,0.0788734643659222,0.06095060748896933,-6.269961277681685
80.85,0.0794849591272462,0.06134811089216127,-6.641036798789519
80.86,0.0801004210985092,0.06174396258223786,-6.926030956570902
80.87,0.0807198321689141,0.06213793499198773,-6.950981972604061
80.88,0.0813431731893969,0.0625299376679977,-7.1943544315468015
80.89,0.0819704236553093,0.06291976680564601,-7.505074135505877
80.9,0.0826015604695111,0.0633071758736561,-7.702599591800819
80.91,0.0832365583931501,0.06369196683002828,-8.183841566118401
80.92,0.0838753899872846,0.06407379734297315,-8.423639291622068
80.9299999999999,0.0845180237778939,0.06445245173874146,-8.547370139225585
80.94,0.0851644278663047,0.0648277776227889,-8.96591606028407
80.95,0.0858145672166619,0.06519946678389342,-9.281363888859257
80.96,0.086468404182694,0.06556725462989062,-9.689270006742435
80.97,0.0871258982949411,0.06593083283106527,-10.007535229091324
80.98,0.0877870059369514,0.06628994054945331,-10.328738325728294
80.99,0.0884516813109933,0.06664431657365244,-10.748787895657193
81.0,0.0891198754451772,0.06699364669204728,-11.166816389396814
81.01,0.0897915363719092,0.06733761583443375,-11.605955426160888
81.02,0.0904666088212329,0.06767590107922931,-12.01535243926691
81.03,0.0911450344193069,0.06800819671339206,-12.468260140398757
81.04,0.0918267516948512,0.06833417678373521,-12.944993492488772
81.05,0.0925116957552485,0.06865350177422229,-13.5042682503175
81.0599999999999,0.0931997982947175,0.06896579299462309,-14.016120878969653
81.07,0.0938909870053306,0.06927070003909484,-14.509983099602325
81.08,0.0945851865361533,0.06956788548937837,-15.109586197167191
81.09,0.0952823176820435,0.0698569618634524,-15.704095382548855
81.1,0.0959822974496952,0.07013754464971467,-16.371666805946287
81.11,0.0966850388900515,0.07040921932492082,-16.99932364561719
81.12,0.0973904508422516,0.07067159653127142,-17.644834874939722
81.13,0.0980984385035042,0.07092428345670139,-18.378301064961747
81.14,0.0988089027735642,0.071166849174282,-19.10993181559912
81.15,0.0995217403257481,0.07139886795762193,-19.87578064340753
81.16,0.100236843519289,0.0716199041351697,-20.67136913799543
81.17,0.100954100314388,0.07182951354050826,-21.4969394990167
81.1799999999999,0.101673394186463,0.07202724330297484,-22.368720619554768
81.19,0.102394604038279,0.07221262723558312,-23.179267432324536
81.2,0.10311760411406,0.07238523213504121,-24.101400811337435
81.21,0.103842264466894,0.07254457717331744,-25.10341055779337
81.22,0.104568449759178,0.07269014890298268,-26.037142032483363
81.23,0.105296019938425,0.07282146951919147,-27.023626518421757
81.24,0.10602483001795,0.07293804652984219,-27.906670640901265
81.25,0.106754730194767,0.07303943226270801,-28.986305935448787
81.26,0.107485566226333,0.0731250901208917,-30.10975688629648
81.27,0.108217177733964,0.07319446186453324,-31.10494216690744
81.28,0.108949399517019,0.07324704720216672,-32.0694162465142
81.29,0.109682061096511,0.0732823597597169,-33.011272949336245
81.3,0.110414987462449,0.07329991028951685,-34.16440859327421
81.3099999999999,0.111147998126238,0.07329910481556612,-35.20355427764587
81.32,0.111880906520093,0.07327938305718303,-36.18282008863204
81.33,0.112613520979795,0.07324020617455011,-36.84899043933833
81.34,0.113345644324043,0.07318115104842488,-37.771126657496886
81.35,0.114077075816892,0.07310165306754178,-38.8420985794698
81.36,0.114807607091058,0.07300104890947459,-39.48563656690202
81.37,0.11553702474781,0.0728788308374836,-40.16697790163612
81.38,0.11626510990225,0.07273445631410826,-40.41836076181854
81.39,0.11699163860593,0.07256752904371717,-41.0625523560539
81.4,0.117716383198325,0.07237742274541654,-41.67799650540198
81.41,0.118439107631164,0.0721634641751661,-41.80312355057817
81.42,0.119159571374672,0.07192516595387519,-41.776663598897954
81.4299999999999,0.119877528315686,0.07166207765014246,-41.574714603627285
81.44,0.120592728760036,0.07137376962568372,-41.73171469851467
81.45,0.121304917396059,0.071059558095583,-41.55917080476572
81.46,0.122013831662574,0.07071885311869981,-41.159946572497965
81.47,0.12271920456452,0.07035114895619204,-40.2015929881288
81.48,0.12342076373348,0.06995620921807534,-39.643653568139214
81.49,0.124118236088564,0.06953349853799073,-39.30831521823279
81.5,0.124811338748757,0.06908225823550897,-38.29487056344781
81.51,0.125499784862177,0.06860209882940128,-37.374086848198516
81.52,0.126183282934123,0.06809256718435935,-35.93242566190039
81.53,0.126861537711964,0.06755354471053253,-35.079102208171996
81.54,0.12753425348493,0.06698443180816518,-34.25269079595409
81.55,0.128201123903369,0.06638453199013286,-32.906176474568525
81.5599999999999,0.128861840648383,0.0657535748884342,-31.555798689935173
81.57,0.129516091180772,0.0650913475179341,-30.1324782830351
81.58,0.130163562717542,0.06439771491250797,-29.182480865771144
81.59,0.130803938754489,0.06367204503816652,-28.039325154005486
81.6,0.131436895448618,0.06291388908210827,-26.786940813774024
81.61,0.1320621076248,0.06212300381595755,-25.250222063260033
81.62,0.132679246990177,0.06129961981811682,-24.130841455265468
81.63,0.133287990629046,0.06044346702196747,-23.288467984332136
81.64,0.133888005104412,0.0595538681175412,-22.057476875104534
81.65,0.134478956496044,0.05863081494659056,-20.993037216357415
81.66,0.135060509752056,0.057674204745690925,-19.69606279295015
81.67,0.135632330016607,0.05668451585745041,-18.850479115502687
81.6799999999999,0.136194088699433,0.05566143658407505,-18.097539770548618
81.69,0.136745446172166,0.05460449127986632,-17.08214582006619
81.7,0.137286066606439,0.053513966014874514,-16.19891172188459
81.71,0.137815614319071,0.052390068307791214,-15.302697007982875
81.72,0.138333757952888,0.05123322034330108,-14.619120095275886
81.73,0.138840168746823,0.05004336441315968,-13.946315076967787
81.74,0.139334515587259,0.04882054722365886,-13.191832652320857
81.75,0.13981647166446,0.047565336423725096,-12.544540123827568
81.76,0.140285715627145,0.04627813745809034,-11.977976603739386
81.77,0.140741928695064,0.04495920090719942,-11.42193345871755
81.78,0.14118479533712,0.04360893780250864,-10.86554363757722
81.79,0.141614005235396,0.04222802057483345,-10.376549962458023
81.8,0.1420292554135,0.04081700857846681,-9.936428972383274
81.8099999999999,0.142430246837124,0.039376398841700404,-9.505549267287403
81.82,0.142816687121528,0.0379068788278418,-9.084497193785943
81.83,0.143188291038616,0.036409362541575445,-8.71941428785147
81.84,0.143544783566095,0.03488460816705036,-8.391390806709726
81.85,0.143885894888671,0.03333332170314049,-8.062079109213844
81.86,0.144211364941922,0.031756501170375026,-7.755707398796544
81.87,0.144520943440855,0.03015525015446797,-7.4864887254085986
81.88,0.144814391843122,0.028530565793491447,-7.242077580542208
81.89,0.145091480079735,0.026883448737667397,-7.004364246029995
81.9,0.145351990157743,0.02521512879252591,-6.791473592798333
81.91,0.145595716109303,0.02352683829470783,-6.597929440977328
81.92,0.145822464624563,0.021819848470683995,-6.421315854667261
81.9299999999999,0.14603205521893,0.020095498548366085,-6.263923519836366
81.94,0.146224321218277,0.018355128336489578,-6.1235858537230845
81.95,0.146399109033211,0.016600106477215652,-5.993371299732957
81.96,0.146556279738432,0.014831996467458882,-5.8793734370512425
81.97,0.146695710602904,0.013052405663974375,-5.788580890705084
81.98,0.146817294199726,0.0112626937239337,-5.707170133632132
81.99,0.146920936043886,0.009464414313551061,-5.634899279901731
82.0,0.147006560019416,0.007659407927532169,-5.580844180861583
82.01,0.147074107442798,0.005849427214093169,-5.546171746753281
82.02,0.147123536439718,0.004035745662999089,-5.519248979274862
82.03,0.147154816140611,0.0022201562499830907,-5.504753265894006
82.04,0.14716794012236,0.00040478547012727983,-5.5097010815365515
82.05,0.147162918153936,-0.0014086265279424546,-5.524444281663089
82.0599999999999,0.147139778289903,-0.0032189168792255236,-5.555659924337998
82.07,0.147098556664308,-0.005024215155565356,-5.606219482196716
82.08,0.147039318230843,-0.006822153449175436,-5.6710120673384035
82.09,0.146962143500124,-0.008611041616925219,-5.736210068114653
82.1,0.146867131390332,-0.010389833461924246,-5.832559357381756
82.11,0.146754386934251,-0.012156665472050354,-5.961280434657307
82.12,0.14662404571929,-0.013909099233367039,-6.094781103253277
82.13,0.146476257988434,-0.01564553303556801,-6.218504709738639
82.14,0.1463111917318,-0.01736507303709926,-6.3939674550811185
82.15,0.146129018998599,-0.01906594754592465,-6.621301913116501
82.16,0.145929942565062,-0.02074576629961684,-6.841033251243316
82.17,0.145714178360041,-0.02240308613248379,-7.040529438365205
82.1799999999999,0.14548195857929,-0.02403719308975774,-7.31861858333786
82.19,0.145233517448321,-0.025646490586991637,-7.675659512749989
82.2,0.144969118442073,-0.027228758789200662,-8.010188733045391
82.21,0.144689036132744,-0.028782779325407563,-8.316772226170244
82.22,0.144393559109378,-0.03030802332550144,-8.734283946930923
82.23,0.14408297630581,-0.031803144652092545,-9.265398458835008
82.24,0.143757602625661,-0.0332662195450667,-9.758762469205031
82.25,0.143417761621259,-0.03469630454561006,-10.22553394217511
82.26,0.143063787978378,-0.036093038089798454,-10.837778825207579
82.27,0.142696015673019,-0.03745538357040867,-11.602875930563151
82.28,0.142314799610517,-0.03878182883588442,-12.320576573866369
82.29,0.14192050070682,-0.0400717317525244,-13.031656325016677
82.3,0.141513487709092,-0.04132487046340019,-13.918057091001703
82.3099999999999,0.141094128271922,-0.04254055392493341,-14.992998375960328
82.32,0.140662804586941,-0.04371776567159887,-16.02634216534138
82.33,0.140219902200604,-0.04485616881069951,-17.104614443720177
82.34,0.13976581101914,-0.04595565516451762,-18.369605276481952
82.35,0.139300919986798,-0.04701588945265877,-19.837215456136036
82.36,0.138825625496235,-0.048036389854449794,-21.29705847208689
82.37,0.138340324751683,-0.04901711067442499,-22.90137901391059
82.38,0.137845415920754,-0.049958034828149575,-24.656732852811626
82.39,0.137341296663881,-0.05085916806451633,-26.56972831403456
82.4,0.136828364973197,-0.05172055659217606,-28.549561683612808
82.41,0.136307017338969,-0.05254241734552606,-30.841976718661574
82.42,0.135777648112519,-0.053324796780315306,-33.14088669348494
82.4299999999999,0.13524065185992,-0.054068008782216334,-35.42225096721022
82.44,0.134696416754443,-0.05477258902501804,-37.9154497954486
82.45,0.134145327528227,-0.05543896626339871,-40.88409711350935
82.46,0.133587764141977,-0.05606728192684152,-43.661086131512484
82.47,0.1330241069118,-0.05665803544720044,-45.98496856456258
82.48,0.132454725654248,-0.05721215671279946,-48.638982573079055
82.49,0.131879983880059,-0.057730296298125205,-51.93512755350941
82.5,0.131300238693585,-0.05821270217342574,-54.828522390555285
82.51,0.130715846782271,-0.058659946366033944,-56.549070203838916
82.52,0.130127153132755,-0.05907321880789032,-58.57670350208497
82.53,0.129534492957343,-0.05945339120387398,-61.43886323567795
82.54,0.128938194351108,-0.0598008204672755,-63.772143667919885
82.55,0.12833858347356,-0.06011607961989273,-64.13347870897509
82.5599999999999,0.127735975718564,-0.06040048055521788,-64.62596137606741
82.57,0.127130673451378,-0.06065508243611624,-66.23265833575486
82.58,0.126522971840278,-0.060880339863649456,-67.39014412052464
82.59,0.125913162339606,-0.06107679446927597,-66.0577308670804
82.6,0.125301527608026,-0.06124576756339993,-64.65344310534091
82.61,0.124688334929675,-0.06138844220619893,-64.71968159924864
82.62,0.124073844668438,-0.06150534759561723,-64.62322797029374
82.63,0.123458311887646,-0.06159698691109173,-62.00399911452139
82.64,0.122841984983268,-0.06166461193247488,-59.17604521854315
82.65,0.122225095877646,-0.06170945193181565,-58.090200060694436
82.66,0.121607870020335,-0.06173208205749216,-57.15531037832743
82.67,0.120990526416,-0.06173297659337572,-54.062297983961265
82.6799999999999,0.120373279136999,-0.06171326772429961,-50.68278700013524
82.69,0.119756326002163,-0.061674153390425354,-49.07354045463611
82.7,0.119139858836555,-0.06161622638772499,-47.78108238604746
82.71,0.118524062419299,-0.06153995097489921,-44.88389858031986
82.72,0.117909117640614,-0.0614463143896579,-41.67234059336266
82.73,0.117295190551623,-0.06133641626816719,-40.00692703161165
82.74,0.116682441621906,-0.0612108429746337,-38.654724006329324
82.75,0.116071024221815,-0.06107006514710876,-36.26365957437094
82.76,0.115461088159106,-0.06091492116724144,-33.590461236245815
82.77,0.114852770666876,-0.06074636568665012,-32.093590019406605
82.78,0.114246203722463,-0.06056495969888378,-30.810280439187945
82.79,0.113641512611069,-0.06037118524798285,-28.964266359313847
82.8,0.113038818876516,-0.06016574285466735,-26.92085613548919
82.8099999999999,0.112438234129058,-0.059949420933366054,-25.659684390712755
82.82,0.111839865008935,-0.0597227405037751,-24.483071652576157
82.83,0.111243812182425,-0.059486189831866806,-23.099705409326702
82.84,0.110650172163905,-0.05924034930796657,-21.630958643645698
82.85,0.110059034148642,-0.05898584165602537,-20.603141726143097
82.86,0.109470482655627,-0.05872313689688341,-19.52615340360222
82.87,0.108884597114924,-0.05845272234536678,-18.4998975930122
82.88,0.108301452321787,-0.058175075853733375,-17.508403187418303
82.89,0.107721118159366,-0.057890666450709116,-16.65272925967992
82.9,0.107143660113611,-0.05759991844288363,-15.719167154059349
82.91,0.106569139423601,-0.0573032874625172,-14.92077167537208
82.92,0.105997612648813,-0.057001178880282735,-14.267844525946703
82.9299999999999,0.105429132936484,-0.05669394161491708,-13.584791583187863
82.94,0.104863749682309,-0.056381939752390746,-12.793811601332285
82.95,0.104301508685359,-0.05606558243789137,-12.134677119948716
82.96,0.1037424514101,-0.055745224248775205,-11.703212917464468
82.97,0.103186616651359,-0.0554211271637325,-11.187639081709118
82.98,0.102634040320162,-0.055093586748891414,-10.525535843838355
82.99,0.102084755225503,-0.05476295959960034,-9.953958546879635
83.0,0.101538790413119,-0.054429561684734076,-9.659111838298237
83.01,0.100996172546967,-0.05409359453782935,-9.292411548561878
83.02,0.100456926294042,-0.05375528651847053,-8.740771190475357
83.03,0.0999210736174265,-0.05341494175948152,-8.231066769346295
83.04,0.0993886333590115,-0.05307284268529419,-8.017737648695169
83.05,0.0988596220778608,-0.052729148736766165,-7.773294741699584
83.0599999999999,0.0983340550997517,-0.05238402912764532,-7.309211774971819
83.07,0.09781194539176,-0.05203774136672383,-6.83431266945751
83.08,0.0972933033655226,-0.05169054217624876,-6.675558198206316
83.09,0.0967781371680349,-0.051342558471421246,-6.52238365680175
83.1,0.0962664543711008,-0.05099391151011437,-6.139861359561152
83.11,0.0957582604529562,-0.05064481099446248,-5.768876931411319
83.12,0.0952535590261067,-0.050295459538557526,-5.61110278494264
83.13,0.0947523517274176,-0.049945971378466986,-5.500370190650552
83.14,0.0942546397114189,-0.04959644029137514,-5.2084123516714484
83.15,0.0937604225008698,-0.04924703037930955,-4.774482981363262
83.16,0.0932696980486894,-0.04889795325842365,-4.673290975748779
83.17,0.0927824620710987,-0.048549290588388125,-4.665711355085124
83.1799999999999,0.092298710664261,-0.04820108682666534,-4.368072713348087
83.19,0.0918184382960492,-0.04785349218635454,-4.014721049503281
83.2,0.0913416382674932,-0.047506675487661,-3.9017248708780676
83.21,0.0908683019593188,-0.04716071196208711,-3.889820169576175
83.22,0.0903984210289371,-0.04681563858128975,-3.6490884538944424
83.23,0.0899319858230508,-0.0464715720975388,-3.3451135451898493
83.24,0.0894689858071039,-0.04612864938607295,-3.244291764478769
83.25,0.0890094088363579,-0.045786930950924544,-3.2387358104984183
83.26,0.0885532430617226,-0.04544644268778854,-3.0365899329745774
83.27,0.0881004755741114,-0.04510727524967735,-2.818003875253046
83.28,0.0876510928316665,-0.04476952690546307,-2.5867788497123794
83.29,0.0872050800258704,-0.04443329176535733,-2.601330241649946
83.3,0.0867624219044501,-0.044098581422692226,-2.5185648739826814
83.3099999999999,0.0863231031682231,-0.04376543548766527,-2.3636061057547595
83.32,0.0858871077412112,-0.04343392074132082,-2.047377719309333
83.33,0.0854544189784789,-0.0431041493454466,-1.9967268912932774
83.34,0.085025018875455,-0.04277614604469964,-2.052506013333968
83.35,0.0845988901636271,-0.042449901738342635,-1.8462795299603256
83.36,0.0841760147477607,-0.04212548501242771,-1.6654977769113006
83.37,0.0837563741655256,-0.04180295939177718,-1.4855270732298655
83.38,0.0833399490921344,-0.04148238115112106,-1.4964081555747728
83.39,0.08292672004563,-0.041163749390486434,-1.4118467046227814
83.4,0.0825166675267304,-0.04084708818914602,-1.2767057182556267
83.41,0.082109771569152,-0.040532438347313265,-1.0442574911532467
83.42,0.081706011863008,-0.040219864077512685,-0.9893438335520136
83.4299999999999,0.0813053673375284,-0.03990937728615048,-0.998366487679452
83.44,0.0809078173630431,-0.039600971485066055,-0.8373544635255288
83.45,0.0805133408437709,-0.03929468460277773,-0.684737195620608
83.46,0.080121916491156,-0.03899055315113853,-0.5461804927996521
83.47,0.079733522514765,-0.0386886055466174,-0.5306067394083112
83.48,0.0793481371091325,-0.03838883748789659,-0.44139497518265386
83.49,0.0789657384531769,-0.03809126155899015,-0.3262640510134311
83.5,0.0785863044969989,-0.03779589821019368,-0.13074667447215443
83.51,0.078209813004775,-0.03750278459031149,-0.07479205179651062
83.52,0.0778362413071405,-0.03721192189224572,-0.061848746358691704
83.53,0.0774655670851471,-0.03692330023620909,0.07648624424533143
83.54,0.0770977677670451,-0.03663693855555569,0.22824064596780563
83.55,0.076732820712357,-0.036352858937276314,0.34981156181858436
83.5599999999999,0.0763707029514864,-0.036071073375053046,0.3659022767570089
83.57,0.0760113916331506,-0.03579156954370266,0.4658506132461908
83.58,0.0756548639384003,-0.035514351915654406,0.5552735525449863
83.59,0.0753010969529126,-0.035239424520311605,0.7619318677207859
83.6,0.0749500677394609,-0.03496681358328297,0.8261683302510716
83.61,0.0746017529840728,-0.034696513643564984,0.8216499433216845
83.62,0.0742561298176759,-0.034428504803906204,0.9787640522731628
83.63,0.0739131752158604,-0.03416279842581478,1.070395019251761
83.64,0.0735728661702304,-0.03389939459503023,1.2433015877497822
83.65,0.0732351796156065,-0.0336383062419231,1.2945154940846983
83.66,0.0729000923670483,-0.03337952185605749,1.3341122415628985
83.67,0.0725675815394343,-0.03312302711912842,1.4658021519984596
83.6799999999999,0.0722376241835797,-0.0328688245720226,1.5937084320220711
83.69,0.0719101974021531,-0.032616916242881926,1.7227176806340438
83.7,0.0715852782174414,-0.032367302248472014,1.765449550178393
83.71,0.0712628437594738,-0.03211996685230367,1.8538163812041772
83.72,0.0709428713119619,-0.03187490138747117,1.9550994838864242
83.73,0.0706253381805936,-0.031632100154029355,2.123885538297557
83.74,0.0703102217528964,-0.031391567571950725,2.211101575012287
83.75,0.0699974993054333,-0.031153293293580825,2.241738978132162
83.76,0.0696871484193135,-0.030917257550704704,2.376224585546799
83.77,0.0693791467071601,-0.03068345629697334,2.471200941395429
83.78,0.0690734718727954,-0.030451880319432488,2.638162109803193
83.79,0.0687701016889253,-0.030222529765650104,2.7084280343210763
83.8,0.0684690139117671,-0.029995389412551417,2.7571633889160476
83.8099999999999,0.0681701865908117,-0.02977044055560915,2.891371965914646
83.82,0.0678735978173927,-0.029547676701233844,3.011449097660854
83.83,0.0675792258006032,-0.029327089705238434,3.151028958305086
83.84,0.0672870487942472,-0.029108672783482656,3.2130370073909784
83.85,0.0669970451702763,-0.028892407995030275,3.2989898489971163
83.86,0.0667091935087954,-0.02867828023672865,3.414091111149642
83.87,0.0664234724763924,-0.02846627867851721,3.5689051171415884
83.88,0.0661398608715834,-0.02825639720059059,3.671881167635643
83.89,0.0658583375140024,-0.02804862208453674,3.7220688313622636
83.9,0.0655788814737463,-0.027842932795158044,3.849979461193602
83.91,0.06530147194384,-0.02763931797108143,3.9460537189696496
83.92,0.0650260882457032,-0.02743776303075115,4.097008389358222
83.9299999999999,0.0647527098461874,-0.027238259557714473,4.237975916167986
83.94,0.0644813162562156,-0.027040797012168813,4.279690702570566
83.95,0.0642118871748649,-0.026845353125520024,4.378367165425164
83.96,0.0639444025165834,-0.02665191185465462,4.504089471749596
83.97,0.0636788423041922,-0.026460460526746048,4.627092111703756
83.98,0.0634151867133926,-0.026270986539668473,4.809025455016226
83.99,0.063153416012548,-0.02608348249813752,4.861758418939
84.0,0.06289351056819,-0.025897926978170685,4.923609149373661
84.01,0.0626354510423479,-0.025714299486278083,5.0806667353854245
84.02,0.0623792181891723,-0.025532589196911384,5.178461045902843
84.03,0.0621247929187598,-0.025352780105155372,5.3587064857061
84.04,0.0618721562831146,-0.0251748633769718,5.440851169674981
84.05,0.0616212894065049,-0.024998820372359315,5.497902429347486
84.0599999999999,0.0613721736963697,-0.024824630122236478,5.653673256581185
84.07,0.0611247906694837,-0.02465228067094257,5.7467107579761985
84.08,0.0608791220016134,-0.024481755014595215,5.913382538029798
84.09,0.0606351495289676,-0.024313042163462188,6.013761765708816
84.1,0.0603928551739923,-0.024146125011725746,6.077137957713222
84.11,0.0601522211081304,-0.023980983292625803,6.219935323556227
84.12,0.0599132296363229,-0.023817603362467334,6.315403156356675
84.13,0.0596758632227275,-0.023655968257258835,6.48294753388037
84.14,0.0594401044942652,-0.023496066673673172,6.613293611012992
84.15,0.0592059361625398,-0.023337883895687327,6.661796152871034
84.16,0.0589733411556621,-0.023181398690881885,6.783740722160711
84.17,0.0587423025813852,-0.023026595531264415,6.90402936415791
84.1799999999999,0.0585128036879342,-0.022873459257751437,7.044612087858119
84.19,0.0582848278844683,-0.022721976416695613,7.211919366970172
84.2,0.0580583586912571,-0.022572135038151944,7.270925099727873
84.21,0.0578333797779719,-0.02242391516176235,7.35829561345066
84.22,0.0576098750405412,-0.022277298947989573,7.5086545370409645
84.23,0.0573878284981526,-0.022132273193344276,7.619831004198156
84.24,0.0571672243264614,-0.021988822321397303,7.765161361196996
84.25,0.0569480468485348,-0.021846932796278605,7.861748190433636
84.26,0.0567302805221665,-0.021706587814095818,7.953726173829603
84.27,0.0565139099993468,-0.021567770373166532,8.08778397318725
84.28,0.0562989200706489,-0.02143046628013586,8.199706924222399
84.29,0.056085295681174,-0.02129466006000567,8.3009974155145
84.3,0.0558730219304004,-0.021160335543461754,8.398761978745377
84.3099999999999,0.0556620840845595,-0.02102747653830346,8.523723267910507
84.32,0.0554524675629483,-0.020896068614958442,8.63532930928141
84.33,0.0552441579261536,-0.020766096636637192,8.732178095185668
84.34,0.0550371408969482,-0.020637544576899113,8.80080382532569
84.35,0.0548314023529552,-0.020510395671070998,9.084725304218843
84.36,0.054626928326589,-0.020384645106931155,9.19551340944888
84.37,0.0544237048438085,-0.020260277863560067,9.119471644602804
84.38,0.0542217182366063,-0.020137268874969215,9.296493499850547
84.39,0.0540209549767208,-0.02001560680309246,9.428316814825463
84.4,0.0538214016548837,-0.019895278643227977,9.532771717418502
84.41,0.0536230450063988,-0.019776269815000257,9.621804385894983
84.42,0.0534258719112177,-0.01965856503296637,9.733840239975674
84.4299999999999,0.0532298694051928,-0.019542150356223073,9.852461615165439
84.44,0.0530350246491917,-0.01942701228678026,9.943443427736025
84.45,0.0528413249529376,-0.019313136105506987,10.042068692933942
84.46,0.0526487577675897,-0.01920050761153996,10.154083932169112
84.47,0.0524573106850376,-0.019089113593334997,10.315778668482038
84.48,0.0522669714193765,-0.01897894305304456,10.371593378746681
84.49,0.0520777277984322,-0.018869980159793784,10.428169509529567
84.5,0.0518895678411118,-0.018762209313703586,10.569299145098416
84.51,0.0517024796780953,-0.018655618866210193,10.656674442697355
84.52,0.0515164515743257,-0.018550195154628732,10.7667381795711
84.53,0.0513314719280886,-0.018445925533424938,10.872086010790175
84.54,0.0511475292596137,-0.018342797254031786,10.947703102795542
84.55,0.0509646122244103,-0.018240796461277582,11.038594667563745
84.5599999999999,0.0507827096153831,-0.018139910090428715,11.137969480522706
84.57,0.0506018103495971,-0.018040125643394835,11.243201005060271
84.58,0.0504219034719595,-0.017941430770580455,11.24726764602808
84.59,0.0502429781542289,-0.017843809414200273,11.341296070847978
84.6,0.0500650237449072,-0.01774724935910653,11.501318453847109
84.61,0.0498880296628827,-0.017651741054923918,11.538910069160673
84.62,0.0497119854642827,-0.01755727050467357,11.609095324571188
84.63,0.0495368808358238,-0.01746382490012497,11.673845799700613
84.64,0.0493627055889968,-0.017371391885153145,11.900842169674899
84.65,0.0491894496486105,-0.017279964741500307,11.888534178980333
84.66,0.0490171029927947,-0.017189528170645507,11.83275176714222
84.67,0.048845655835187,-0.017100065627340528,12.012406101790921
84.6799999999999,0.0486750984620862,-0.01701156890619229,12.06117890587283
84.69,0.0485054212782234,-0.016924025821354133,12.122426410718388
84.7,0.048336614805829,-0.016837424547109375,12.174827636859929
84.71,0.0481686696836919,-0.016751753634911746,12.446282103547038
84.72,0.0480015766514873,-0.016667008477113412,12.391880030203922
84.73,0.0478353264796792,-0.016583173840668645,12.28512638176872
84.74,0.047669910190981,-0.01650023311727996,12.49663511108344
84.75,0.0475053188605217,-0.016418179898565477,12.531928733164301
84.76,0.0473415436723009,-0.016337002873779462,12.589071534864427
84.77,0.0471785759180663,-0.01625669127134332,12.642757352883393
84.78,0.0470164069961913,-0.016177234591590862,12.786916947018165
84.79,0.0468550284042061,-0.016098624998669004,12.791020100264861
84.8,0.0466944317124102,-0.01602085059760807,12.774622855458798
84.8099999999999,0.0465346086476578,-0.015943899102707597,12.891700052177724
84.82,0.0463755510155179,-0.01586776222522243,12.93280621283955
84.83,0.0462172507213926,-0.01579242985600826,12.993827942943735
84.84,0.0460596997693153,-0.015717892429089067,13.048182275117819
84.85,0.045902890260758,-0.015644139638175868,12.70064658947526
84.86,0.0457468144219318,-0.015571151181939871,12.970889536733862
84.87,0.0455914646989057,-0.015498923924207875,13.312537265945707
84.88,0.0454368334163297,-0.01542745661650685,13.057733239663513
84.89,0.0452829130868462,-0.015356732456385351,13.129054931911453
84.9,0.0451296963194366,-0.015286742610987985,13.14472325333517
84.91,0.0449771758185271,-0.015217477482564665,13.165197690530523
84.92,0.0448253443830955,-0.015148927967502276,13.34306357705009
84.9299999999999,0.0446741948940252,-0.015081088750313356,13.263470544255094
84.94,0.0445237202795217,-0.015013948168316726,13.156230359506992
84.95,0.0443739136399743,-0.01494749409200596,13.287579377442514
84.96,0.0442247681308863,-0.014881720321790795,13.28285175131104
84.97,0.0440762769959827,-0.014816617801474119,13.296441062216871
84.98,0.0439284335662038,-0.01475217787045823,13.306359606099342
84.99,0.0437812312586912,-0.01468839192234212,13.298210602672047
85.0,0.0436346635770093,-0.014625251107979777,13.314797807953031
85.01,0.0434887241131077,-0.014562747297575698,13.331665759723576
85.02,0.0433434065344934,-0.01450087250467602,13.32201568464843
85.03,0.0431987045942731,-0.014439618290288473,13.324434644246443
85.04,0.0430546121268936,-0.014378976597483224,13.323167637665478
85.05,0.0429111230471439,-0.014318939443442742,13.320106400134817
85.0599999999999,0.0427682313491578,-0.014259498937557735,13.313047136472653
85.07,0.0426259311055998,-0.014200647242639843,13.308421919991776
85.08,0.0424842164670477,-0.014142376707552105,13.302523497593908
85.09,0.0423430816593799,-0.01408467978547973,13.291480026633748
85.1,0.0422025209843049,-0.014027548952974072,13.28058453881083
85.11,0.042062528817915,-0.013970976825477984,13.278340713134092
85.12,0.0419230996096854,-0.013914956269690169,13.248068452073905
85.13,0.0417842278814812,-0.013859479413539749,12.99292646606393
85.14,0.0416459082451973,-0.013804534441465115,13.14212455873196
85.15,0.041508135431635,-0.013750117725836591,13.298986098794261
85.16,0.0413709041438916,-0.013696225856520718,13.092481812640177
85.17,0.041234209198136,-0.0136428485269657,13.093094366763903
85.1799999999999,0.0410980454799878,-0.013589979192181063,13.060006781156897
85.19,0.0409624079436405,-0.013537611038351207,13.05265318074494
85.2,0.0408272916109893,-0.013485737640928086,12.885292982265899
85.21,0.0406926915707502,-0.013434349871137112,12.882474102608771
85.22,0.0405586030137768,-0.013383441822634179,12.970104610816689
85.23,0.0404250211504769,-0.013333009322956623,12.852694020774381
85.24,0.040291941267519,-0.013283044655783168,12.806953082362899
85.25,0.0401593587194426,-0.013233541320184158,12.763405784215397
85.26,0.0400272689241964,-0.013184493046577579,12.719326983846404
85.27,0.0398956673623182,-0.013135893652774176,12.657447612232819
85.28,0.0397645495761131,-0.013087736745979496,12.59352492884825
85.29,0.0396339111731091,-0.013040016035147095,12.565978681966621
85.3,0.0395037478200411,-0.012992725955382364,12.519066417829436
85.3099999999999,0.0393740552379599,-0.012945860717732648,12.451795642327987
85.32,0.0392448292095654,-0.01289941427815641,12.398614889144183
85.33,0.0391160655754314,-0.01285338091469018,12.344809949252793
85.34,0.0389877602331919,-0.01280775500204362,12.293587479009517
85.35,0.0388599091367347,-0.012762530898047242,12.095038100303725
85.36,0.038732508300237,-0.012717700855512971,12.115365718009697
85.37,0.0386055538195579,-0.012673260761484305,12.163433393912616
85.38,0.0384790417984391,-0.012629207014340043,11.997260868957124
85.39,0.0383529684137296,-0.012585532756200236,11.947942028995161
85.4,0.0382273298953314,-0.012542232880521805,11.878974608483134
85.41,0.0381021225254403,-0.012499302195854932,11.84739331471875
85.42,0.0379773426377873,-0.012456735944044173,11.592179576554106
85.4299999999999,0.0378529866168794,-0.012414526193639704,11.537259053308205
85.44,0.0377290509401295,-0.012372668242005964,11.661632381702006
85.45,0.0376055320874147,-0.01233116013516974,11.505198444292011
85.46,0.0374824265911104,-0.01228999588787141,11.401702499048145
85.47,0.037359731040947,-0.012249170172270429,11.329623289942491
85.48,0.0372374420749325,-0.012208678264992851,11.261036488312966
85.49,0.0371155563786639,-0.012168515549888561,11.137536275180862
85.5,0.0369940706846447,-0.012128676643089961,10.971478086069112
85.51,0.0368729817846312,-0.012089155760347295,10.990680876805023
85.52,0.0367522865198417,-0.012049949825668378,10.95591946126597
85.53,0.0366319817514816,-0.012011055084146412,10.798592522701446
85.54,0.0365120643985281,-0.011972466113904269,10.723854009766683
85.55,0.03639253142422,-0.01193417862805016,10.636176513402384
85.5599999999999,0.0362733798354174,-0.011896188307779741,10.564025226377343
85.57,0.036154606681962,-0.011858490990048858,10.353593801853632
85.58,0.0360362090573977,-0.011821080837551696,10.323007306588494
85.59,0.0359181841188682,-0.011783954511754003,10.332117552333152
85.6,0.0358005290311732,-0.011747109255060123,10.153850175839244
85.61,0.0356832410135765,-0.011710539932691458,10.075040532177862
85.62,0.0355663173256713,-0.011674242654643546,9.980371331171478
85.63,0.035449755266776,-0.011638213478763355,9.913077450039907
85.64,0.0353335521753264,-0.011602448741926223,9.689040406225844
85.65,0.0352177054282689,-0.011566942896021743,9.579365233225916
85.66,0.0351022124666457,-0.011531692006705048,9.64163656025867
85.67,0.034987070744853,-0.01149669436697019,9.509151849433758
85.6799999999999,0.0348722777488038,-0.011461945917619228,9.371121293524693
85.69,0.0347578310095701,-0.011427442468641495,9.281245218189111
85.7,0.0346437280944968,-0.011393180490511304,9.180981534982783
85.71,0.034529966606634,-0.011359156444955162,9.13065004933814
85.72,0.0344165441841764,-0.011325367206367737,8.754871278781136
85.73,0.0343034585004015,-0.011291806010757868,8.781036431273092
85.74,0.0341907073094009,-0.011258471021181824,8.912346686265517
85.75,0.034078288329721,-0.011225361681945224,8.61283748750452
85.76,0.0339661993412742,-0.011192472450486577,8.5407088886663
85.77,0.0338544381572213,-0.011159800257511468,8.435329099963521
85.78,0.0337430026234617,-0.011127341854713473,8.340758523628638
85.79,0.0336318906181224,-0.011095094120160885,8.210030951403873
85.8,0.0335211000510486,-0.011063053478792446,7.97609810202316
85.8099999999999,0.0334106288723358,-0.011031215357189377,7.987415688235528
85.82,0.033300475074624,-0.010999578039253059,7.9731861845793315
85.83,0.0331906366495883,-0.010968139566611714,7.76353652775802
85.84,0.033081111633779,-0.010936895818426894,7.674341258756598
85.85,0.0329718980935692,-0.010905843957508855,7.566539069903075
85.86,0.0328629941246824,-0.010874981072621128,7.479507689171466
85.87,0.0327543978517166,-0.010844304437689137,7.282164441806582
85.88,0.0326461074276727,-0.01081381017821141,7.139713496227091
85.89,0.0325381210500143,-0.010783495139751801,7.1609282573712925
85.9,0.0324304369324494,-0.0107533579826028,7.049037717901027
85.91,0.0323230533067004,-0.010723395995649218,6.894089677767596
85.92,0.0322159684390738,-0.010693605977362316,6.795875610367474
85.9299999999999,0.0321091806224874,-0.010663985351464246,6.6868777643541355
85.94,0.0320026881760289,-0.010634531522885881,6.622257935657486
85.95,0.0318964894445169,-0.010605242221625098,6.290988827976725
85.96,0.0317905827980561,-0.010576112591995207,6.264532688290023
85.97,0.0316849666653,-0.010547141016794815,6.359668050101163
85.98,0.0315796394533331,-0.010518327154763855,6.1077971021079644
85.99,0.0314745996087483,-0.010489667198934106,6.0097311342691695
86.0,0.0313698456042142,-0.010461158763049386,5.902618717677684
86.01,0.0312653759362209,-0.010432799500412378,5.801799604975206
86.02,0.0311611891246798,-0.010404587142624652,5.683638754037557
86.03,0.0310572837125226,-0.010376519174838384,5.407600508014957
86.04,0.0309536582717428,-0.0103485916878777,5.423129631127154
86.05,0.0308503114137055,-0.010320803702905043,5.442159010593789
86.0599999999999,0.0307472417366883,-0.010293154306339949,5.2047065443167595
86.07,0.0306444478764352,-0.010265640117954809,5.117267253749702
86.08,0.0305419284903412,-0.010238259119874112,5.0076595517359515
86.09,0.0304396822570833,-0.01021100920206592,4.914651501351434
86.1,0.030337707876258,-0.010183888383734178,4.741387547631335
86.11,0.0302360040680175,-0.010156893941899205,4.581090605595621
86.12,0.0301345695838629,-0.01013002337627673,4.5845261160992035
86.13,0.0300334031909504,-0.010103275764213888,4.495095823431705
86.14,0.0299325036648744,-0.010076649352945815,4.333297221423486
86.15,0.0298318698078152,-0.010050141700030808,4.236529840393381
86.16,0.0297315004411348,-0.010023750963148385,4.128847072398377
86.17,0.0296313944050373,-0.009997475275078221,4.054941644432095
86.1799999999999,0.029531550558229,-0.009971312987490984,3.7840826923324102
86.19,0.0294319677775782,-0.009945260772844269,3.7218684161848667
86.2,0.0293326449799609,-0.009919317263192296,3.7821151865338285
86.21,0.0292335810716338,-0.009893482214620025,3.5854094648066432
86.22,0.0291347749822569,-0.00986775313548344,3.4729341749514466
86.23,0.0290362256617006,-0.009842128193346546,3.372868120912235
86.24,0.0289379320767533,-0.00981660573695587,3.2682714935338053
86.25,0.0288398932108066,-0.00979118412176511,3.201085452860204
86.26,0.0287421080635396,-0.009765861935234274,2.9239325325213725
86.27,0.0286445756506028,-0.009740636009544085,2.801189391751482
86.28,0.028547295027351,-0.009715504629142422,2.9185999447809676
86.29,0.0284502652424431,-0.0096904681742567,2.7706083466848646
86.3,0.0283534853537591,-0.009665524799703918,2.6090580681427276
86.3099999999999,0.0282569544427784,-0.0096406724524792,2.5192548262277827
86.32,0.0281606716059979,-0.009615909714013379,2.416656845770862
86.33,0.028064635954651,-0.009591235124955817,2.336747285446282
86.34,0.0279688466144215,-0.009566647369384375,2.14396965194526
86.35,0.0278733027251619,-0.009542144198597391,1.9656336404099513
86.36,0.0277780034544112,-0.009517723595706419,2.028630684267099
86.37,0.0276829479784003,-0.009493385565487351,1.9576198662776703
86.38,0.0275881354718135,-0.00946912904484255,1.774763407420938
86.39,0.0274935651322388,-0.00944495202088947,1.6905348991823737
86.4,0.0273992361705003,-0.00942085326127408,1.5910981196466736
86.41,0.0273051478104014,-0.00939683148094168,1.5031674772145278
86.42,0.0272112992884672,-0.009372885474667546,1.3718577210388572
86.4299999999999,0.027117689853687,-0.00934901366759997,1.1765561602182528
86.44,0.0270243187737452,-0.009325214070821704,1.1887179755813877
86.45,0.0269311853327374,-0.009301486365896472,1.1581526084835618
86.46,0.026838288809369,-0.009277829919322744,0.9783059981755854
86.47,0.026745628502585,-0.009254242927800681,0.8977643168575384
86.48,0.0266532037228447,-0.009230724322760713,0.8028925777093068
86.49,0.0265610137918791,-0.009207272988949206,0.7162359804148652
86.5,0.0264690580424531,-0.009183887874336546,0.6188690875653855
86.51,0.0263773358181261,-0.009160567766351829,0.33617998657795034
86.52,0.0262858464777411,-0.009137310172313447,0.3809139181078345
86.53,0.0261945894061453,-0.009114115121114114,0.436448181204231
86.54,0.0261035639672843,-0.009090982738130712,0.1972013964618152
86.55,0.0260127695490054,-0.009067910951032564,0.13001393743231177
86.5599999999999,0.0259222055491976,-0.009044898880171664,0.0383398783159654
86.57,0.0258318713755756,-0.009021945553620039,-0.051374611956584174
86.58,0.0257417664454665,-0.008999050030079257,-0.1040501868279171
86.59,0.025651890185591,-0.008976211523890916,-0.4426474565359791
86.6,0.0255622420329303,-0.00895342730132829,-0.40250926306300483
86.61,0.0254728214581529,-0.008930697427654306,-0.282927080579863
86.62,0.0253836279021211,-0.008908022552205856,-0.5542671075687285
86.63,0.0252946608304359,-0.008885400543883246,-0.6134120312956421
86.64,0.025205919717459,-0.00886283066770261,-0.7024179188493629
86.65,0.0251174040461221,-0.00884031207625752,-0.7903416463640229
86.66,0.025029113307735,-0.008817843941277392,-0.8520154171095812
86.67,0.0249410470017948,-0.008795425564750813,-1.0679128762080246
86.6799999999999,0.0248532046357939,-0.008773055231337413,-1.1116646215809285
86.69,0.0247655857383634,-0.008750732466477538,-1.0723485233607049
86.7,0.0246781898280443,-0.008728457384844155,-1.2351637988956583
86.71,0.0245910164357753,-0.00870622872810754,-1.3194152755566155
86.72,0.0245040651012704,-0.008684045721104369,-1.4006784199386912
86.73,0.0244173353715451,-0.008661907653564171,-1.4839281231837473
86.74,0.0243308268007352,-0.008639813822250663,-1.543860649603298
86.75,0.0242445389499214,-0.00861776363663749,-1.7340158369133212
86.76,0.0241584713869509,-0.008595755666217694,-1.8145086452761447
86.77,0.0240726236976672,-0.008573789267268355,-1.764830467784637
86.78,0.0239869954626477,-0.008551864679822378,-1.882613370274369
86.79,0.023901586267568,-0.00852998105186414,-1.989813374222953
86.8,0.023816395707736,-0.008508137555735998,-2.061954591266373
86.8099999999999,0.0237314233845973,-0.008486333613675687,-2.1403312314903404
86.82,0.0236466689055704,-0.008464568636494299,-2.2018557341343348
86.83,0.0235621318838843,-0.008442842120846608,-2.330160370849765
86.84,0.0234778119384113,-0.008421153081411618,-2.57408267263352
86.85,0.0233937087018261,-0.00839949990056518,-2.4706678824104866
86.86,0.0233098218188742,-0.00837788321938742,-2.433054344056637
86.87,0.0232261509156553,-0.008356303272167524,-2.652657577966292
86.88,0.0231426956353714,-0.008334758642734863,-2.703996083572545
86.89,0.0230594556264638,-0.008313248911966602,-2.7799154598364506
86.9,0.0229764305424704,-0.00829177357732254,-2.8555774418067728
86.91,0.0228936200418833,-0.008270332150516648,-2.890723740498667
86.92,0.0228110237880061,-0.008248924309988265,-3.1722201337218205
86.9299999999999,0.0227286414488114,-0.008227548303158262,-3.149355243528644
86.94,0.0226464727150938,-0.008206204285781678,-3.042174672312271
86.95,0.0225645172549639,-0.00818489293558609,-3.262969361461779
86.96,0.0224827747515199,-0.008163612954585071,-3.314342259821562
86.97,0.0224012448924905,-0.008142363983861586,-3.3864299641450692
86.98,0.0223199273698568,-0.008121145606763391,-3.4576323188509503
86.99,0.0222388218797225,-0.008099957417368488,-3.5184975932500246
87.0,0.0221579281221875,-0.008078799058714819,-3.6318751717750524
87.01,0.0220772458012203,-0.008057669871521737,-3.718444358141383
87.02,0.021996774628885,-0.0080365693853083,-3.7219841370684774
87.03,0.0219165143178851,-0.008015497629543292,-3.7910268550684174
87.04,0.0218364645817429,-0.007994454260251896,-3.883110051808609
87.05,0.0217566251396287,-0.007973438786221747,-3.9445691253642607
87.0599999999999,0.021676995714064,-0.007952450896520804,-4.010483323290855
87.07,0.0215975760308005,-0.007931490274120056,-4.067870192318801
87.08,0.0215183658186998,-0.00791055664587769,-4.143352261053302
87.09,0.0214393648096095,-0.00788964957987749,-4.378383722112867
87.1,0.0213605727420413,-0.007868767823052472,-4.308592267293643
87.11,0.0212819893671178,-0.007847911872397504,-4.24156005098665
87.12,0.0212036144175325,-0.00782708221584077,-4.440625617149804
87.13,0.0211254476382268,-0.007806277850860941,-4.481152209146542
87.14,0.0210474887768142,-0.007785498594440847,-4.544324840684181
87.15,0.0209697375834747,-0.007764744195236576,-4.60769652918556
87.16,0.0208921938108486,-0.007744014412527691,-4.622925476176233
87.17,0.0208148572139304,-0.007723309177962388,-4.926090359263586
87.1799999999999,0.0207377275499631,-0.007702626929141527,-4.917253276170595
87.19,0.0206608045977462,-0.007681967848497477,-4.739972624361359
87.2,0.020584088112872,-0.007661333035601769,-4.941089075145297
87.21,0.0205075778590213,-0.007640721576527339,-5.010539452258183
87.22,0.0204312736044361,-0.007620133167659301,-5.066868927019346
87.23,0.0203551751194423,-0.007599567625071023,-5.127720863819915
87.24,0.0202792821763591,-0.007579024753714131,-5.183461516969121
87.25,0.0202035945494138,-0.007558504381663332,-5.260438379566491
87.26,0.0201281120146538,-0.0075380062271724994,-5.339086518749667
87.27,0.0200528343515995,-0.007517530018095644,-5.362163319953773
87.28,0.0199777613411054,-0.007497075778279168,-5.410274330668947
87.29,0.0199028927631981,-0.0074766434081417355,-5.487347171144481
87.3,0.0198282284008361,-0.007456232656842561,-5.540147761297262
87.3099999999999,0.0197537680384221,-0.007435843395896663,-5.595985990520229
87.32,0.0196795114617185,-0.00741547549343918,-5.650062063336177
87.33,0.0196054584577649,-0.007395128830379351,-5.698890379026015
87.34,0.0195316088147912,-0.007374803295900727,-5.817729279751903
87.35,0.0194579623226492,-0.0073544984568407745,-5.831588470599591
87.36,0.019384518776301,-0.007334214413577562,-5.830956501803829
87.37,0.0193112779646642,-0.0073139513418125565,-5.932027724486332
87.38,0.0192382396805405,-0.007293708921383401,-5.975269626715238
87.39,0.0191654037175827,-0.007273487095769942,-6.02603373856115
87.4,0.019092769870215,-0.00725328579185237,-6.077258070503279
87.41,0.0190203379335526,-0.007233104944522409,-6.089301364469352
87.42,0.018948107703322,-0.007212944613852549,-6.32399353503102
87.4299999999999,0.0188760789757814,-0.007192803820926739,-6.386785711204615
87.44,0.0188042515617077,-0.007172682458985152,-6.230414010166866
87.45,0.0187326252591494,-0.0071525814746524535,-6.342085133997302
87.46,0.0186611998653442,-0.007132500564001592,-6.438462742489294
87.47,0.0185899751818317,-0.007112439434188433,-6.482489771859635
87.48,0.0185189510108463,-0.007092398047845849,-6.550559266843763
87.49,0.0184481271552688,-0.007072376299999099,-6.529686659617169
87.5,0.0183775034185825,-0.0070523744819190985,-6.598196383048921
87.51,0.0183070795997212,-0.007032392465232465,-6.718738673284474
87.52,0.0182368555042958,-0.007012429885369364,-6.728754674272659
87.53,0.0181668309368031,-0.006992486879713218,-6.776282942055788
87.54,0.018097005701482,-0.006972563443305638,-6.825690669219966
87.55,0.0180273796027764,-0.006952659553965754,-6.878514856890639
87.5599999999999,0.0179579524452789,-0.006932775185317647,-6.896290927236189
87.57,0.0178887240336542,-0.006912910462513316,-6.954552103876936
87.58,0.0178196941707425,-0.006893065331160653,-7.024107611397437
87.59,0.0177508626619868,-0.006873239689872529,-7.048632188401706
87.6,0.017682229311679,-0.006853433635974303,-7.095494902434502
87.61,0.0176137939239309,-0.0068336471820083155,-7.135446651242272
87.62,0.0175455563026122,-0.006813880366425754,-7.1683151637546505
87.63,0.0174775162512934,-0.006794133213945039,-7.3708091146400445
87.64,0.0174096735745501,-0.00677440506887594,-7.327437228938018
87.65,0.0173420280851075,-0.0067546963439090585,-7.2450563748769525
87.66,0.0172745795813901,-0.006735007620309926,-7.401614090183439
87.67,0.0172073278672825,-0.006715338474166712,-7.428008374166074
87.6799999999999,0.0171402727463873,-0.0066956889832133866,-7.472553690698326
87.69,0.0170734140219851,-0.006676059182470085,-7.51686151920162
87.7,0.0170067514969965,-0.006656449105356833,-7.565686317816226
87.71,0.0169402849740525,-0.00663685877041317,-7.604376440487529
87.72,0.0168740142555693,-0.00661728824044155,-7.642694884574609
87.73,0.0168079391430171,-0.0065977375817835235,-7.688754579075248
87.74,0.0167420594375663,-0.006578206830963318,-7.7297122615662985
87.75,0.0166763749398425,-0.006558696046094804,-7.7675834775966965
87.76,0.0166108854498881,-0.0065392052966600205,-7.818399381079414
87.77,0.0165455907671229,-0.006519734593091678,-7.8959700992415
87.78,0.0164804906914087,-0.006500283848601621,-7.919245122079923
87.79,0.0164155850231783,-0.006480853195833398,-7.9450267158850645
87.8,0.0163508735601635,-0.006461442760738283,-8.011909346687892
87.8099999999999,0.0162863561006613,-0.0064420525082117186,-8.05173412469045
87.82,0.0162220324425613,-0.006422682487066655,-8.187932883692547
87.83,0.0161579023833461,-0.006403332514258453,-7.758446281375133
87.84,0.0160939657200899,-0.006384004488316596,-7.941543717171068
87.85,0.0160302222226011,-0.006364697900839977,-8.434345173687746
87.86,0.0159666716951993,-0.006345411061770059,-8.200865241740194
87.87,0.0159033139323221,-0.006326145011899034,-8.243254087102553
87.88,0.0158401487252703,-0.00630689988924257,-8.27914177046651
87.89,0.015777175864597,-0.006287675779299117,-8.361651143540735
87.9,0.0157143951401076,-0.006268472565180752,-8.5271490015499
87.91,0.0156518063445364,-0.0062492898669143085,-8.443957752848334
87.92,0.0155894092726072,-0.006230128234037489,-8.406185551346505
87.9299999999999,0.0155272037086235,-0.006210988052484894,-8.550743329982676
87.94,0.0154651894408889,-0.006191869033000027,-8.576353096558103
87.95,0.0154033662570882,-0.006172771276098405,-8.700358707700714
87.96,0.0153417339442848,-0.006153694662056628,-8.33564137615198
87.97,0.0152802922889225,-0.006134640748209122,-8.468027731838761
87.98,0.0152190410550101,-0.006115609264979149,-8.917408722516472
87.99,0.0151579800326757,-0.0060965988167075436,-8.744926623813384
88.0,0.0150971090061079,-0.0060776101807333924,-8.76203037414221
88.01,0.0150364277557098,-0.006058643574064141,-8.835177356737066
88.02,0.0149759360609709,-0.006039699002440032,-8.797222536141119
88.03,0.0149156337004674,-0.00602077691508669,-8.50031067022066
88.04,0.0148555204444615,-0.006001878554569209,-8.841202884992166
88.05,0.014795596053445,-0.00598300295132998,-9.112234765113621
88.0599999999999,0.01473586031134,-0.005964149371256595,-8.882957916847117
88.07,0.014676312989655,-0.005945318794018349,-8.961086931469461
88.08,0.0146169538586923,-0.005926511246972484,-8.961477737386529
88.09,0.0145577826875456,-0.005907726917964209,-9.15523302776854
88.1,0.0144987992441015,-0.005888965381738281,-9.168283252541725
88.11,0.0144400033030843,-0.005870226834724868,-9.03518356445047
88.12,0.0143813946288105,-0.005851511956273415,-9.14376627512019
88.13,0.0143229729853846,-0.0058328206427584375,-9.198790851417154
88.14,0.0142647381372567,-0.005814152926853364,-9.224472667068001
88.15,0.0142066898477849,-0.005795508943473322,-9.276250396936458
88.16,0.0141488278792353,-0.005776888729743359,-9.41447476522195
88.17,0.0140911519944302,-0.005758292073250055,-9.368793810744668
88.1799999999999,0.0140336619579883,-0.005739719353449917,-9.332726986152508
88.19,0.0139763575265989,-0.005721170919902403,-9.449855323921547
88.2,0.0139192384589989,-0.005702646638186682,-9.472571750667814
88.21,0.0138623045129033,-0.005684146636047401,-9.585626522526296
88.22,0.0138055554450059,-0.005665670863159147,-9.268846881828779
88.23,0.0137489910109806,-0.005647220585815024,-9.143743453093094
88.24,0.0136926109471964,-0.005628796384922619,-9.690292205458002
88.25,0.0136364150007251,-0.005610396777595781,-9.724681429480983
88.26,0.0135804029291526,-0.005592021818871561,-9.556099871761758
88.27,0.0135245744799417,-0.005573672254951627,-9.623238561520798
88.28,0.0134689293991938,-0.005555348148964141,-9.629681277746393
88.29,0.0134134674316489,-0.005537049677075854,-9.77161402765832
88.3,0.0133581883206859,-0.005518776639768369,-9.759670423226895
88.3099999999999,0.0133030918131276,-0.005500529298639199,-9.687372324472696
88.32,0.0132481776477956,-0.005482308090525847,-9.789320948475902
88.33,0.0131934455643632,-0.005464112950583396,-9.81346447385658
88.34,0.0131388953014338,-0.005445944013709161,-9.843343285014052
88.35,0.0130845265963032,-0.005427801411679994,-9.87240606740012
88.36,0.0130303391849607,-0.005409685279572583,-9.893683738480561
88.37,0.01297633280198,-0.0053915957721190995,-9.929905076105136
88.38,0.0129225071803969,-0.005373533001100745,-9.965737531390552
88.39,0.0128688620524471,-0.00535549707907579,-9.988552120598175
88.4,0.0128153971488296,-0.0053374881546557965,-10.018938187185078
88.41,0.0127621121989307,-0.0053195063572200555,-10.04481542162419
88.42,0.0127090069308244,-0.005301551823768484,-10.088582995989931
88.4299999999999,0.0126560810712719,-0.005283624642159982,-10.125890781999551
88.44,0.0126033343464114,-0.005265724921390741,-10.132193765662377
88.45,0.0125507664806859,-0.005247852854414224,-10.159520620195906
88.46,0.0124983771967033,-0.005230008577857513,-10.197778270221173
88.47,0.0124461662161368,-0.005212192195840866,-10.224356952813396
88.48,0.0123941332593615,-0.005194403841311567,-10.257913048510549
88.49,0.0123422780454524,-0.005176643635516652,-10.258436730156108
88.5,0.0122906002921855,-0.005158911781158286,-10.295419037789413
88.51,0.0122390997149908,-0.005141208383507527,-10.348587847648215
88.52,0.0121877760294077,-0.005123533505692538,-10.358960236789034
88.53,0.0121366289492509,-0.005105887319140007,-10.386615418572763
88.54,0.0120856581869494,-0.005088269955857607,-10.414192086357883
88.55,0.0120348634536212,-0.005070681545155774,-10.439879304230931
88.5599999999999,0.011984244459073,-0.005053122222954213,-10.450548236242607
88.57,0.0119338009116584,-0.0050355921593800024,-10.485861701755745
88.58,0.0118835325180015,-0.005018091461726597,-10.522878544417091
88.59,0.0118334389841748,-0.00500062023236084,-10.538030811342301
88.6,0.0117835200146114,-0.004983178628481681,-10.548067766333194
88.61,0.0117337753124209,-0.004965766806486642,-10.654091141353918
88.62,0.0116842045793881,-0.004948384691727436,-10.698940090261214
88.63,0.0116348075191668,-0.004931032369204081,-10.628384807935392
88.64,0.0115855838315859,-0.004913710201678365,-10.669409267910552
88.65,0.0115365332143078,-0.004896418289514233,-10.71987223787747
88.66,0.0114876553647175,-0.00487915669602091,-10.738354853041084
88.67,0.0114389499789613,-0.004861925547472518,-10.83745876079268
88.6799999999999,0.0113904167523364,-0.004844724797502528,-10.826023237174681
88.69,0.0113420553809557,-0.004827554658592551,-10.796023982976916
88.7,0.011293865556373,-0.004810415385241611,-10.87150893647861
88.71,0.0112458469702852,-0.00479330699050333,-10.896362725544328
88.72,0.0111979993132014,-0.004776229595207428,-10.8947769460026
88.73,0.0111503222744433,-0.0047591833863583404,-10.90617907545685
88.74,0.0111028155410627,-0.004742168515010755,-10.968958140907583
88.75,0.0110554787995386,-0.004725185015891755,-10.994041042735118
88.76,0.0110083117357651,-0.004708233005406634,-11.003441544700081
88.77,0.0109613140339695,-0.004691312638274208,-11.023030110327873
88.78,0.0109144853771587,-0.004674424037929955,-11.106904750436897
88.79,0.0108678254472803,-0.004657567193845809,-11.102816441495147
88.8,0.0108213339268031,-0.004640742287562592,-11.07701505402553
88.8099999999999,0.0107750104943862,-0.004623949546020817,-11.141572435957341
88.82,0.0107288548285134,-0.004607189006845076,-11.135261081210105
88.83,0.0106828666064852,-0.0045904608297083396,-11.262786826129343
88.84,0.0106370455044165,-0.004573764893499137,-11.377763682309357
88.85,0.010591391201176,-0.004557101125939927,-11.242035304609999
88.86,0.0105459033732597,-0.004540469978891726,-11.236280539553885
88.87,0.0105005816923436,-0.004523871639649128,-11.341148627180933
88.88,0.0104554258312243,-0.004507306055779193,-11.33421577378503
88.89,0.0104104354616507,-0.004490773373959093,-11.483387470554973
88.9,0.01036561025441,-0.004474273451721611,-11.462904088508019
88.91,0.0103209498827043,-0.004457806490064965,-11.389456173157578
88.92,0.0102764540138597,-0.0044413727938708535,-11.49681054382234
88.9299999999999,0.0102321223160561,-0.0044249723135992465,-11.514219981220311
88.94,0.0101879544564889,-0.004408605159779957,-11.532461145587774
88.95,0.0101439501013698,-0.004392271452360831,-11.542710810223353
88.96,0.0101001089155429,-0.004375971322211663,-11.585097479960446
88.97,0.0100564305627714,-0.004359704836727485,-11.619002700417512
88.98,0.0100129147063671,-0.004343472078965804,-11.623736720339942
88.99,0.0099695610083707,-0.004327273180900881,-11.696046742402904
89.0,0.0099263691298132,-0.004311108151760839,-11.715432000396698
89.01,0.0098833387320483,-0.004294977100530708,-11.699103964963644
89.02,0.0098404694739992,-0.004278880203395913,-11.732266188300853
89.03,0.0097977610139224,-0.00426281753946752,-11.785150822524137
89.04,0.0097552130092135,-0.004246789114624146,-12.073339349691757
89.05,0.0097128251184988,-0.004230794540046752,-11.95702668531491
89.0599999999999,0.0096705970043653,-0.004214834169677529,-11.80505523811831
89.07,0.0096285283199424,-0.004198908421179894,-12.027511018939393
89.08,0.0095866187211236,-0.004183017060447493,-11.92059133444328
89.09,0.0095448678631068,-0.004167160404706736,-11.904416781422928
89.1,0.0095032753969342,-0.004151338616201639,-12.067781547472801
89.11,0.009461840974992,-0.00413555153805986,-12.0868719765521
89.12,0.0094205642501494,-0.004119799259699164,-12.044141664286288
89.13,0.0093794448733956,-0.004104081958844283,-12.325719932673719
89.14,0.0093384824953269,-0.004088399283989966,-12.270941162154267
89.15,0.0092976767714733,-0.004072751459028266,-12.108885177212407
89.16,0.0092570273488498,-0.004057138888479093,-12.293543929797933
89.17,0.0092165338766622,-0.00404156140382256,-12.294925180184388
89.1799999999999,0.0091761960034556,-0.004026019113753289,-12.31269223139383
89.19,0.0091360133767784,-0.004010512113035783,-12.362781753063915
89.2,0.0090959856434298,-0.0039950404404718014,-12.406716118228358
89.21,0.0090561124500201,-0.003979604148452451,-12.36429362578906
89.22,0.0090163934422458,-0.003964203389584016,-12.725680969316004
89.23,0.0089768282651207,-0.0039488376922007925,-12.729865130473383
89.24,0.0089374165709847,-0.00393350717006833,-12.477747780994726
89.25,0.0088981580029954,-0.003918212343557486,-12.671408944261936
89.26,0.0088590522056516,-0.0039029530428325715,-12.725165399100852
89.27,0.0088200988236828,-0.0038877292777525123,-12.79819914305637
89.28,0.0087812975016238,-0.003872541045273287,-12.826383198967257
89.29,0.0087426478841033,-0.0038573884139466727,-12.84910570898064
89.3,0.0087041496144484,-0.0038422714591342315,-12.930795050434341
89.3099999999999,0.0086658023359532,-0.003827190175440757,-12.900236118187475
89.32,0.0086276056915191,-0.0038121447238840915,-12.895953897541565
89.33,0.0085895593217218,-0.0037971352205333547,-13.013396986620094
89.34,0.0085516628674633,-0.0037821615990258173,-13.039659446183729
89.35,0.0085139159699708,-0.003767223915416756,-13.123069364193515
89.36,0.0084763182693942,-0.003752322151550815,-13.165771043616632
89.37,0.008438869407019,-0.003737456353379995,-13.139681515574274
89.38,0.008401569022035,-0.0037226266640900344,-13.172071448928904
89.39,0.0083644167535028,-0.0037078331060232755,-13.604928402538269
89.4,0.0083274122409554,-0.0036930751536141315,-13.563331971289703
89.41,0.008290555131105,-0.0036783529656650585,-13.330306343576954
89.42,0.0082538450612863,-0.0036636669684625076,-13.617858698957198
89.4299999999999,0.0082172816720298,-0.0036490168674041304,-13.751202958878306
89.44,0.0081808646045693,-0.0036344025541524268,-13.77983981480291
89.45,0.0081445935014575,-0.0036198240843608965,-13.816068848692863
89.46,0.0081084680032062,-0.003605281514079279,-13.84857509850798
89.47,0.0080724877512483,-0.0035907749126424474,-13.781116045881147
89.48,0.0080366523845852,-0.003576304462364968,-13.973105155555677
89.49,0.0080009615420066,-0.0035618700010616885,-14.086881199254837
89.5,0.0079654148647564,-0.003547471463502553,-14.093361096117684
89.51,0.0079300119927453,-0.0035331089312216324,-14.172134214853081
89.52,0.0078947525661151,-0.0035187824006859022,-14.220967255781519
89.53,0.0078596362246228,-0.003504491905886662,-14.199604866102375
89.54,0.0078246626078587,-0.0034902375275682775,-14.732460971077602
89.55,0.0077898313554005,-0.0034760186688925026,-14.733626780826716
89.5599999999999,0.0077551421156449,-0.0034618354180750563,-14.45404273120201
89.57,0.0077205945271795,-0.003447688214774151,-14.79037699542072
89.58,0.0076861882322597,-0.003433576733407489,-15.029287975339049
89.59,0.0076519228740918,-0.00341950074335001,-15.075400614954878
89.6,0.0076177980989522,-0.0034054602749299997,-15.070253974536907
89.61,0.0075838135499215,-0.003391455426612473,-15.22690559483396
89.62,0.0075499688718889,-0.003377486115723343,-15.17365394070737
89.63,0.0075162637087789,-0.0033635524870199926,-15.370317738311178
89.64,0.0074826977036982,-0.0033496543934333533,-15.53934989646202
89.65,0.0074492705028383,-0.0033357917114624977,-15.631250977002201
89.66,0.0074159817515761,-0.0033219644068374866,-15.827978555832779
89.67,0.0073828310971776,-0.0033081723399991728,-15.865461708509851
89.6799999999999,0.0073498181872331,-0.0032944155485991155,-16.00037005418211
89.69,0.0073169426688942,-0.0032806939608474675,-16.21223455442098
89.7,0.0072842041911408,-0.003267007419717515,-16.290549186242906
89.71,0.0072516024037409,-0.003253355915358378,-16.43894367786661
89.72,0.0072191369563728,-0.0032397393605191824,-16.68126278184884
89.73,0.0071868075005932,-0.0032261575689433272,-16.773803970861533
89.74,0.0071546136892215,-0.0032126105171816225,-16.92359485760571
89.75,0.0071225551748037,-0.003199098117479987,-17.22925585705193
89.76,0.0070906316121186,-0.0031856201203750377,-17.34206999440404
89.77,0.0070588426578676,-0.00317217648359663,-17.4724265502153
89.78,0.0070271879681777,-0.0031587671479758467,-17.777127785156743
89.79,0.0069956672013081,-0.0031453918754549733,-17.933970738982453
89.8,0.0069642800173997,-0.0031320505818258565,-18.088222751406608
89.8099999999999,0.0069330260766982,-0.003118743191320906,-18.339899774949526
89.82,0.0069019050411176,-0.0031054695313458337,-18.529611576232927
89.83,0.0068709165740098,-0.003092229491648323,-18.725322429621663
89.84,0.006840060339654,-0.0030790229542516446,-19.044524191349723
89.85,0.0068093360039872,-0.003065849683701673,-19.24057781252849
89.86,0.006778743235447,-0.0030527095718683806,-19.393121579738636
89.87,0.006748281702398,-0.0030396025428066,-19.895557054535587
89.88,0.0067179510755646,-0.0030265281889233333,-20.105478604563235
89.89,0.0066877510300648,-0.003013486393522561,-20.166668063725737
89.9,0.0066576812394522,-0.003000477156763364,-21.04923640909978
89.91,0.0066277413807215,-0.002987499712538289,-21.29752925636029
89.92,0.0065979311396298,-0.0029745539012424977,-21.400347456923743
89.9299999999999,0.0065682501969902,-0.00296163977013006,-21.190128527956503
89.94,0.0065386982377509,-0.0029487576508457933,-21.5072834444933
89.95,0.0065092749381059,-0.0029359073479283057,-22.209108149590932
89.96,0.0064799799866569,-0.002923088275910051,-22.81928188684089
89.97,0.0064508130699896,-0.0029102999391707953,-23.176701338915624
89.98,0.0064217738859297,-0.002897542134346694,-23.007848760346427
89.99,0.0063928621249888,-0.0028848151146874616,-23.772758650296026
90.0,0.0063640774827721,-0.0028721183208816536,-24.137750507672802
90.01,0.0063354196584913,-0.0028594515423325103,-23.950488186141186
90.02,0.0063068883524555,-0.0028468149130408136,-26.839746366483595
90.03,0.0062784832675359,-0.002834205904684141,-28.01219565185765
90.04,0.0062502041446938,-0.002821623537143339,-27.402665155640676
90.05,0.0062220507049598,-0.002809068596671695,-26.04456281530828
90.0599999999999,0.0061940226763039,-0.002796542643887519,-24.574954226983703
90.07,0.0061661197520173,-0.0027840471246941252,-26.65789953700394
90.08,0.0061383416384203,-0.0027715803108791987,-29.485077603525433
90.09,0.0061106880568543,-0.0027591398485966867,-28.855564081507953
90.1,0.0060831587523054,-0.002746726272537486,-29.827000684722663
90.11,0.0060557534449297,-0.002734338816151666,-32.9081932291165
90.12,0.006028471895728,-0.0027219750810091674,-32.37793024469762
90.13,0.0060013138621733,-0.002709635643232546,-31.68951544140554
90.14,0.0059742790999753,-0.0026973212812758246,-33.29887943876977
90.15,0.005947367356096,-0.0026850309430299737,-33.65167889228473
90.16,0.0059205784008627,-0.0026727645798883095,-32.716452316275216
90.17,0.0058939119824361,-0.0026605231006374625,-34.49692729013258
90.1799999999999,0.0058673678602827,-0.0026483052504616576,-36.76624392891984
90.19,0.0058409458035325,-0.0026361093798358106,-36.78084009559443
90.2,0.0058146455996893,-0.002623935553080852,-38.50012997457486
90.21,0.0057884670232692,-0.002611782555844978,-41.175701658221534
90.22,0.005762409884546,-0.00259964852415416,-41.05707951689165
90.23,0.0057364739890875,-0.002587533688697571,-42.220777628907655
90.24,0.0057106591491342,-0.002575437396077505,-44.365113225460924
90.25,0.0056849651826185,-0.0025633583743,-43.150898318377585
90.26,0.0056593919203233,-0.0025512978431467175,-42.7944742247779
90.27,0.0056339391635163,-0.0025392563286116775,-45.96985478364143
90.28,0.0056086067374942,-0.0025272316841074872,-48.89187103736866
90.29,0.0055833944794191,-0.0025152219417766512,-49.20694397769115
90.3,0.0055583022496386,-0.0025032270326100113,-51.20037492642138
90.3099999999999,0.0055333298936847,-0.002491245732846696,-54.43354449742479
90.32,0.0055084772955322,-0.0024792760289607863,-54.66424434984394
90.33,0.0054837443345095,-0.0024673179879966694,-56.277199470514
90.34,0.0054591308997123,-0.0024553708169283203,-58.38342652337012
90.35,0.0054346368856851,-0.002443433354811662,-60.06444808588761
90.36,0.0054102622029684,-0.002431504763486677,-61.38017717178716
90.37,0.0053860067631357,-0.00241958444883497,-63.7972348775651
90.38,0.0053618704909355,-0.0024076710764116592,-66.53909588061923
90.39,0.0053378533232821,-0.00239576312094415,-68.14791536629124
90.4,0.005313955213309,-0.002383859806749988,-70.88394977296434
90.41,0.005290176116637,-0.0023719596559999994,-73.84007937742071
90.42,0.0052665160145847,-0.002360061094428315,-75.49621326577275
90.4299999999999,0.0052429748922077,-0.002348163384099174,-78.57345706413452
90.44,0.005219552749206,-0.002336264952110025,-81.01627136348915
90.45,0.0051962495996993,-0.0023243645986208224,-84.08641433894883
90.46,0.0051730654687707,-0.0023124607749450106,-87.06010683895234
90.47,0.0051500004005598,-0.002300552025902559,-89.67669975462466
90.48,0.0051270544490834,-0.0022886371127366426,-93.63438462360227
90.49,0.0051042276853092,-0.002276714029937469,-96.53862008921469
90.5,0.0050815202002943,-0.0022647814246258588,-99.81072143154852
90.51,0.0050589320938395,-0.0022528377596925113,-103.79471111043787
90.52,0.0050364634882809,-0.0022408811055675045,-107.1142866412878
90.53,0.0050141145203651,-0.002228909923783329,-111.44800366353797
90.54,0.0049918853451672,-0.002216922120149995,-115.61740672118273
90.55,0.0049697761397839,-0.002204915732837498,-119.35260810891
90.5599999999999,0.0049477870980493,-0.0021928891066583275,-123.46913608715246
90.57,0.0049259184313624,-0.0021808403995475425,-127.97468157341856
90.58,0.0049041703705942,-0.0021687675521958375,-132.79579086207178
90.59,0.0048825431680888,-0.0021566683569549843,-137.4055468236343
90.6,0.004861037098124,-0.002144540767865899,-142.15226624768349
90.61,0.0048396524544354,-0.002132382696731678,-147.36158754695347
90.62,0.0048183895535109,-0.002120191827004998,-152.543630461664
90.63,0.0047972487347918,-0.0021079658903408274,-157.80042291977466
90.64,0.0047762303602158,-0.002095702616464219,-163.3313918556207
90.65,0.0047553348149155,-0.00208339961675752,-169.0352468294892
90.66,0.0047345625084762,-0.002071054441197466,-174.8069010373783
90.67,0.0047139138748859,-0.0020586646383483585,-180.7806141527467
90.6799999999999,0.0046933893729227,-0.002046227682017474,-186.93868283072294
90.69,0.0046729894870893,-0.002033740979159119,-193.22230938818643
90.7,0.0046527147279455,-0.0020212019026724926,-199.6745042232395
90.71,0.0046325656325674,-0.002008607771167538,-206.22601665320718
90.72,0.0046125427650682,-0.0019959558843658004,-212.9293151341535
90.73,0.004592646716611,-0.0019832434912708504,-219.87734489387523
90.74,0.0045728781064182,-0.0019704677438400608,-226.82812693588352
90.75,0.0045532375823199,-0.0019576258257582736,-233.8791383638154
90.76,0.0045337258200002,-0.001944714896132445,-241.24213630706708
90.77,0.004514343524358,-0.0019317319770691802,-248.60125058166844
90.78,0.0044950914302589,-0.0019186741197325045,-256.0068477190905
90.79,0.0044759703016378,-0.0019055383758691809,-263.69649007759256
90.8,0.0044569809326065,-0.0018923216714766549,-271.37991638935404
90.8099999999999,0.0044381241482431,-0.0018790209569774811,-279.0733761053099
90.82,0.0044194008036785,-0.0018656331950025191,-287.0488193302856
90.83,0.0044008117850511,-0.0018521552170066835,-294.9750399607111
90.84,0.0043823580104708,-0.0018385838953057809,-302.8267752129599
90.85,0.0043640404286223,-0.0018249161499316654,-311.0045136961802
90.86,0.0043458600196848,-0.0018111487365075217,-319.10733560925246
90.87,0.0043278177967549,-0.0017972784546666707,-327.0307144120067
90.88,0.0043099148039125,-0.0017833021970666907,-335.2814276067798
90.89,0.0042921521170039,-0.0017692166793108186,-343.4522496642602
90.9,0.0042745308453248,-0.0017550186498375123,-351.3824438991101
90.91,0.0042570521295706,-0.0017407049700500325,-359.58555852104996
90.92,0.0042397171424266,-0.0017262723378200027,-367.71218722642845
90.9299999999999,0.0042225270902243,-0.0017117174675641516,-375.52970061484507
90.94,0.0042054832110928,-0.001697037209109988,-383.5613082633911
90.95,0.0041885867750079,-0.0016822282617258042,-391.5327012285826
90.96,0.0041718390857886,-0.0016672873161350137,-399.1020677724776
90.97,0.0041552414791978,-0.001652211233026684,-406.8395868614339
90.98,0.0041387953225482,-0.0016369967271825155,-414.5212463705711
90.99,0.0041225020170479,-0.0016216404822282787,-421.74451007476426
91.0,0.0041063629958513,-0.0016061393665758425,-429.05972487052014
91.01,0.00409037972349,-0.0015904901232600302,-436.2914629605144
91.02,0.0040745536980741,-0.0015746894562733067,-443.09435694657583
91.03,0.0040588864496215,-0.0015587342206683412,-449.87122451927166
91.04,0.0040433795396561,-0.001542621189554172,-456.4998473374304
91.05,0.0040280345626262,-0.0015263471102416435,-462.787270719848
91.0599999999999,0.0040128531448582,-0.0015099088118050155,-468.92133710749727
91.07,0.0039978369444673,-0.0014933030907491732,-474.8276764316486
91.08,0.0039829876518015,-0.0014765267415250017,-480.48685276584183
91.09,0.0039683069890625,-0.0014595765630516584,-485.88226558570796
91.1,0.0039537967106028,-0.0014424493636733058,-490.9724758197375
91.11,0.0039394586024439,-0.001425141975230857,-495.8882373196617
91.12,0.0039252944824935,-0.001407651164440026,-500.4676142855136
91.13,0.0039113062012158,-0.0013899737298424947,-504.66174247565175
91.14,0.0038974956405108,-0.0013721065252349852,-508.7158865870779
91.15,0.0038838647141634,-0.0013540462871733457,-512.470852995382
91.16,0.0038704153691025,-0.0013357897349016682,-515.718172943515
91.17,0.0038571495844102,-0.0013173337114925317,-518.7492365325957
91.1799999999999,0.0038440693706734,-0.0012986749674075012,-521.6504575535603
91.19,0.0038311767721097,-0.0012798100883374887,-523.9373999115417
91.2,0.0038184738667874,-0.0012607358484550079,-525.8620200091596
91.21,0.0038059627639227,-0.001241449014562495,-527.8526797800877
91.22,0.003793645606992,-0.0012219460058766347,-529.1517205959243
91.23,0.003781524575494,-0.0012022234834158545,-529.9350681391976
91.24,0.003769601880063,-0.0011822782071583583,-531.0138972233427
91.25,0.0037578797665006,-0.0011621063516733467,-531.3021200404005
91.26,0.0037463605199038,-0.0011417044158491573,-530.9786738651493
91.27,0.0037350464564212,-0.0011210690870458386,-530.9631896578961
91.28,0.0037239399293297,-0.001100196390355842,-530.2989087613645
91.29,0.0037130433323533,-0.0010790825483658242,-528.9933388007477
91.3,0.0037023590942033,-0.0010577240154291676,-527.7503791087548
91.3099999999999,0.0036918896812139,-0.0010361167530999924,-526.2016053657678
91.32,0.003681637602066,-0.0010142565783416704,-523.9204820548263
91.33,0.0036716054056269,-0.000992139651795849,-521.4857453688298
91.34,0.0036617956789083,-0.0009697618286133219,-519.0806641887219
91.35,0.0036522110541678,-0.0009471184127058264,-515.8204127948258
91.36,0.0036428542098268,-0.0009242052502683208,-512.1204262066375
91.37,0.0036337278624996,-0.0009010182335333552,-508.8894425271538
91.38,0.0036248347755949,-0.0008775520403333419,-504.90465590238904
91.39,0.0036161777683366,-0.000853801792699148,-500.18326297441143
91.4,0.0036077597013628,-0.0008297631639700135,-495.5620624266485
91.41,0.0035995834837667,-0.0008054310578108547,-491.1624427039139
91.42,0.0035916520787121,-0.0007807992820249887,-485.77539402618356
91.4299999999999,0.0035839685140683,-0.0007558626921058318,-479.86258295109224
91.44,0.0035765358576186,-0.0007306164906066848,-474.48432083527126
91.45,0.0035693572380714,-0.0007050541399825055,-468.6033116054336
91.46,0.0035624358496097,-0.0006791692748275037,-462.1097478265577
91.47,0.003555774946795,-0.0006529561980033165,-455.4278583664793
91.48,0.0035493778403867,-0.0006264089177875011,-449.1157567589311
91.49,0.0035432479080478,-0.0005995196385500233,-442.06683780031534
91.5,0.0035373886097666,-0.0005722816661125007,-434.59346184897385
91.51,0.0035318034584602,-0.0005446887984083316,-427.42211416828195
91.52,0.0035264960436194,-0.0005167330583016551,-420.0661904275929
91.53,0.0035214700346792,-0.0004884059890641521,-412.2121955164374
91.54,0.0035167291865148,-0.0004597001331166687,-404.1434869411457
91.55,0.0035122773203111,-0.00043060808357664666,-396.3902773234306
91.5599999999999,0.0035081183446486,-0.0004011200237758322,-388.24667952388154
91.57,0.0035042562697788,-0.0003712268929108338,-379.80095325653366
91.58,0.0035006951851095,-0.0003409204531666604,-371.4382315902509
91.59,0.0034974392711476,-0.00031019110510747874,-363.142318962778
91.6,0.003494492809979,-0.00027902746820081335,-354.49820090062576
91.61,0.0034918602013477,-0.0002474199396408451,-345.7589731499672
91.62,0.0034895459228944,-0.0002153591574949906,-337.12016339109095
91.63,0.0034875545672277,-0.00018283406260749595,-328.58103390768105
91.64,0.0034858908359184,-0.00014983031677665942,-319.7936247970687
91.65,0.0034845595930526,-0.00011633673544750977,-310.9242849600259
91.66,0.0034835657675068,-8.234378102247982e-05,-302.25165605178745
91.67,0.0034829144281886,-4.783786038584151e-05,-293.54801209832345
91.6799999999999,0.0034826107707291,-1.2803699120830127e-05,-284.8385021963454
91.69,0.0034826601620773,2.277314661000707e-05,-276.17064533344694
91.7,0.0034830680825109,5.890429989831216e-05,-267.58725760699497
91.71,0.0034838401448498,9.560412780415138e-05,-259.0265239132028
91.72,0.0034849821169213,0.00013288941398086193,-250.49703247732688
91.73,0.003486499942024,0.00017077773618167248,-242.1734307896762
91.74,0.0034883997302268,0.00020928349824750683,-233.9499406520568
91.75,0.003490687722952,0.0002484220866008216,-225.7430173457394
91.76,0.0034933703445556,0.00028821215588167095,-217.5197786811714
91.77,0.0034964542062623,0.0003286747307433189,-209.66770201163934
91.78,0.0034999461380034,0.00036982699354250366,-202.0046547594284
91.79,0.0035038531028452,0.0004116856991933481,-194.32060833530852
91.8,0.0035081822779937,0.0004542716759399765,-186.50273000472
91.8099999999999,0.0035129410422815,0.0004976099951949889,-179.22912404500158
91.82,0.003518137052381,0.0005417208866050109,-172.28477540644528
91.83,0.0035237780985202,0.0005866225385958365,-165.14979616578324
91.84,0.0035298722215107,0.0006323393288583332,-158.05139758649457
91.85,0.0035364276906876,0.0006788980204691696,-151.31719209372358
91.86,0.0035434530702572,0.0007263235748258237,-145.0504558079061
91.87,0.0035509571260359,0.0007746377186908253,-138.69897185332758
91.88,0.003558948875318,0.0008238665727075032,-132.3556209115849
91.89,0.0035674376049311,0.000874039563682487,-126.19116688465898
91.9,0.0035764329126939,0.0009251868969724823,-120.62142105802012
91.91,0.0035859446774012,0.0009773342943041581,-115.12020753437957
91.92,0.0035959830274421,0.0010305096881849823,-109.55197347930392
91.9299999999999,0.0036065584076002,0.0010847456474116924,-104.01614975943124
91.94,0.0036176815917037,0.0011400775940675271,-99.12917886012562
91.95,0.0036293637138046,0.0011965358039199953,-94.4590642399998
91.96,0.0036416161657892,0.001254150620300814,-89.66158278865511
91.97,0.0036544507038138,0.0013129581116433473,-84.77935906816118
91.98,0.0036678794373412,0.0013729990514516812,-80.56024723429216
91.99,0.0036819149128234,0.0014343085736033213,-76.6719675077886
92.0,0.0036965699516918,0.001496919995629984,-72.55643167616705
92.01,0.0037118577897862,0.0015608739879216776,-68.45363830319171
92.02,0.003727792053568,0.0016262149826475226,-64.79814818915376
92.03,0.0037443868492824,0.0016929842806199776,-61.55131191847319
92.04,0.0037616566297437,0.0017612199228991597,-58.14389466317056
92.05,0.0037796162855174,0.0018309663820566722,-54.79804754593377
92.0599999999999,0.0037982811527001,0.001902271372072504,-51.65042728132136
92.07,0.0038176670670868,0.0019751830382574984,-48.93029082258031
92.08,0.0038377903176502,0.002049745511412506,-46.22549414616421
92.09,0.0038586676405273,0.002126006249727495,-43.49891109089306
92.1,0.0038803162788546,0.002204017503525012,-40.84634507510129
92.11,0.0039027540067547,0.0022838341339724783,-38.61741771020627
92.12,0.0039259991470464,0.0023655062412582875,-36.493465656007224
92.13,0.003950070489985,0.002449085121175049,-34.30266858568905
92.14,0.003974987395746,0.002534627714895044,-32.2704731406888
92.15,0.0040007697818105,0.002622191563187482,-30.412513492242272
92.16,0.004027438155863,0.002711833954219943,-28.687661755166157
92.17,0.0040550135833385,0.0028036126623666576,-27.003683738702744
92.1799999999999,0.0040835177334636,0.0028975883991633825,-25.410579037916207
92.19,0.0041129728831313,0.002993823525520013,-23.92556270476625
92.2,0.0041434019463058,0.0030923813179849604,-22.57969900126977
92.21,0.0041748284630137,0.003193324847554184,-21.274811277700177
92.22,0.0042072766143646,0.003296719649136701,-20.07421986220766
92.23,0.0042407712458952,0.003402631611524987,-19.06331472462569
92.24,0.0042753378514614,0.0035111240997633595,-17.941021580183303
92.25,0.0043110025664051,0.00362226785538581,-16.891443799883874
92.26,0.0043477922864722,0.003736135369440804,-15.968253217342298
92.27,0.0043857345833353,0.0038527970625633332,-15.439014795485667
92.28,0.0044248577425701,0.0039723111858291915,-14.571316183064098
92.29,0.0044651905676807,0.00409475237599667,-13.61769103242394
92.3,0.0045067628189359,0.004220204007595804,-13.045707095370084
92.3099999999999,0.0045496049091421,0.004348735041274964,-12.644816273529822
92.32,0.0045937479933498,0.0044804076198442155,-12.2439127869573
92.33,0.0046392237580389,0.00461528633605168,-11.46155216953117
92.34,0.004686064695729,0.00475345885702412,-10.93388357668109
92.35,0.0047343041678495,0.004895003332864209,-10.639921198417372
92.36,0.0047839762089917,0.005039984153702491,-10.744507230766956
92.37,0.0048351154641968,0.005188443654176658,-10.147765221760837
92.38,0.0048877569680631,0.005340467900764975,-9.534034256104682
92.39,0.0049419370019195,0.00549615048021501,-9.346840348184674
92.4,0.0049976923626815,0.0056555543035675115,-9.838976112477225
92.41,0.0050550605635182,0.005818693652001663,-9.502480126084837
92.42,0.0051140789444246,0.00598564097277082,-8.75950201322949
92.4299999999999,0.0051747864176241,0.006156506796394962,-8.842512832512943
92.44,0.0052372222787962,0.006331335895520052,-9.095075195736088
92.45,0.0053014264229236,0.00651015123831331,-9.401450153616622
92.46,0.0053674386793582,0.006692969869755837,-8.838811702422458
92.47,0.0054352994735225,0.006879887876355019,-8.634783139457138
92.48,0.0055050502992167,0.007070972452723288,-8.844460534372155
92.49,0.005576732836629,0.007266239478810813,-9.726761919572539
92.5,0.0056503888898834,0.007465631839188359,-9.374822801567863
92.51,0.0057260594613988,0.007669217063407518,-8.856308178161232
92.52,0.0058037874766725,0.007877090362467486,-9.168213183847923
92.53,0.0058836154833329,0.00808924072215669,-10.235469786533322
92.54,0.0059655862218601,0.008305556277876673,-10.309438743550542
92.55,0.0060497405362408,0.008526038059604996,-9.647064039006931
92.5599999999999,0.0061361211465905,0.008750787298723327,-10.119848523018092
92.57,0.0062247703140235,0.008979752776767531,-10.648646310600752
92.58,0.0063157299682749,0.0092128531228908,-11.474899581875821
92.59,0.0064090407765039,0.009449958743917455,-11.3808261144256
92.6,0.0065047424716868,0.009691065633132505,-11.378446694778228
92.61,0.0066028752920486,0.009936153146629198,-12.382710554383882
92.62,0.0067034782166566,0.010185036692990817,-12.735958461123705
92.63,0.0068065883586668,0.01043761655951917,-12.878101731513476
92.64,0.0069122426014735,0.01069382438885421,-13.521245699300886
92.65,0.0070204763834415,0.010953498642734169,-14.304434821519576
92.66,0.0071313234881917,0.011216441340844993,-14.73977816061921
92.67,0.0072448156152843,0.01148250597022833,-15.0528553345167
92.6799999999999,0.0073609834953145,0.011751556595891628,-16.216065777701182
92.69,0.0074798557239965,0.012023296777549155,-17.090859063959332
92.7,0.0076014575663823,0.012297468657810891,-17.50495718776339
92.71,0.0077258125705208,0.01257389466045494,-18.33219461648527
92.72,0.0078529420285716,0.012852309703145012,-19.913981061631226
92.73,0.0079828640622563,0.013132301485040805,-20.834541896477017
92.74,0.0081155923358889,0.01341357328464335,-21.574565167713924
92.75,0.0082511388508543,0.01369586237235917,-23.191681586233386
92.76,0.0083895115431984,0.013978739509479964,-24.689059119498246
92.77,0.0085307142360492,0.014261793273414959,-26.11578025315444
92.78,0.0086747466763105,0.014544631850623416,-27.746644655971636
92.79,0.0088216047229413,0.014826832404550891,-29.697949562920147
92.8,0.0089712796162604,0.015107922581759062,-31.754116676349042
92.8099999999999,0.0091237578671023,0.015387423973043287,-34.04520945519723
92.82,0.0092790211197874,0.0156648360912759,-36.60286090260948
92.83,0.0094370458743921,0.015939636511485736,-39.404713706859525
92.84,0.0095978033436257,0.016211290154869232,-42.63583458340028
92.85,0.0097612592764304,0.01647922735894844,-46.31842765462767
92.86,0.0099273735175095,0.016742852315438282,-50.262958471945296
92.87,0.0100960999823887,0.017001580405554113,-54.860481393802864
92.88,0.0102673867134395,0.017254790899770816,-60.29184470648248
92.89,0.0104411751952039,0.01750181845360329,-66.38527068638503
92.9,0.0106174003120586,0.01774200344428832,-72.25790240585115
92.91,0.0107959905569091,0.01797479635398075,-80.30270800460349
92.92,0.0109768691937665,0.018199485591457547,-90.43925891699489
92.9299999999999,0.0111599506863894,0.018415266796434987,-99.21016855944157
92.94,0.0113451430769261,0.018621616850579878,-109.58051954246154
92.95,0.0115323496066137,0.01881797395624584,-124.46698485179996
92.96,0.0117214665334913,0.019003517166437587,-141.32942444217983
92.97,0.0119123814641615,0.019177472046624195,-155.48926416584845
92.98,0.012104975877336,0.019339432005418232,-176.1272751153231
92.99,0.0122991277117764,0.01948869150827752,-202.4945396944324
93.0,0.0124947046737603,0.0196243942172517,-225.96131130574707
93.01,0.0126915688545626,0.019746061627990023,-249.79978786543245
93.02,0.0128895777135554,0.019853314092737526,-283.1088189587456
93.03,0.0130885846347784,0.019945419086799077,-320.8452671604262
93.04,0.0132884332243582,0.020021598838943337,-346.44799586755653
93.05,0.0134889626505691,0.02008161783792579,-377.6722746025359
93.0599999999999,0.0136900099792078,0.020124979486029145,-411.79324324636497
93.07,0.0138914045330241,0.02015099279843176,-433.8864943270324
93.08,0.0140929707456747,0.02015923756603249,-438.8097863906613
93.09,0.0142945296464925,0.02014962429253992,-443.8601037433856
93.1,0.0144959023790311,0.02012176603872081,-442.5161707501388
93.11,0.0146969026847705,0.020075171053734225,-419.8271729283629
93.12,0.0148973431272522,0.0200097883916066,-395.7490262230883
93.13,0.0150970351058132,0.019925401236328327,-366.47494905629384
93.14,0.0152957871403799,0.019821799628735048,-333.1494884195443
93.15,0.0154934066414327,0.019698851853564132,-298.9567966083642
93.16,0.01568969945676,0.019556475398731638,-265.23048278855504
93.17,0.0158844714144263,0.019394665513648483,-233.13670198992259
93.1799999999999,0.0160775282764809,0.0192135105034524,-205.04293545632194
93.19,0.0162686773375621,0.019013062671205772,-180.2052966304139
93.2,0.0164577255814321,0.018793396798096745,-156.3671161518671
93.21,0.0166444823334912,0.018554858781226598,-137.20790273976772
93.22,0.0168287606281421,0.01829767842349096,-120.84437252478837
93.23,0.0170103746574949,0.018022096033400072,-105.71687052010839
93.24,0.0171891427626428,0.017728578488953282,-93.30514133296465
93.25,0.0173648878854888,0.017417558307002378,-82.78262428962957
93.26,0.0175374370334189,0.0170894756937817,-74.20256931825466
93.27,0.0177066218268634,0.016744693409198454,-66.19379804198412
93.28,0.0178722772103858,0.01638379204429837,-59.174387020471805
93.29,0.0180342460921202,0.01600744392099571,-53.927388164823974
93.3,0.0181923761101575,0.015616074366845013,-48.83011622767362
93.3099999999999,0.0183465197545175,0.015210346159174899,-44.36312654540526
93.32,0.0184965375855428,0.01479099362797657,-40.770946617204345
93.33,0.0186422963561016,0.014358646277436767,-37.469901410480624
93.34,0.0187836696874731,0.013914048033980872,-34.605561552177456
93.35,0.0189205390166675,0.013457964765021656,-32.2296785340787
93.36,0.0190527931059923,0.012991103248675886,-30.00548656005911
93.37,0.0191803279324526,0.012514296133069152,-28.064417919229147
93.38,0.0193030486239128,0.012028387422562271,-26.596262632209502
93.39,0.0194208676240632,0.011534035793744353,-25.077809041072932
93.4,0.0195337041481696,0.011032125020629207,-23.73982281357496
93.41,0.0196414878312577,0.010523557339393402,-22.832517719187997
93.42,0.0197441552789933,0.01000895662975505,-21.822437008833933
93.4299999999999,0.0198416497899256,0.009489201893789097,-20.9372373701097
93.44,0.0199339250219422,0.00896518709578587,-20.35764552721684
93.45,0.0200209415475942,0.008437555886653288,-19.722466824209903
93.46,0.0201026668888478,0.007907149721152515,-19.185034949317725
93.47,0.020179078018772,0.007374807712601644,-18.842777632084527
93.48,0.0202501588248263,0.0068411858882123115,-18.487885337941346
93.49,0.02031590010991,0.006307079109420013,-18.215492104596454
93.5,0.0203763013113663,0.0057732622336001465,-18.084954007331245
93.51,0.0204313684179616,0.005240352023388352,-17.95612800763231
93.52,0.0204811138212071,0.004709087067414989,-17.899891725610118
93.53,0.0205255579458298,0.004180177355116744,-17.961293742507078
93.54,0.0205647270862221,0.0036541717296975466,-18.036494349410376
93.55,0.0205986532554676,0.003131733198607553,-18.179593901692815
93.5599999999999,0.0206273756907458,0.0026134946196609775,-18.418797017331762
93.57,0.0206509387981865,0.0020999435455523047,-18.694531335232664
93.58,0.020669392073614,0.0015916500661457104,-19.03868612969472
93.59,0.0206827910929469,0.0010891573957744032,-19.462523439855996
93.6,0.0206911960408915,0.0005929088643868291,-19.94875967449358
93.61,0.0206946716489136,0.00010337869139730403,-20.510473938465665
93.62,0.0206932874576212,-0.00037899012872161475,-21.150183559354538
93.63,0.0206871169838168,-0.0008538164573265959,-21.87247350870857
93.64,0.0206762375355637,-0.0013207161219268005,-22.683100145142912
93.65,0.0206607302473328,-0.0017793331825458926,-23.584133957776974
93.66,0.0206406795003804,-0.0022293583357506884,-24.586383160598817
93.67,0.0206161726842559,-0.002670498905875714,-25.699303692489007
93.6799999999999,0.0205873000312386,-0.0031024813169092114,-26.92463005745553
93.69,0.0205541543629035,-0.003525068238369091,-28.27630147078199
93.7,0.0205168306875903,-0.003938045819307668,-29.771617286355525
93.71,0.0204754261236738,-0.004341214853523264,-31.405847884317026
93.72,0.0204300396157179,-0.004734413673791767,-33.213414692944646
93.73,0.0203807715703471,-0.005117492153008593,-35.19334971918329
93.74,0.0203277239018317,-0.00549032782038303,-37.36221638762268
93.75,0.0202709994709452,-0.005852824161749175,-39.76056250865921
93.76,0.0202107021589487,-0.006204893458903437,-42.36595907020815
93.77,0.020146936526693,-0.006546483694370853,-45.25582134799476
93.78,0.0200798075628825,-0.006877546369454003,-48.40167940205208
93.79,0.0200094207457401,-0.0071980623696457175,-51.85567363126033
93.8,0.01993588147566,-0.007508028586070108,-55.673647010330015
93.8099999999999,0.0198592953132705,-0.007807448526389883,-59.798042863907064
93.82,0.0197797675334541,-0.008096359753795765,-64.40134868258191
93.83,0.0196974030312597,-0.008374792992476832,-69.37455574787896
93.84,0.0196123063900291,-0.008642809608948917,-74.84189501333053
93.85,0.0195245813249677,-0.008900479223532438,-80.87123410387817
93.86,0.019434331036192,-0.009147875694313364,-87.33262613025978
93.87,0.0193416577073868,-0.009385104038799082,-94.55748287294863
93.88,0.0192466625326995,-0.00961225563094256,-102.28392452278966
93.89,0.0191494457816836,-0.009829450132057643,-110.72719657721393
93.9,0.0190501063062795,-0.01003681108760427,-119.96373770912662
93.91,0.0189487419118737,-0.010234463276765672,-129.72544800371492
93.92,0.0188454489047328,-0.010422557473710112,-140.53762153732907
93.9299999999999,0.0187403221625219,-0.010601228778334196,-151.8818670067117
93.94,0.0186334552083103,-0.010770635859365878,-164.05598541588108
93.95,0.0185249397938938,-0.01093093813260759,-177.0894467242228
93.96,0.0184148662588319,-0.01108229402887005,-190.45701508886998
93.97,0.0183033231426076,-0.01122488253238327,-204.873425247527
93.98,0.0181903972814851,-0.011358866913648968,-219.40154411672574
93.99,0.0180761738790054,-0.011484428828993209,-234.37320992405984
94.0,0.0179607361796522,-0.011601748367280937,-249.65455969425818
94.01,0.0178441657874236,-0.011711003475157414,-264.3708389725888
94.02,0.0177265423529044,-0.011812387210749162,-279.38481490183705
94.03,0.0176079436820419,-0.011906077794824414,-293.2637063935485
94.04,0.0174884458018885,-0.011992267149124922,-306.3916507724056
94.05,0.0173681227146753,-0.012071144114395808,-318.51421926601176
94.0599999999999,0.0172470466718666,-0.012142894286553489,-328.5539334223764
94.07,0.0171252879355942,-0.012207713854902377,-337.59640489006466
94.08,0.0170029148836261,-0.012265785845772502,-344.0981087336111
94.09,0.0168799940713396,-0.012317302435126624,-348.6754121182589
94.1,0.0167565900593225,-0.012362452160235057,-351.2727721548467
94.11,0.0166327656333806,-0.012401419714367593,-351.1047506889469
94.12,0.0165085816391823,-0.01243439627766242,-349.51262881283157
94.13,0.0163840970759421,-0.012461561950944007,-345.3607540950493
94.14,0.016259369153134,-0.012483102260050019,-339.547719971574
94.15,0.0161344531791075,-0.012499198607088374,-332.2743722123846
94.16,0.0160094027357115,-0.012510028341224921,-323.1667444169534
94.17,0.0158842695694127,-0.012515772067228533,-313.5076498942477
94.1799999999999,0.0157591036765226,-0.012516600976568282,-302.5149696800556
94.19,0.0156339533536637,-0.012512689293787412,-290.97913513800984
94.2,0.0155088651269077,-0.012504207514689333,-279.2793916144243
94.21,0.015383883887748,-0.012491320307264053,-266.9014341219288
94.22,0.0152590528509597,-0.012474195125974138,-254.93362397535057
94.23,0.0151344135829514,-0.01245299085200423,-242.85970466288973
94.24,0.0150100061036518,-0.012427865905083324,-230.82191696991313
94.25,0.0148858688115253,-0.01239897801727746,-219.4767606245291
94.26,0.0147620385881609,-0.012366476787990929,-208.20374388852574
94.27,0.0146385508210975,-0.012330512590984931,-197.4509993883722
94.28,0.0145154393947883,-0.012291231506861521,-187.23229161759417
94.29,0.0143927367754627,-0.01224877538731417,-177.3404776928081
94.3,0.0142704740039059,-0.01220328498345097,-168.09803477607974
94.3099999999999,0.014148680740516,-0.012154895595881671,-159.2710802369536
94.32,0.0140273853132288,-0.01210374031646746,-150.89583537914092
94.33,0.0139066147215517,-0.01204994950404498,-143.07391673833447
94.34,0.0137863946901676,-0.011993649040944963,-135.64993140294882
94.35,0.0136667496965118,-0.011934962406885845,-128.68170647052372
94.36,0.013547702997823,-0.011874009591690058,-122.1391004850919
94.37,0.0134292766716212,-0.011810907207930816,-115.98338023736197
94.38,0.0133114916420456,-0.011745768817841725,-110.190034534345
94.39,0.0131943677152443,-0.011678705003859206,-104.76684363988093
94.4,0.0130779236049488,-0.011609822860086634,-99.70359930290572
94.41,0.0129621769753099,-0.011539225898353201,-94.86928218850609
94.42,0.0128471444657808,-0.01146701593313005,-90.38645375045255
94.4299999999999,0.0127328417097027,-0.011393290639560922,-86.22639597470676
94.44,0.0126192833920668,-0.011318143816335842,-82.16595110609752
94.45,0.0125064832623452,-0.011241669016696657,-78.45193804534364
94.46,0.0123944541448811,-0.011163954879717499,-75.02792315133279
94.47,0.0122832080142207,-0.01108508594078415,-71.59493861157253
94.48,0.0121727559926369,-0.011005147802325803,-68.50354180287258
94.49,0.0120631083572857,-0.010924220532180931,-65.66301845640872
94.5,0.0119542746256802,-0.010842380132807522,-62.759564322058246
94.51,0.0118462635424288,-0.010759704163586613,-60.17277741469625
94.52,0.0117390830897186,-0.010676264555165045,-57.79057243711706
94.53,0.0116327405692233,-0.010592129539358343,-55.32294901887294
94.54,0.011527242586656,-0.010507368965615852,-53.11761390253563
94.55,0.011422595062651,-0.010422047486071737,-51.203334717892055
94.5599999999999,0.0113188033130141,-0.010336223529507502,-49.53295163094423
94.57,0.0112158720784167,-0.010249951599718404,-46.956309470744344
94.58,0.0111138055363225,-0.010163304084055027,-44.43583667129153
94.59,0.0110126070410844,-0.010076349453975704,-44.82154844057747
94.6,0.0109122795044423,-0.009989101277036748,-42.30807205641556
94.61,0.0108128257578522,-0.009901628888934281,-38.78731772666784
94.62,0.0107142474237093,-0.009814018139409105,-40.35851144414078
94.63,0.0106165458618925,-0.009726259363017556,-38.056020802683214
94.64,0.0105197225134938,-0.009638415071642575,-34.43122014866584
94.65,0.0104237775996903,-0.009550570562370046,-36.343441854783315
94.66,0.0103287111346888,-0.009462708481342457,-34.355010849445904
94.67,0.0102345232989369,-0.00937488283738666,-30.833749667453983
94.6799999999999,0.0101412131252277,-0.009287174081005063,-32.71796367733086
94.69,0.0100487794644879,-0.00919956419003994,-31.02506286239935
94.7,0.0099572213488174,-0.009112099106982468,-27.739748632796275
94.71,0.0098665367904593,-0.009024851691573355,-29.500551554370922
94.72,0.0097767236258368,-0.008937804909774142,-28.056470785572206
94.73,0.0096877798836319,-0.008850997745536745,-24.85383957333021
94.74,0.0095997026833711,-0.008764497401341753,-27.159971248118712
94.75,0.0095124889801981,-0.008678276183497497,-25.557264323861656
94.76,0.0094261360865274,-0.008592373441334183,-22.239758348292103
94.77,0.009340640250902,-0.00850685722952665,-22.802274539851606
94.78,0.0092559976619624,-0.008421726840055844,-24.13989841365071
94.79,0.0091722044512213,-0.008336967700509111,-21.9451157522791
94.8,0.0090892569098885,-0.008252626732779968,-18.71409588422075
94.8099999999999,0.0090071503583719,-0.00816876413177586,-21.135315976465048
94.82,0.0089258801271008,-0.008085347458145872,-21.207544253258906
94.83,0.0088454418847328,-0.008002381662166637,-18.126844514967658
94.84,0.0087658308157532,-0.007919923159638357,-16.66028692236745
94.85,0.0086870416670511,-0.007837999075750002,-19.677840010208982
94.86,0.0086090691648038,-0.007756567611679067,-18.14102062307693
94.87,0.0085319085662276,-0.007675657270075808,-14.61669733844076
94.88,0.0084555541225667,-0.007595324808252572,-16.05355678735493
94.89,0.0083800002015634,-0.007515552558695829,-16.96120429199207
94.9,0.0083052412244805,-0.007436329139227551,-15.135670505113636
94.91,0.0082312716885815,-0.007357684510537483,-12.818935442302516
94.92,0.0081580855154188,-0.007279652624916589,-14.850628627770128
94.9299999999999,0.0080856766703343,-0.007202206981169173,-14.571689563358028
94.94,0.0080140393934929,-0.007125352418840015,-12.181904661601052
94.95,0.0079431675509146,-0.007049122468085053,-11.561793539343245
94.96,0.007873054850322,-0.00697352477793,-13.657158622003278
94.97,0.0078036950211373,-0.00689853201140244,-12.300299172992673
94.98,0.0077350821286261,-0.006824161829121683,-9.631433919156803
94.99,0.0076672096187157,-0.006750447024397518,-10.594229195938748
95.0,0.0076000710504438,-0.006677374204717516,-11.878521947483975
95.01,0.0075336600386066,-0.006604925764486684,-10.325087670343281
95.02,0.0074679703923194,-0.006533119453399156,-8.052866540627173
95.03,0.0074029954454589,-0.0064619795399708186,-9.445323767724565
95.04,0.0073387286396701,-0.006391487461207459,-10.181467182344457
95.05,0.0072751635622087,-0.006321631988224141,-8.42128668863355
95.0599999999999,0.0072122938216627,-0.00625243049302916,-6.825467022722048
95.07,0.0071501127399866,-0.006183896812991728,-8.405987182711375
95.08,0.0070886137210568,-0.006116010656184181,-8.494863190950161
95.09,0.0070277903749205,-0.006048767507304173,-6.6332010593690764
95.1,0.006967636179876,-0.00598218317132246,-5.781045251609511
95.11,0.0069081445114167,-0.00591626179472669,-7.414949667198871
95.12,0.0068493087935851,-0.00585098306036503,-6.9184196057524865
95.13,0.0067911226999605,-0.005786347691652466,-4.9523807442061365
95.14,0.0067335796554702,-0.005722369977053346,-4.942019973059671
95.15,0.0066766731294958,-0.005659045073752495,-6.285327715782143
95.16,0.0066203966271139,-0.0055963557993941515,-5.464542580221556
95.17,0.0065647438819604,-0.005534304965601629,-3.5904379891753613
95.1799999999999,0.0065097083711143,-0.0054729037696275105,-4.205819837270405
95.19,0.0064552836773712,-0.005412141689661677,-5.06852376753155
95.2,0.0064014634427556,-0.005352006004128362,-4.097219225608023
95.21,0.0063482414578502,-0.005292499723569151,-2.6041080596765616
95.22,0.0062956113354417,-0.005233629338365821,-3.131638618122253
95.23,0.0062435667856883,-0.005175384913980001,-3.9936045870286585
95.24,0.0061921015860643,-0.005117754044719992,-3.0462810698507017
95.25,0.0061412096525086,-0.005060738520090803,-1.6431986733256383
95.26,0.0060908847553705,-0.005004342879540852,-2.1996532593121647
95.27,0.0060411207625488,-0.004948557135068314,-2.9214116751743573
95.28,0.0059919116119308,-0.004893370181786641,-2.0652155532741245
95.29,0.0059432513611992,-0.0048387823028141945,-0.8549759441746356
95.3,0.0058951339663881,-0.004784795692173357,-1.3505967693743797
95.3099999999999,0.0058475534745449,-0.004731401001453338,-1.8882733440954764
95.32,0.0058005040017572,-0.004678588630395832,-1.1562861835300613
95.33,0.0057539797643264,-0.004626357391350839,-0.17486057416007475
95.34,0.0057079749202876,-0.004574707288025007,-0.5644233407102163
95.35,0.0056624837097502,-0.00452362985250415,-0.9398323919397616
95.36,0.0056175004397106,-0.00447311671961833,-0.3305026748218318
95.37,0.0055730195020109,-0.004423165502809988,0.44323055730106325
95.38,0.0055290352647274,-0.004373774502094215,0.1547241115933083
95.39,0.0054855421702218,-0.004324936026348352,-0.10260407554249612
95.4,0.0054425347256491,-0.0042766425829425326,0.3986276242149446
95.41,0.0054000075125463,-0.00422889089671326,1.003369323112542
95.42,0.0053579551132765,-0.004181678064197497,0.7815310583990085
95.4299999999999,0.0053163721788466,-0.004134996939185013,0.603474637727353
95.44,0.0052752534237552,-0.004088840642698314,1.0398218448614898
95.45,0.0052345936290781,-0.004043205410535016,1.4904658822753774
95.46,0.0051943875922523,-0.0039980874831400115,1.433765762347249
95.47,0.0051546301760876,-0.003953480651430044,1.1915093819361695
95.48,0.005115316297808,-0.0039093779391700155,1.466416646559686
95.49,0.0050764409516953,-0.003865774807374946,1.9396029875478817
95.5,0.0050379991498143,-0.0038226675177841516,1.8311382876808815
95.51,0.004999985969023,-0.003780049911061736,1.8049218595651806
95.52,0.0049623965385637,-0.0037379161231349527,1.9020734091150489
95.53,0.0049252260510179,-0.0036962609268849757,2.1461368744715132
95.54,0.0048884697405497,-0.0036550796748441453,2.12815263832924
95.55,0.0048521228961372,-0.0036143667910566828,2.238208064621367
95.5599999999999,0.0048161808604994,-0.003574117178305864,2.33392749461812
95.57,0.0047806390255423,-0.003534325721989133,2.3038567288358953
95.58,0.0047454928371872,-0.0034949869045000073,2.2971740555990294
95.59,0.0047107377962783,-0.0034560953657283454,2.4086688464574326
95.6,0.0046763694549274,-0.003417646258793286,2.687502931857164
95.61,0.0046423834113513,-0.0033796352579475164,2.5015569828733604
95.62,0.0046087753088264,-0.0033420565425958883,2.2884643503573376
95.63,0.004575540858424,-0.00330490429099415,2.3760477475317
95.64,0.0045426758166205,-0.00326817380735832,2.907948077068323
95.65,0.0045101759886234,-0.003231861709208295,2.6589016421002802
95.66,0.0044780372073046,-0.0031959622455991652,2.1143305494694764
95.67,0.0044462553890018,-0.003160468922696677,2.265034272961005
95.6799999999999,0.0044148264891196,-0.00312537738764331,2.7384403847388388
95.69,0.004383746513867,-0.003090684265591643,2.6761238985550206
95.7,0.0043530114927434,-0.0030563846308183417,2.0452388438763616
95.71,0.0043226175298632,-0.0030224721718891674,2.2262608039747263
95.72,0.0042925607727874,-0.0029889427024541986,2.0859013500614405
95.73,0.0042628374148457,-0.0029557914412207996,2.253987351413076
95.74,0.0042334436968979,-0.002923014368934134,2.1921273260308722
95.75,0.0042043758956937,-0.002890606917357513,1.77936340810734
95.76,0.0041756303438435,-0.0028585637742750344,1.7335660691339558
95.77,0.0041472034204934,-0.002826880533704147,1.6100077801175396
95.78,0.0041190915482085,-0.002795552747079195,1.5878363033942917
95.79,0.0040912911946582,-0.0027645762446808497,1.5028962614401797
95.8,0.0040637988668114,-0.00273394674813917,1.1609114666680482
95.8099999999999,0.0040366111186783,-0.002703659509979174,0.9802860935812521
95.82,0.004009724550146,-0.0026737101852691344,0.828685667326673
95.83,0.0039831358025325,-0.0026440945826850188,0.6637733334953659
95.84,0.0039568415598773,-0.002614808559345008,0.5048827038904198
95.85,0.0039308385464509,-0.002585848029315817,0.190651659941248
95.86,0.0039051235286146,-0.0025572086833325,-0.08021813108301057
95.87,0.0038796933159488,-0.0025288863646858143,-0.3035402651819157
95.88,0.0038545447578604,-0.0025008770802316914,-0.571568373465914
95.89,0.0038296747441796,-0.002473176835365839,-0.8267213336890926
95.9,0.0038050802040888,-0.0024457817161891767,-1.1646961228349142
95.91,0.0037807581060199,-0.0024186877385058096,-1.5072420204615176
95.92,0.0037567054585255,-0.0023918909826358184,-1.8238346191009982
95.9299999999999,0.0037329193082939,-0.00236538764313918,-2.1769518999129
95.94,0.0037093967401971,-0.002339173932689979,-2.518841711862068
95.95,0.0036861348765694,-0.00231324614481502,-2.9252985722517066
95.96,0.0036631308766523,-0.0022876005443825025,-3.350122437564744
95.97,0.0036403819373133,-0.002262233440475822,-3.7543921756002923
95.98,0.0036178852914742,-0.002237141241882498,-4.1973743735970395
95.99,0.0035956382080017,-0.002212320376010848,-4.639516035987724
96.0,0.0035736379911854,-0.0021877673372258425,-5.123553264285941
96.01,0.0035518819801242,-0.0021634786316266632,-5.630459486602139
96.02,0.0035303675489213,-0.0021394508047749986,-6.13189910293793
96.03,0.0035090921056841,-0.0021156804774374966,-6.659165347795058
96.04,0.0034880530922376,-0.002092164297433338,-7.322410123136361
96.05,0.0034672479839471,-0.0020688988225875055,-7.8437627936963565
96.0599999999999,0.0034466742907173,-0.002045880856169174,-8.34906225304384
96.07,0.0034263295522322,-0.0020231072822608407,-9.041511740168666
96.08,0.0034062113412587,-0.00200057483625584,-9.668086266857689
96.09,0.0033863172621496,-0.001978280390216675,-10.264400570027968
96.1,0.0033666449504072,-0.0019562208945116694,-11.263972634300654
96.11,0.0033471920722462,-0.0019343929464408333,-11.925763837410072
96.12,0.0033279563293729,-0.0019127935907699832,-12.346067522307788
96.13,0.0033089354474481,-0.0018914201781241756,-13.266400174506717
96.14,0.0032901271829148,-0.0018702696172650016,-14.06224311482783
96.15,0.0032715293219563,-0.0018493389886133286,-14.794797510766282
96.16,0.0032531396795103,-0.0018286254845366768,-15.922443170316734
96.17,0.0032349560988457,-0.0018081259837008081,-17.01521479175782
96.1799999999999,0.0032169764561744,-0.0017878375010275038,-17.467551959559355
96.19,0.0031991986533132,-0.0017677577041716544,-18.327888373578816
96.2,0.0031816206153736,-0.001747883949769144,-19.486532749589763
96.21,0.0031642402969399,-0.0017282133811749923,-20.395254204567884
96.22,0.0031470556791603,-0.0017087434041433305,-21.4930775953334
96.23,0.0031300647693478,-0.001689471309853343,-23.11800683700347
96.24,0.003113265603134,-0.0016703940607216683,-23.78890688360456
96.25,0.0030966562459119,-0.0016515094710783348,-24.483629854674323
96.26,0.0030802347789597,-0.0016328153792183188,-26.056802049898923
96.27,0.0030639993124828,-0.0016143090009324793,-27.174172383044954
96.28,0.0030479479812074,-0.001595987938464178,-28.237521112789572
96.29,0.0030320789440054,-0.0015778498632391998,-30.436125342125745
96.3,0.0030163903837562,-0.0015598917248708074,-31.38442364288441
96.3099999999999,0.0030008805164619,-0.0015421114587275161,-31.921061964016992
96.32,0.0029855475678439,-0.0015245073213933536,-33.94355578951134
96.33,0.0029703897917543,-0.0015070766191133094,-35.26672672638914
96.34,0.0029554054646626,-0.0014898171506899887,-36.58284509864991
96.35,0.0029405928853051,-0.0014727267685199896,-38.801735463727425
96.36,0.0029259503743331,-0.0014558028143325037,-40.446623299068115
96.37,0.0029114762813407,-0.0014390430915275118,-41.233861651634605
96.38,0.0028971689706673,-0.0014224459849791456,-43.093747248735994
96.39,0.002883026826962,-0.001406009284055825,-44.957611467092576
96.4,0.002869048257501,-0.00138973080854916,-46.57068532487152
96.41,0.002855231690097,-0.0013736085698958578,-48.702803740463445
96.42,0.0028415755727732,-0.0013576403320016842,-51.1489521433493
96.4299999999999,0.0028280783775271,-0.001341823781180005,-52.34542920262196
96.44,0.002814738596782,-0.0013261573580575017,-53.95939704730623
96.45,0.002801554735909,-0.0013106393219166537,-56.44403092558781
96.46,0.0027885253227953,-0.001295267517924996,-58.39064920092357
96.47,0.0027756489042635,-0.001280040107819166,-60.484159447489695
96.48,0.002762924045769,-0.0012649552105858494,-63.814016143382446
96.49,0.0027503493326369,-0.0012500104276991588,-65.44510743611714
96.5,0.0027379233750528,-0.0012352042724108267,-66.83692767147805
96.51,0.0027256447898578,-0.001220535406543331,-70.01879313511745
96.52,0.0027135122162255,-0.0012060017068008329,-72.33226517322842
96.53,0.0027015243108037,-0.0011916014778358352,-74.56682735625523
96.54,0.0026896797474361,-0.001177333090732495,-78.52178339640454
96.55,0.0026779772168829,-0.001163194238570016,-80.86291971765742
96.5599999999999,0.002666415435747,-0.0011491834083816495,-82.29086011530316
96.57,0.0026549931259193,-0.0011352995128516583,-85.885990448765
96.58,0.0026437090287331,-0.0011215406148491723,-88.74549653490239
96.59,0.0026325619023139,-0.0011079050998116422,-91.50969662499897
96.6,0.0026215505206857,-0.0010943914399775211,-95.31011700830558
96.61,0.0026106736735175,-0.0010809977515275184,-98.85482178041502
96.62,0.0025999301711592,-0.0010677223398008126,-101.00142118630839
96.63,0.0025893188362852,-0.0010545640991433333,-104.26420298139737
96.64,0.0025788385036034,-0.0010415215526300096,-108.06087964125194
96.65,0.0025684880249683,-0.0010285930631232952,-111.35920158350066
96.66,0.0025582662669396,-0.0010157772128224897,-115.1952576132426
96.67,0.0025481721105496,-0.0010030724326433533,-119.99196131243782
96.6799999999999,0.0025382044537925,-0.0009904769093458188,-122.78361538257217
96.69,0.0025283622117087,-0.0009779895853366766,-125.8449039310765
96.7,0.0025186443053339,-0.0009656093501825057,-130.6731457874394
96.71,0.0025090496731212,-0.0009533345565100055,-134.595678839019
96.72,0.0024995772671144,-0.0009411638860533382,-138.47937271879607
96.73,0.0024902260527339,-0.0009290960694299951,-144.12747807123196
96.74,0.0024809950085619,-0.0009171293472391844,-148.68972307037924
96.75,0.0024718831330328,-0.0009052623848450066,-151.5985463605759
96.76,0.0024628894311743,-0.0008934943945108287,-156.62901280606386
96.77,0.0024540129198145,-0.0008818240075966586,-161.72526527462654
96.78,0.0024452526301568,-0.0008702498622699779,-166.48261231040559
96.79,0.0024366076058044,-0.0008587707513725057,-171.28163662273303
96.8,0.0024280769025659,-0.0008473854717125074,-178.59463641901093
96.8099999999999,0.002419659589252,-0.0008360922153091815,-182.78539087062165
96.82,0.0024113547543431,-0.0008248901083816555,-186.37635214222348
96.83,0.0024031614858591,-0.0008137784689608143,-193.46747938993315
96.84,0.0023950788884285,-0.0008027557463800062,-198.90393822919395
96.85,0.0023871060782105,-0.0007918208371741761,-204.53464608517046
96.86,0.0023792421827199,-0.0007809726480991726,-211.32678381960278
96.87,0.0023714863406512,-0.0007702098326375201,-218.47992596142427
96.88,0.002363837705726,-0.0007595310422674976,-223.26471681742433
96.89,0.0023562954421758,-0.0007489355659308203,-229.21983375638854
96.9,0.0023488587199888,-0.0007384224553441489,-236.70553653401245
96.91,0.0023415267226653,-0.0007279904400733278,-243.33373026744928
96.92,0.0023342986442833,-0.0007176384933800055,-249.8795311940787
96.9299999999999,0.0023271736893406,-0.000707365638277512,-259.0117881040509
96.94,0.0023201510725968,-0.0006971703872758006,-265.83623840315045
96.95,0.0023132300257666,-0.0006870518450500127,-271.3827633696315
96.96,0.0023064097821644,-0.0006770094357208625,-280.1975171308798
96.97,0.0022996895872874,-0.0006670419352708228,-288.03513188136975
96.98,0.0022930686970497,-0.000657148350579146,-295.9427146436746
96.99,0.0022865463770815,-0.0006473277354025348,-304.3498305615465
97.0,0.0022801219025867,-0.000637579071465013,-314.41132750805644
97.01,0.0022737945598317,-0.0006279010824424783,-321.86132297952895
97.02,0.0022675636476271,-0.0006182930831733247,-329.4641201024275
97.03,0.0022614284672978,-0.0006087543996649989,-339.7160050419804
97.04,0.0022553883322963,-0.000599283890850016,-348.7676956184859
97.05,0.0022494425651451,-0.0005898806805900033,-357.95605791121443
97.0599999999999,0.0022435904973075,-0.0005805439148524947,-368.9083104857192
97.07,0.0022378314690582,-0.0005712724601241732,-379.23462510554754
97.08,0.0022321648333834,-0.0005620653743133069,-387.7166674272265
97.09,0.0022265899489672,-0.0005529221050358459,-398.23164608167394
97.1,0.0022211061814971,-0.0005438417828025224,-409.3382809100771
97.11,0.0022157129065721,-0.0005348234684449969,-420.0432542784196
97.12,0.0022104095081589,-0.0005258663470191502,-430.5843425219963
97.13,0.002205195378475,-0.0005169696435791487,-445.65821654405045
97.14,0.0022000699183626,-0.0005081318937549969,-455.1416168013067
97.15,0.0021950325454312,-0.0004993526697216632,-463.6561662165065
97.16,0.0021900826710591,-0.0004906317353558486,-478.57653040425475
97.17,0.0021852197204136,-0.0004819678433349918,-490.3647655709961
97.1799999999999,0.0021804431264645,-0.00047336026785916045,-502.88562775934565
97.19,0.0021757523298746,-0.00046480824510168985,-515.6437906109878
97.2,0.0021711467788902,-0.0004563110221966572,-528.2261258135537
97.21,0.0021666259292314,-0.0004478679031974888,-542.9052725518121
97.22,0.0021621892439825,-0.000439477868074992,-560.7127714533185
97.23,0.0021578361989967,-0.0004311395201125087,-569.7004795550145
97.24,0.0021535662811816,-0.0004228529227816519,-580.7771276359989
97.25,0.0021493789692377,-0.0004146178436675241,-598.9028543965304
97.26,0.0021452737566443,-0.00040643299857582487,-612.8070928049117
97.27,0.0021412501439384,-0.0003982977501949713,-627.6399268000141
97.28,0.0021373076386163,-0.0003902114074250191,-642.733181929199
97.29,0.0021334457550371,-0.00038217328886667724,-657.0001701808073
97.3,0.0021296640143249,-0.0003741828264916825,-677.6947897319376
97.3099999999999,0.0021259619442712,-0.0003662385426583207,-694.4746027733471
97.32,0.0021223390916681,-0.0003583396581666704,-703.649471428175
97.33,0.0021187949989017,-0.0003504865683233272,-721.0599091961516
97.34,0.0021153292103489,-0.00034267850155749916,-739.7845293626441
97.35,0.0021119412819164,-0.0003349144781083356,-756.1898528099308
97.36,0.0021086307759726,-0.000327193897509173,-773.2648385581665
97.37,0.0021053972612643,-0.0003195161260941846,-790.5972075412507
97.38,0.0021022403128332,-0.00031188053854747983,-806.688900854472
97.39,0.0020991595119325,-0.00030428665245248887,-832.0383899440392
97.4,0.0020961544459439,-0.00029673271876501156,-846.5839419250507
97.41,0.0020932247244442,-0.00028921865823586116,-857.8766840989778
97.42,0.0020903699391786,-0.00028174488062997883,-881.6258117892302
97.4299999999999,0.0020875896967984,-0.0002743100383474936,-899.501836122128
97.44,0.0020848836104531,-0.0002669135784583332,-918.1864323107555
97.45,0.0020822512992419,-0.0002595549135766502,-937.0367631747923
97.46,0.0020796923881416,-0.0002522334594891643,-955.8100805114786
97.47,0.0020772065079356,-0.00024494866285333666,-975.3989299293418
97.48,0.0020747932951414,-0.00023769983494001897,-998.5482417841688
97.49,0.0020724523947827,-0.00023048580696916456,-1014.514308132953
97.5,0.0020701834631112,-0.0002233065508824922,-1030.9959387361303
97.51,0.0020679861485303,-0.00021616197686333865,-1053.7173766237297
97.52,0.0020658601112281,-0.0002090510541066619,-1072.7491046336818
97.53,0.0020638050169415,-0.00020197328230167738,-1092.3687443982942
97.54,0.0020618205368936,-0.00019492811598916334,-1111.9952478479354
97.55,0.0020599063477305,-0.00018791501599252431,-1131.184702842403
97.5599999999999,0.0020580621314588,-0.0001809334972058198,-1152.7065258638709
97.57,0.0020562875753822,-0.00017398267243667222,-1173.3191077997292
97.58,0.0020545823777719,-0.0001670618296525147,-1189.669678187622
97.59,0.0020529462389277,-0.00016017100051664767,-1208.8648740549047
97.6,0.0020513788593811,-0.0001533097264000127,-1229.5036441123118
97.61,0.0020498799483178,-0.00014647724708833682,-1248.392090613868
97.62,0.0020484492200607,-0.00013967308044998583,-1267.3761787895476
97.63,0.0020470863940151,-0.000132896721000001,-1286.1816790665316
97.64,0.0020457911946135,-0.0001261476687933534,-1304.2335667235654
97.65,0.0020445633512602,-0.00011942550418667561,-1325.302023797321
97.66,0.0020434025982767,-0.00011272911541664232,-1342.4607248491022
97.67,0.0020423086838231,-0.00010605821451250674,-1357.588617503976
97.6799999999999,0.0020412813489667,-9.941292804085738e-05,-1376.6224707208223
97.69,0.0020403203425217,-9.27924391133332e-05,-1393.7856794695597
97.7,0.0020394254192304,-8.61962265183338e-05,-1410.4681402542326
97.71,0.0020385963386263,-7.96238226374962e-05,-1426.7995045775824
97.72,0.0020378328649857,-7.307475554748086e-05,-1442.6394595468198
97.73,0.0020371347672806,-6.654857522500816e-05,-1458.0766861049894
97.74,0.0020365018191305,-6.004477453500339e-05,-1474.992801961309
97.75,0.0020359338008117,-5.356209588499893e-05,-1487.806192776533
97.76,0.0020354305061787,-4.710072169001895e-05,-1500.2271991427288
97.77,0.0020349917151724,-4.066086274582872e-05,-1515.0963018925015
97.78,0.0020346172206189,-3.424142518164795e-05,-1527.6045189220374
97.79,0.0020343068198628,-2.784202868750405e-05,-1539.7595948457297
97.8,0.0020340603147237,-2.1462227914156314e-05,-1551.2760833560765
97.8099999999999,0.0020338775114533,-1.5101581783336353e-05,-1562.143795168163
97.82,0.0020337582206926,-8.759653565850421e-06,-1572.3425370693544
97.83,0.002033702257428,-2.436010829161833e-06,-1581.8904430450082
97.84,0.0020337094409492,3.86968461834605e-06,-1590.4839563322928
97.85,0.0020337795948056,1.015854632164994e-05,-1598.124590293879
97.86,0.0020339125575592,1.643127850917527e-05,-1605.9986820529816
97.87,0.0020341081647494,2.268720506251598e-05,-1612.7254852613455
97.88,0.0020343662470785,2.89266816750006e-05,-1618.0451901796612
97.89,0.0020346866463525,3.515060695082365e-05,-1623.1247948972366
97.9,0.002035069208583,4.135934247830881e-05,-1627.3238562083147
97.91,0.0020355137839513,4.755330337916549e-05,-1630.7377721578243
97.92,0.0020360202267715,5.37329011600153e-05,-1633.3580590973086
97.9299999999999,0.002036588395455,5.989854369668555e-05,-1635.1381423239716
97.94,0.0020372181524734,6.605063522582472e-05,-1637.1881686854053
97.95,0.0020379093643229,7.218940249166384e-05,-1631.5665658330347
97.96,0.0020386619014876,7.8316730195004e-05,-1633.7283688588043
97.97,0.0020394756592696,8.443223093832376e-05,-1637.7111231473052
97.98,0.0020403505044236,9.053494954750331e-05,-1630.924915547221
97.99,0.0020412863200983,9.662632293502043e-05,-1628.4072357100347
98.0,0.0020422829941715,0.00010270668957081004,-1624.5785162026596
98.01,0.0020433404185006,0.00010877643995916772,-1619.972694456519
98.02,0.0020444584888935,0.0001148359676775095,-1614.61556327425
98.03,0.0020456371050792,0.00012088566339581511,-1608.497790162437
98.04,0.002046876170679,0.0001269259148750053,-1602.1270229241893
98.05,0.0020481755931771,0.00013295706077499973,-1592.9166632206425
98.0599999999999,0.0020495352838917,0.00013897977899665452,-1579.7506761358609
98.07,0.0020509551634878,0.0001449950948916808,-1576.7730505415605
98.08,0.002052435159685,0.0001510025375691705,-1570.4890898326107
98.09,0.0020539751881365,0.00015700201702583313,-1555.471689987003
98.1,0.002055575176573,0.00016299452970499725,-1545.3872740364802
98.11,0.0020572350565487,0.0001689803882008083,-1533.8518468001039
98.12,0.002058954763418,0.0001749599713800032,-1521.7873184903033
98.13,0.0020607342363124,0.00018093365578167406,-1509.1825999802313
98.14,0.002062573418117,0.00018690181558417488,-1496.0054897372813
98.15,0.0020644722554469,0.00019286482261832334,-1483.6778512310784
98.16,0.0020664306986239,0.0001988229610533282,-1462.7982764728024
98.17,0.0020684487016534,0.00020477729828084334,-1449.2972071892666
98.1799999999999,0.0020705262324426,0.0002107280742783403,-1442.2169197731212
98.19,0.0020726632502028,0.00021667484290582997,-1423.6876195204716
98.2,0.0020748597181057,0.0002226182553816566,-1406.4937896596002
98.21,0.0020771156058095,0.00022855884113416602,-1390.7144153009058
98.22,0.0020794308866504,0.000234496943803351,-1374.264442567361
98.23,0.0020818055376243,0.00024043292840333937,-1357.546402553694
98.24,0.0020842395393677,0.00024636715808665135,-1340.559645871583
98.25,0.0020867328761395,0.00025229999412331415,-1323.5113192796832
98.26,0.0020892855358016,0.0002582317829866733,-1306.4417437158643
98.27,0.0020918975098007,0.00026416290292252144,-1280.2664010371682
98.28,0.0020945687946989,0.000270094424277491,-1268.7749221170461
98.29,0.0020972993989672,0.00027602615811997514,-1257.6025451770943
98.3,0.0021000893182203,0.00028195786264835027,-1232.5346741062287
98.3099999999999,0.0021029385589975,0.00028789046166167087,-1215.4782005486747
98.32,0.0021058471314235,0.0002938242519083411,-1197.143841790876
98.33,0.0021088150491934,0.0002997595897183439,-1178.8056284908741
98.34,0.0021118423295585,0.00030569682996664114,-1160.43466836557
98.35,0.0021149289933113,0.00031163632602835276,-1142.0027875277242
98.36,0.0021180750647707,0.00031757842982167673,-1124.63227389606
98.37,0.0021212805717676,0.00032352343850915004,-1101.4520258152602
98.38,0.0021245455456303,0.00032947210543916183,-1080.3805080056864
98.39,0.002127870027567,0.00033542498441417314,-1070.4093584103896
98.4,0.0021312540585132,0.0003413817532175202,-1052.691511473261
98.41,0.0021346976767011,0.0003473426910608394,-1030.6012580180068
98.42,0.002138200928317,0.0003533084606858095,-1013.202647831518
98.4299999999999,0.0021417638630701,0.0003592793770708557,-995.1629497972144
98.44,0.0021453865341829,0.00036525579097583256,-977.2764126567511
98.45,0.0021490689983798,0.0003712380521074944,-959.5223408161079
98.46,0.0021528113158775,0.00037722650915252416,-941.8238784448387
98.47,0.002156613550374,0.0003832215097174971,-926.3517334531783
98.48,0.0021604757690382,0.0003892233019483289,-898.1057284997886
98.49,0.0021643980424993,0.00039523307201832554,-886.4903735228359
98.5,0.0021683804566461,0.0004012507355058173,-879.2007310554433
98.51,0.002172423082595,0.0004072758570591796,-854.6210768872753
98.52,0.0021765260015431,0.0004133093602100052,-838.6847830342842
98.53,0.0021806892988282,0.00041935157747414846,-822.2862283007911
98.54,0.0021849130632865,0.0004254028530250007,-806.0372580882531
98.55,0.0021891973872453,0.0004314635356691683,-790.0018919153226
98.5599999999999,0.0021935423665169,0.000437533973537489,-774.1808433221644
98.57,0.0021979481003911,0.00044361451403252374,-758.487189463676
98.58,0.0022024146916284,0.00044970550389584975,-745.1230304661897
98.59,0.0022069422464534,0.0004558071860483124,-718.8219550026876
98.6,0.0022115308745478,0.00046192078829999987,-709.6614281799094
98.61,0.0022161807014205,0.0004680461937750094,-704.6324895231407
98.62,0.0022208918367692,0.0004741829373383394,-682.1295644744607
98.63,0.0022256644009716,0.0004803319818991766,-668.6449924126774
98.64,0.002230498518476,0.00048649365175080426,-654.5899763604157
98.65,0.002235394317247,0.0004926682937691502,-640.7330464599529
98.66,0.0022403519287623,0.0004988562591133226,-627.1132288420608
98.67,0.0022453714880097,0.0005050578986383113,-613.7268667543954
98.6799999999999,0.002250453133484,0.0005112735628975275,-600.493568966773
98.69,0.002255597007184,0.0005175036021141857,-589.3786736786674
98.7,0.002260803254609,0.000523748267853298,-566.7192187435991
98.71,0.002266072024756,0.0005300087524191528,-559.5654675468979
98.72,0.0022714034819176,0.0005362849537691788,-555.8764342985816
98.73,0.0022767977753625,0.0005425764560275172,-536.622276101963
98.74,0.0022822550650087,0.0005488842084391655,-525.6290476203883
98.75,0.0022877755147615,0.0005552085333908121,-514.0292528555963
98.76,0.0022933592920969,0.000561549784453344,-502.6391231242968
98.77,0.0022990065680612,0.0005679083186975038,-491.4727504286004
98.78,0.0023047175172719,0.0005742844932508314,-480.5258093576343
98.79,0.0023104923179178,0.0005806786652683262,-469.7262013211735
98.8,0.0023163311517596,0.0005870911919816403,-460.7630926065345
98.8099999999999,0.0023222342041306,0.0005935223382708444,-441.8755523024885
98.82,0.0023282016639365,0.0005999732541183333,-436.45828688452445
98.83,0.0023342337347405,0.0006064438625883297,-433.8272994399453
98.84,0.0023403306061446,0.0006129338087300207,-417.8347080338616
98.85,0.0023464924782848,0.0006194440230900004,-409.107611239354
98.86,0.0023527195552433,0.0006259748309024948,-399.7682789229433
98.87,0.0023590120447593,0.0006325265955916528,-390.6275289749368
98.88,0.0023653701582323,0.0006390996833683341,-381.6813256040547
98.89,0.0023717941107258,0.0006456944608241551,-372.92534375956706
98.9,0.0023782841209711,0.0006523112949133368,-364.2944034617202
98.91,0.0023848404113708,0.0006589505529574931,-357.3036134481687
98.92,0.0023914632080027,0.0006656125105391824,-341.38219542736425
98.9299999999999,0.0023981527406237,0.0006722983276291681,-337.6564888707397
98.94,0.0024049092537296,0.0006790079293266695,-336.2508842315288
98.95,0.0024117329778705,0.0006857409798300054,-322.8410337509819
98.96,0.0024186241544579,0.0006924984288725056,-316.0838527164187
98.97,0.0024255830288705,0.0006992806061966567,-308.6808455658811
98.98,0.0024326098502649,0.0007060878883241714,-301.4558017153968
98.99,0.0024397048715829,0.0007129206541150174,-294.392532249201
99.0,0.0024468683495582,0.0007197792830883068,-287.4866382146745
99.01,0.0024541005447231,0.0007266641554766437,-280.6778204220946
99.02,0.0024614017214159,0.0007335756521999981,-275.3705683024067
99.03,0.0024687721477873,0.0007405140588466691,-261.7566030045524
99.04,0.0024762120958078,0.0007474805841866587,-259.52585497884326
99.05,0.0024837218527967,0.0007544751389108511,-259.2761778527986
99.0599999999999,0.0024913016913887,0.0007614973784591743,-247.880088878522
99.07,0.0024989518957652,0.0007685483012108144,-242.75941925207005
99.08,0.0025066727541407,0.0007756282430116804,-236.94523605242998
99.09,0.0025144645586674,0.0007827375972349717,-231.2884760883543
99.1,0.0025223276054449,0.0007898767591324882,-225.76152613929432
99.11,0.0025302621945306,0.0007970461250250354,-220.36181026832887
99.12,0.0025382686299504,0.0008042460922483366,-215.03458254430265
99.13,0.0025463472197084,0.0008114770591508321,-211.05075089341648
99.14,0.0025544982757975,0.0008187393265616572,-199.52594469716394
99.15,0.0025627221142093,0.0008260341442825065,-198.37369669646048
99.16,0.0025710190667702,0.0008333614186266641,-198.8683267059613
99.17,0.0025793894501761,0.0008407208107424873,-189.2574980926239
99.1799999999999,0.0025878335932967,0.0008481133633483509,-185.42687282453193
99.19,0.0025963518291322,0.0008555394225441794,-180.88626127143786
99.2,0.0026049444948172,0.0008629994023974873,-176.48341275803108
99.21,0.0026136119316348,0.0008704937184216774,-172.1839290664088
99.22,0.0026223544850298,0.0008780227874649966,-167.9847249677005
99.23,0.0026311725046224,0.000885587027773341,-163.83724072233548
99.24,0.0026400663442222,0.0008931868579691497,-161.07760257153967
99.25,0.0026490363618412,0.0009008225824783192,-149.9437771147468
99.26,0.0026580829198239,0.0009084957008158616,-150.63520807320393
99.27,0.0026672063995386,0.000916205956494158,-152.80558292657005
99.28,0.0026764071617035,0.0009239528288208325,-143.50958067569763
99.29,0.0026856855820987,0.0009317375854508258,-140.84990984388398
99.3,0.0026950420408462,0.0009395605719157996,-137.32063030026464
99.3099999999999,0.0027044769224261,0.0009474222248341676,-133.91334593295076
99.32,0.0027139906156928,0.000955322982456664,-130.5875008396075
99.33,0.0027235835138914,0.0009632632846574927,-127.34130426576195
99.34,0.0027332560146738,0.0009712435729425171,-124.17308383721225
99.35,0.0027430085201152,0.0009792642904433181,-121.04761318987151
99.36,0.0027528414367301,0.0009873258819008378,-118.74626421918401
99.37,0.0027627551754886,0.0009954287094308565,-112.45915532231425
99.38,0.0027727501518329,0.0010035738527841348,-107.30658606151678
99.39,0.0027828267958059,0.0010117621623200025,-110.94680241933726
99.4,0.0027929855369344,0.0010199929147224995,-108.90704994871827
99.41,0.0028032267968222,0.001028266378839157,-102.95292400167811
99.42,0.0028135510101966,0.0010365836189666655,-100.91010594053985
99.4299999999999,0.0028239586164428,0.001044945031142499,-98.31299965377794
99.44,0.0028344500596232,0.0010533510841066458,-95.80430669364736
99.45,0.0028450257884979,0.0010618022486249914,-93.35663556671857
99.46,0.0028556862565446,0.001070298997484178,-90.96899025136324
99.47,0.002866431921979,0.0010788418054308475,-88.63966607792378
99.48,0.0028772632477739,0.001087431149247506,-86.29506275941023
99.49,0.0028881807016806,0.0010960675077291556,-85.70379171278806
99.5,0.0028991847562477,0.0011047511470975088,-74.47822741620013
99.51,0.0029102758888419,0.0011134844083024896,-77.89787418730954
99.52,0.0029214546074126,0.0011222666306883262,-83.29046396146926
99.53,0.0029327213820035,0.0011310966588616673,-74.25002528114878
99.54,0.0029440767058579,0.0011399764187508313,-73.36836902802402
99.55,0.0029555210773409,0.001148906267795847,-71.38805948986943
99.5599999999999,0.0029670549998617,0.0011578867108016655,-69.49771272613346
99.57,0.0029786789818984,0.001166918255835822,-67.65429065950688
99.58,0.0029903935370217,0.0011760014134425203,-65.85649147577439
99.59,0.0030021991839206,0.0011851366966507933,-64.10369808595314
99.6,0.0030140964464262,0.001194324620891658,-62.365682511405666
99.61,0.0030260858535363,0.001203565704083332,-61.31159979781524
99.62,0.0030381679394403,0.0012128603664774919,-56.86236253842761
99.63,0.0030503432435434,0.0012222098748699856,-53.09368695379066
99.64,0.0030626123225057,0.001231615287514161,-57.217684833786066
99.65,0.0030749757330751,0.0012410757012833412,-56.49860449049054
99.66,0.0030874340211922,0.0012505913776891687,-52.03603529942746
99.67,0.0030999877488814,0.0012601636180883434,-51.1161427812245
99.6799999999999,0.0031126374836334,0.0012697928818316629,-49.672733694698024
99.69,0.0031253837984341,0.0012794797199058214,-48.28863801903538
99.7,0.003138227271794,0.0012892246862383533,-46.93960004535889
99.71,0.0031511684877775,0.0012990283376775004,-45.62496813953981
99.72,0.003164208036032,0.0013088912339649867,-44.34390620096581
99.73,0.0031773465118168,0.0013188139377633627,-43.0418860486402
99.74,0.0031905845160326,0.0013287970146758313,-43.02966639144545
99.75,0.0032039226552507,0.001338840811351668,-35.1446095555163
99.76,0.0032173615417421,0.0013489478171483378,-37.980774156505596
99.77,0.0032309018201306,0.0013591174536283113,-42.44445085012229
99.78,0.003244544097014,0.0013693485799816487,-36.22582941273685
99.79,0.0032582890029905,0.0013796432345983326,-35.86967217616281
99.8,0.0032721371750235,0.0013900018874208506,-34.79054070602053
99.8099999999999,0.0032860892560548,0.0014004251344500124,-33.755786981773866
99.82,0.0033001458950379,0.0014109135785291536,-32.74859586237223
99.83,0.0033143077469717,0.0014214678259375012,-31.767761951942695
99.84,0.0033285754729352,0.0014320884863491573,-30.812834491112774
99.85,0.0033429497401207,0.0014427761727974803,-29.861001366463878
99.86,0.003357431221868,0.0014535315017375015,-29.422278713317997
99.87,0.0033720205976984,0.0014643549857550173,-26.41704364749676
99.88,0.0033867185533483,0.0014752480375441431,-23.703508452590018
99.89,0.0034015257936725,0.001486211919054166,-27.31439401994856
99.9,0.0034164430251555,0.0014972456875608341,-27.255820816491255
99.91,0.0034314709418695,0.0015083496319875038,-24.032102429394783
99.92,0.003446610256417,0.0015195252626508148,-23.675888899231445
99.9299999999999,0.003461861687926,0.001530773133711662,-22.888628055682645
99.94,0.0034772259620894,0.0015420939035691765,-22.141024176566656
99.95,0.0034927038112033,0.0015534882345491657,-21.413664459109864
99.96,0.0035082959742071,0.0015649567929000084,-20.706337522623663
99.97,0.0035240031967217,0.0015765002487150113,-20.01832844855423
99.98,0.0035398262310886,0.0015881192760408436,-19.30377809672293
99.99,0.0035557658364095,0.0015998145528108442,-19.675022923914355
100.0,0.0035718227785846,0.0016115864954708331,-13.371301468280075
100.01,0.0035879978303524,0.0016234380794641614,-16.050309709674085
100.02,0.0036042918031753,0.001635368654602495,-20.254716505839227
100.03,0.0036207054635994,0.0016473768349075078,-15.404615774454188
100.04,0.0036372396060083,0.0016594650276950075,-15.369139641871536
100.05,0.0036538950328275,0.001671633829439155,-14.79924613458699
100.06,0.0036706725536767,0.0016838839543258078,-14.246970663488126
100.07,0.0036875729854139,0.001696216128425837,-13.711424388817418
100.08,0.0037045971521804,0.0017086310823358586,-13.191248277911438
100.09,0.003721745885446,0.0017211295511191812,-12.68618758618919
100.1,0.0037390200240532,0.0017337122742766482,-12.176720928704947
100.11,0.003756420414262,0.0017463799958274974,-12.1015222731423
100.12,0.0037739479097952,0.0017591333334516816,-9.83726261705764
100.13,0.0037916033718827,0.001771973993930831,-7.623077948977069
100.14,0.0038093876850046,0.0017849035900041597,-11.130641201151445
100.15,0.0038273017366655,0.0017979209112208379,-11.49425636443565
100.16,0.0038453463972571,0.0018110262323733411,-8.85319962888981
100.17,0.0038635225605562,0.0018242214550683446,-8.833767048682079
100.18,0.0038818311282454,0.0018375072430000094,-8.414223711788292
100.19,0.0039002730099637,0.0018508843943249899,-8.024011770875843
100.2,0.0039188491233571,0.0018643537123549604,-7.645625589102892
100.21,0.0039375603941308,0.0018779160055416638,-7.279024532872785
100.22,0.0039564077560996,0.0018915720873716687,-6.9237340721046285
100.23,0.0039753921512387,0.0019053227764891723,-6.543431567600513
100.24,0.0039945145297357,0.0019191688966541949,-7.015875616768113
100.25,0.0040137758500409,0.0019331109780150284,-2.288825879092304
100.26,0.0040331770789187,0.0019471523980166547,-4.0862907723834425
100.27,0.0040527192273409,0.0019612927783107807,-7.902987932154423
100.28,0.0040724032603737,0.001975530437304188,-4.6387534146347065
100.29,0.0040922301682836,0.001989867892230846,-4.379316749526866
100.3,0.0041122009539838,0.00200430610865917,-4.151482777913237
100.31,0.004132316629154,0.002018845933289165,-3.867554008455718
100.32,0.0041525782142978,0.0020334882514116363,-3.5964480747969008
100.33,0.0041729867388009,0.0020482339541625337,-3.334340286890881
100.34,0.0041935432409896,0.002063083938518332,-3.081215622923224
100.35,0.0042142487681889,0.0020780391071916577,-2.825966629526106
100.36,0.0042351043767796,0.002093100368744156,-2.8030738233477037
100.37,0.0042561111322579,0.0021082685322941874,-1.8538462022968218
100.38,0.0042772701092923,0.002123545154365824,1.014110525531386
100.39,0.0042985824044152,0.0021389329867083505,-2.0191113597068275
100.4,0.0043200491355141,0.0021544306648633577,-3.606961280852312
100.41,0.0043416713836273,0.002170037729755858,-0.8630925877779554
100.42,0.0043634502632055,0.0021857569207891668,-1.0896166051580296
100.43,0.0043853868983757,0.0022015890105133206,-0.873748166286634
100.44,0.0044074824230066,0.0022175349763883514,-0.6836238538930545
100.45,0.0044297379807745,0.002233595802474163,-0.5005245484575458
100.46,0.0044521547252293,0.0022497724794324544,-0.32439628127749653
100.47,0.0044747338198604,0.0022660660044649954,-0.15500195816020343
100.48,0.0044974764381619,0.0022824773813883334,0.03273327773014249
100.49,0.0045203837636995,0.0022990076206174694,-0.3601005421121752
100.5,0.0045434569901755,0.0023156574443158784,2.676805264271931
100.51,0.0045666973214951,0.0023324303054474732,2.2107189691066105
100.52,0.0045901060072088,0.0023493267353158287,-1.014741902128357
100.53,0.0046136842633122,0.0023663448390050723,0.4756192592439023
100.54,0.0046374333164744,0.002383486687537508,1.2461292742333494
100.55,0.0046613544149393,0.0024007539883899964,1.231466453846472
100.56,0.0046854488177211,0.0024181477316758456,1.3676010214290482
100.57,0.004709717794679,0.0024356690055741615,1.491215737169391
100.58,0.0047341626265909,0.0024533189057249724,1.6094556353879967
100.59,0.0047587846052288,0.0024710985352316794,1.7223393903364792
100.6,0.0047835850334325,0.0024890090045841585,1.8347129333896686
100.61,0.004808565225184,0.0025070514317533307,1.86201216373685
100.62,0.0048337265056824,0.0025252268769833273,1.899506498780647
100.63,0.0048590702114176,0.002543536630658382,5.205266052637605
100.64,0.0048845976980633,0.0025619850110242277,2.6159236584068637
100.65,0.0049103103685522,0.0025805704684316454,0.23704614467544155
100.66,0.0049362095614363,0.0025992914912641813,3.027794806751719
100.67,0.0049622966621898,0.002618151948727479,2.669229490327694
100.68,0.0049885730682124,0.002637152745259123,2.7718573753396236
100.69,0.0050150401889137,0.0026562950860025136,2.8511461056644922
100.7,0.0050416994457964,0.0026755801845275416,2.9262361246900204
100.71,0.0050685522725415,0.0026950092628375364,2.9970888593214973
100.72,0.0050956001150915,0.0027145835512441185,3.063941194470549
100.73,0.005122844431734,0.002734304288535006,3.1435560106567997
100.74,0.0051502866931871,0.0027541727219016266,2.8409235553247716
100.75,0.0051779283826821,0.0027741898219383458,4.678599046257792
100.76,0.0052057709960481,0.0027943590818700135,5.18152431625655
100.77,0.0052338160759894,0.0028146823225791663,2.4415823341328333
100.78,0.0052620651498211,0.002835157348285809,2.6941845902628994
100.79,0.0052905197341566,0.0028557855343108716,3.8384392988957043
100.8,0.0053191813795914,0.0028765696170058273,3.6795520871878713
100.81,0.0053480516500345,0.0028975107594641698,3.735191565786856
100.82,0.0053771321228036,0.0029186103072167107,3.7782159813256597
100.83,0.0054064243887185,0.0029398696152866327,3.8180145127732965
100.84,0.0054359300521974,0.002961290048209171,3.8545386806939255
100.85,0.0054656507313505,0.0029828729798908344,3.88815147768528
100.86,0.0054955880580745,0.0030046197937775194,3.9428946788369035
100.87,0.0055257436781484,0.0030265318793108328,3.3593282312541377
100.88,0.0055561192513273,0.0030486100873550036,6.898522253273154
100.89,0.0055867164518556,0.0030708608533532977,4.724407593106357
100.9,0.0056175370372495,0.0030932824301050385,1.8825094690636315
100.91,0.0056485826631236,0.00311587183433251,4.6435366359032555
100.92,0.0056798550498587,0.003138634431034998,4.22463351869601
100.93,0.0057113559326093,0.0031615712854616944,4.265624818008465
100.94,0.0057430870614109,0.003184683890999979,4.285202585932319
100.95,0.0057750502012858,0.0032079737517066477,4.302243460755829
100.96,0.0058072471323507,0.0032314423823458257,4.31670715286961
100.97,0.0058396796499229,0.0032550913082566774,4.328735798986135
100.98,0.0058723495646262,0.0032789220654991904,4.348793367198085
100.99,0.005905258702499,0.0033029362008050595,4.137821840551503
101.0,0.0059384089050996,0.0033271350138016683,5.090647933274868
101.01,0.0059718020296135,0.0033515219059741578,6.287052909114403
101.02,0.006005439979886,0.0033761005367492106,3.9856713605179475
101.03,0.0060393246720733,0.0034008683630666484,3.3697686130183593
101.04,0.0060734579803681,0.003425825668179963,4.764496337096031
101.05,0.0061078418299023,0.003450976598667497,4.524384315752046
101.06,0.0061424781623364,0.003476322525644184,4.537701615936172
101.07,0.0061773689359796,0.003501865119945823,4.538326772251333
101.08,0.0062125161259092,0.003527606064406684,4.536992432969088
101.09,0.0062479217240912,0.0035535470539158733,4.533665472351217
101.1,0.0062835877395004,0.0035796897952883253,4.528432313865615
101.11,0.0063195161982393,0.003606036007356625,4.535638473271945
101.12,0.0063557091436594,0.003632587420990856,4.210204472168808
101.13,0.0063921686364804,0.0036593453500758273,5.8999936648645015
101.14,0.0064288967549103,0.003686315147934987,5.248635910535611
101.15,0.0064658956462374,0.0037134972644733864,3.6005078508119377
101.16,0.0065031674039632,0.003740889848450033,4.60744252506034
101.17,0.0065407141571668,0.0037684967619083165,4.659973967990731
101.18,0.0065785380605315,0.0037963201314858536,4.620239705102079
101.19,0.0066166412873548,0.0038243617661758563,4.614819264429432
101.2,0.0066550260296889,0.0038526235486525057,4.6061206598292035
101.21,0.0066936944984849,0.003881107375880787,4.600044366679839
101.22,0.006732648923734,0.003909815158979136,4.50055975772166
101.23,0.0067718915546099,0.003938748678990833,4.897508649996884
101.24,0.0068114246596114,0.003967910957067451,5.148948008186893
101.25,0.0068512505440252,0.00399730461633836,4.405261861402058
101.26,0.0068913715242083,0.00402692977417669,4.318734111076755
101.27,0.0069317899174245,0.004056788144809135,4.656161704341829
101.28,0.0069725080739046,0.004086882659417495,4.579486946841689
101.29,0.0070135283642185,0.0041172152531341495,4.567723412994761
101.3,0.0070548531794302,0.00414778798313413,4.551926506801911
101.31,0.0070964849312532,0.004178602922152527,4.536021323465918
101.32,0.0071384260522061,0.0042096621584366885,4.497844504330876
101.33,0.0071806789957674,0.0042409677492274865,4.493490701258867
101.34,0.0072232462365314,0.004272521980694128,5.089910880036068
101.35,0.0072661302759483,0.004304328767313299,4.55892017082991
101.36,0.00730933365597,0.004336388779966643,4.0769046394518185
101.37,0.0073528588991986,0.004368702741929992,4.555834096178717
101.38,0.0073967085689378,0.004401274295703324,4.453762935895271
101.39,0.0074408852506591,0.004434105510615832,4.436192973770033
101.4,0.0074853915521696,0.004467198628584181,4.414072752728062
101.41,0.0075302301037791,0.004500555908258313,4.390908898593149
101.42,0.0075754035584677,0.0045341796250175205,4.3734016166287875
101.43,0.0076209145920529,0.004568072071029149,4.200613976580622
101.44,0.0076667659033579,0.004602235233910807,4.969134875155805
101.45,0.0077129602143772,0.004636674139384188,4.630739944855593
101.46,0.0077595003089928,0.004671390098416649,3.849296399833867
101.47,0.007806388940406,0.004706382777129173,4.307297446653886
101.48,0.0078536288997783,0.004741656141741704,4.3000123490789965
101.49,0.0079012230074057,0.00477721279375416,4.261012168881539
101.5,0.0079491741079814,0.004813055141100854,4.236196788579995
101.51,0.0079974850707803,0.0048491856511583345,4.209755231987491
101.52,0.008046158789843,0.004885606809683319,4.185205343239719
101.53,0.0080951981841595,0.004922321120800032,4.099318718511235
101.54,0.008144606197853,0.004959330953210811,4.335702177244496
101.55,0.0081943858003643,0.004996639984481679,4.5047915353324655
101.56,0.0082445400050961,0.005034251594313409,4.028762920654573
101.57,0.0082950718439665,0.0050721665473315875,3.941277912138515
101.58,0.008345984355353,0.005110387123614093,4.133169828176467
101.59,0.0083972806167397,0.005148916890628354,4.070654119630353
101.6,0.008448963732448,0.005187758438777495,4.048180965901231
101.61,0.0085010368338511,0.005226914484091694,4.016000553328771
101.62,0.0085535030795909,0.005266387737944177,3.992819223756966
101.63,0.0086063656557919,0.005306181044398313,4.19978640571969
101.64,0.0086596277794211,0.005346298246615942,4.004735632405445
101.65,0.0087132927071649,0.005386741389924111,3.8066242796223837
101.66,0.008767363700981,0.005427512465097477,3.9552145893247768
101.67,0.0088218440614802,0.005468615123975912,3.9021286172904026
101.68,0.0088767371181318,0.0055100521804000244,3.8778397442467307
101.69,0.0089320462294942,0.0055518265547650335,3.852748683324284
101.7,0.008987774783445,0.005593941190643352,3.8061295992457906
101.71,0.009043926197414,0.005636398987331667,3.8830339116101005
101.72,0.009100503918613,0.005679203482205781,3.8381990765790412
101.73,0.0091575114323584,0.005722357615059272,3.7167182422344553
101.74,0.0092149522451355,0.005765863923896696,3.739711363937983
101.75,0.0092728298957869,0.005809725727012478,3.72015017444676
101.76,0.0093311479551734,0.005853946183603393,3.6775463480739834
101.77,0.0093899100254201,0.005898528366155009,3.707972867422418
101.78,0.0094491197401687,0.005943475821235835,3.812177566763271
101.79,0.0095087807718107,0.005988792486214225,3.5988663421935114
101.8,0.0095688968277499,0.006034480470224994,3.4573290467546447
101.81,0.009629471627724,0.006080542251427473,3.5258745053545653
101.82,0.0096905089310481,0.006126981585084993,3.3689309967869288
101.83,0.009752012528025,0.00617380113407258,3.6876255621951493
101.84,0.0098139862399477,0.0062210065826883345,4.055005778698959
101.85,0.0098764339628321,0.006268603809181691,3.3427339676248327
101.86,0.0099393596195823,0.006316591768906784,3.0988707734399257
101.87,0.010002767108,0.0063649721860432945,3.405195386192454
101.88,0.0100666603890221,0.00641375057466497,3.1700162463574744
101.89,0.0101310434560253,0.006462929372389077,3.693469225771225
101.9,0.0101959203348249,0.006512516019784176,3.8675909661679717
101.91,0.0102612951497357,0.006562515509271674,3.0586027898929875
101.92,0.0103271720163312,0.006612925807948399,3.023758787219039
101.93,0.0103935550469631,0.006663750115918378,3.2404070208065283
101.94,0.0104604484156903,0.006714993765925855,2.9796892868918987
101.95,0.0105278563306983,0.006766659155470794,3.7310295987111637
101.96,0.0105957830343017,0.006818755963706565,3.670355018974851
101.97,0.0106642328971978,0.00687128775778258,2.7690955668837165
101.98,0.0107332102320415,0.006924251364947556,2.9845146429530534
101.99,0.0108027193816828,0.006977652079015823,3.0871653634974763
102.0,0.010872764746388,0.007031494800880037,2.8187974615647846
102.01,0.0109433507624879,0.0070857819672084385,3.7362603484898402
102.02,0.0110144819023767,0.007140525348955004,3.426346697299682
102.03,0.0110861627935274,0.0071957266268681975,2.509964627820279
102.04,0.0111583979528294,0.007251381952089245,2.966829383535794
102.05,0.0112311919708853,0.007307499069042547,2.929369940332434
102.06,0.0113045494869892,0.007364082090272525,2.687538423372305
102.07,0.0113784751785207,0.007421133731462497,3.685597082999663
102.08,0.0114529737630799,0.007478667430964112,3.1783036328805068
102.09,0.0115280501318354,0.0075366830350392065,2.2989854984415876
102.1,0.0116037090217911,0.007595176422929244,2.9223416073338435
102.11,0.0116799552840056,0.007654157540167465,2.753477687132436
102.12,0.01175679380969,0.007713629619974146,2.655763781372904
102.13,0.0118342295302065,0.007773596822383206,3.596111219409788
102.14,0.0119122674370014,0.007834073179430913,2.947924123466934
102.15,0.0119909126838108,0.007895056831071643,2.145155430940331
102.16,0.0120701702569927,0.00795654374812992,2.7800028090189293
102.17,0.0121500452704083,0.008018544867458314,2.631061345929027
102.18,0.0122305428800058,0.008081063685980074,2.426582440276883
102.19,0.0123116682838206,0.008144103245330851,3.1743862654973145
102.2,0.0123934267219735,0.008207676965493377,3.2028454305665024
102.21,0.0124758236167102,0.00827179019841417,2.2154845403732986
102.22,0.0125588643072634,0.008336436395733242,2.363414956539361
102.23,0.0126425541423301,0.008401621612361652,2.5501560369618423
102.24,0.0127268985594447,0.008467353178393455,2.4100238241085963
102.25,0.0128119030406772,0.008533634743587646,2.462424271810401
102.26,0.012897573112633,0.008600472827955768,3.3667644768791836
102.27,0.012983914398606,0.008667883838152514,2.575447668928661
102.28,0.0130709326835204,0.008735863128917566,1.8511670046550974
102.29,0.0131586335471981,0.008804406120510864,2.49685417868364
102.3,0.0132470227258997,0.008873526012368252,2.3492243168430056
102.31,0.0133361060031791,0.00894322662432586,2.12322891270713
102.32,0.0134258892098842,0.00901351103644751,3.038504345142575
102.33,0.013516378224155,0.009084397430396667,2.818625070756733
102.34,0.0136075791693332,0.009155888477566765,1.8227038469052714
102.35,0.0136994979871235,0.009227975343600783,2.214812795957777
102.36,0.0137921406963242,0.009300668469609157,2.264794449043556
102.37,0.0138855133988509,0.00937397457065338,2.13032568595144
102.38,0.0139796222467993,0.009447897688830822,2.3243830597935
102.39,0.0140744734424459,0.009522447244042513,2.9383301732205642
102.4,0.0141700733224245,0.009597638535649086,2.1930757924083437
102.41,0.0142664283345674,0.009673465868111625,1.7361110952679437
102.42,0.0143635447594934,0.00974992727595096,2.2094194591429095
102.43,0.0144614290348237,0.009827035970174971,2.0920453729016706
102.44,0.0145600876513608,0.009904796403559077,1.858778797308506
102.45,0.0146595271530856,0.009983211766250034,2.8574697962253772
102.46,0.0147597541371615,0.01006230515724177,2.425718410498409
102.47,0.0148607755092793,0.0101420756519266,1.4897590111981498
102.48,0.0149625978820414,0.010222512674888287,2.071265916609324
102.49,0.0150652280338936,0.010303631945241743,1.9911390774836655
102.5,0.0151686728130893,0.01038543897064753,1.8583739212975963
102.51,0.0152729391242335,0.010467938158296679,2.1991505978500485
102.52,0.0153780339282829,0.010551143082080074,2.5915410119398743
102.53,0.0154839643764468,0.010635067855535021,1.8268932288417423
102.54,0.0155907376609461,0.010719704269045794,1.5845730205852586
102.55,0.0156983608428749,0.010805053407328345,1.943101475835658
102.56,0.0158068411474222,0.010891128915287644,1.8444599691040915
102.57,0.0159161858593762,0.0109779358819041,1.6335760125572047
102.58,0.016026402323122,0.011065477890900729,2.510679576311006
102.59,0.0161374979426448,0.011153780459375862,2.2411627525270736
102.6,0.0162494804666629,0.011242845139200978,1.3276140023049665
102.61,0.0163623573525783,0.011332658686640802,1.7516856305850332
102.62,0.0164761361858859,0.011423236421425714,1.7649875148158558
102.63,0.0165908246540319,0.01151458638617749,1.681646386067469
102.64,0.0167064305077206,0.011606714059133409,1.6621647307882828
102.65,0.0168229615609146,0.011699627575410099,2.48028325721415
102.66,0.0169404257538515,0.011793353563247448,1.8417594725927076
102.67,0.0170588313140299,0.011887884421976722,1.1723816845747128
102.68,0.0171781861050533,0.011983210516964266,1.7497363789132299
102.69,0.0172984982398918,0.0120793527867974,1.6212970187014324
102.7,0.017419775898711,0.01217631643313999,1.4957226488168118
102.71,0.0175420273288758,0.012274106523939895,1.8971243569326106
102.72,0.0176652608449485,0.012372742077511613,2.1471672111563405
102.73,0.017789485026919,0.012472237742392589,1.424470054989398
102.74,0.0179147084337552,0.012572581850930764,1.3149301019651518
102.75,0.0180409395102423,0.012673778304948438,1.5867100016337388
102.76,0.0181681868894232,0.012775842604081008,1.506661702793029
102.77,0.0182964592756692,0.012878780906798911,1.3110107721822557
102.78,0.0184257654446807,0.012982597251220713,2.15252987566283
102.79,0.0185561142434864,0.013087324608667574,1.7989699738313425
102.8,0.0186875149618143,0.013192961265425022,0.9982412983639171
102.81,0.0188199764596979,0.013299490774536845,1.4810456837655608
102.82,0.0189535078225217,0.013406935096099838,1.4262889070091187
102.83,0.0190881182362012,0.013515301999357233,1.353777967480599
102.84,0.0192238169623087,0.013624598014465104,1.403987753265998
102.85,0.019360613338071,0.013734834885341732,1.9977774773396448
102.86,0.0194985168757443,0.013846040974500786,1.44668811129948
102.87,0.019637537357445,0.013958206977166567,0.974111827412133
102.88,0.0197776842003606,0.01407132479229094,1.4082006804774745
102.89,0.0199189670977414,0.014185417574753372,1.3069975515901135
102.9,0.0200613958230406,0.014300491712695696,1.1889440420721422
102.91,0.0202049802299146,0.014416553038488523,1.5963733537340756
102.92,0.0203497302522227,0.014533626425322488,1.7073764566332064
102.93,0.0204956561665796,0.014651725621654909,1.0862640990462564
102.94,0.0206427681453219,0.014770836475375861,1.0890878669141686
102.95,0.0207910763001096,0.014890967322032586,1.2631444625851136
102.96,0.0209405909434176,0.015012134630507564,1.2031496514223514
102.97,0.0210913224727013,0.015134345933424047,1.0264072340594577
102.98,0.0212432813703946,0.015257605817773467,1.8034512099198217
102.99,0.0213964782039147,0.015381955834432484,1.4039472050155628
103.0,0.021550924094992,0.015507389925137512,0.7205128128348726
103.01,0.0217066295693486,0.015633888348136917,1.2234729352674643
103.02,0.0218636055028493,0.015761481207598207,1.120957251895605
103.03,0.0220218628649967,0.01589017554644671,1.0588386506067067
103.04,0.022181412715265,0.016019979126428333,1.1553055165314703
103.05,0.0223422662031006,0.016150908172937364,1.5673673886074488
103.06,0.0225044347125091,0.01628299221835599,1.0996416681411052
103.07,0.022667929862197,0.016416220131300167,0.7836316242735701
103.08,0.0228327629218335,0.016550586352185714,1.0993063549436597
103.09,0.0229989454619398,0.01668611609698566,1.0198426962790603
103.1,0.0231664891481892,0.016822817166556748,0.9347491042906981
103.11,0.0233354057414043,0.016960697020165207,1.2068118485966683
103.12,0.0235057070975627,0.017099781149855064,1.2428169218534204
103.13,0.023677405414508,0.017240082934831508,0.8751838803584683
103.14,0.0238505127950362,0.017381594085310974,0.9052728084144175
103.15,0.0240250413690125,0.01752432645187738,0.9641162106298928
103.16,0.0242010034433614,0.017668294894147438,0.9227512819563635
103.17,0.0243784114268843,0.01781350992523676,1.1552364750775257
103.18,0.0245572778707129,0.017959996309946585,0.9835409725310977
103.19,0.0247376155967961,0.0181077562198658,0.7749744212783841
103.2,0.0249194372454622,0.018256788834836574,0.9197047886887452
103.21,0.0251027556784948,0.018407113908848444,0.8413441627848268
103.22,0.0252875838641221,0.01855873990187915,0.9670795816401059
103.23,0.0254739348770135,0.0187116869533891,0.9794081347130338
103.24,0.0256618220453863,0.01886596827018926,0.7858827822434122
103.25,0.0258512586942017,0.019021583784695033,0.7874694040997794
103.26,0.026042258209205,0.01917854532220495,0.8069509525553711
103.27,0.0262348341333997,0.01933686676671677,0.7729498771078618
103.28,0.0264290001203057,0.01949655955278499,0.9570544476676023
103.29,0.0266247699710013,0.01965764890936913,0.8172685574712188
103.3,0.0268221577636836,0.01982013824649492,0.6447051869147652
103.31,0.0270211774112986,0.01998402785921815,0.7579498898227496
103.32,0.0272218430531047,0.020149338071314093,0.6882135058412834
103.33,0.0274241689432639,0.02031607809561328,0.8013087844137219
103.34,0.0276281694508483,0.020484269840878273,0.8155689841965935
103.35,0.0278338592217738,0.020653927909837413,0.6364868365837331
103.36,0.0280412529002785,0.02082505189253672,0.6342104052575412
103.37,0.028250365189525,0.02099765434091577,0.6546181019085984
103.38,0.0284612109657535,0.021171750540360745,0.621138177565648
103.39,0.0286738052246639,0.021347352619265014,0.7733388096770454
103.4,0.0288881631165464,0.021524486833055027,0.6560045030379538
103.41,0.0291043000815564,0.021703157566457597,0.5087781635811132
103.42,0.0293222314009269,0.021883365858898995,0.6009680665272221
103.43,0.029541972591733,0.022065132984300934,0.5486011398088952
103.44,0.0297635392948913,0.02224846949497496,0.600608151936143
103.45,0.0299869472751555,0.02243339455058153,0.6115858906251321
103.46,0.0302122125289099,0.02261992373159425,0.5131198415300082
103.47,0.030439351117812,0.022808062463719036,0.5016444415877248
103.48,0.030668379188352,0.02299782384279009,0.5121726213118305
103.49,0.030899313055046,0.02318922361775599,0.4914177521694773
103.5,0.0311321691656471,0.02338227479097684,0.48281198179900625
103.51,0.0313669641020421,0.023576991400446556,0.4658298675003922
103.52,0.0316037145894036,0.023773386756261415,0.446512186538059
103.53,0.0318424374770444,0.02397147396715997,0.43548559871203657
103.54,0.0320831497549141,0.02417126705166623,0.42189820746990075
103.55,0.0323258685500669,0.024372779833193154,0.402576135279583
103.56,0.0325706111273837,0.024576025457832308,0.37185859416967193
103.57,0.032817394876818,0.024781015970874155,0.370139513343252
103.58,0.033066237313983,0.024987766651237444,0.36476266796248336
103.59,0.0333171561263564,0.025196292556379313,0.338873091684026
103.6,0.0335701691255424,0.02540660645909265,0.329465391853349
103.61,0.0338252942625277,0.02561872276826844,0.2943862982620469
103.62,0.0340825496282623,0.02583265303232266,0.27546195191481054
103.63,0.0343419534159234,0.026048410752817452,0.2802965950519423
103.64,0.0346035239888293,0.026266012457919267,0.25972117839283904
103.65,0.0348672798567256,0.026485471709146793,0.23926125628061443
103.66,0.0351332396597296,0.026706801927060646,0.22735529305151275
103.67,0.0354014221780282,0.0269300173940357,0.18264129155412456
103.68,0.0356718463280028,0.027155128359439864,0.1777240159728903
103.69,0.0359445311156269,0.027382150261182823,0.1820711130692316
103.7,0.0362194957573864,0.027611100005640876,0.14785391518898772
103.71,0.0364967595817551,0.027841989327070014,0.13575087650269743
103.72,0.0367763420563515,0.028074832605727865,0.109640706597882
103.73,0.0370582627880993,0.028309642262708906,0.07411037394328525
103.74,0.0373425414954527,0.028546429442712594,0.07457563452406495
103.75,0.0376291980230396,0.02878521055625164,0.06644150576266883
103.76,0.0379182524027484,0.02902600094334002,0.03577916634858406
103.77,0.0382097247797147,0.02926881247926061,0.02610587984593237
103.78,0.0385036354356527,0.029513659669628812,-0.02370441287593903
103.79,0.0388000047887628,0.029760550957444166,-0.04233683953982941
103.8,0.0390988533147777,0.030009499631502547,-0.031122008038125832
103.81,0.0394002016978214,0.03026052398650807,-0.06143084237607016
103.82,0.0397040707523412,0.030513635686627537,-0.08374830891703222
103.83,0.0400104814108898,0.03076884723105493,-0.09956435185537267
103.84,0.0403194547369296,0.031026171662418972,-0.16704593728227632
103.85,0.040631011906802,0.03128561345048884,-0.16398182585665663
103.86,0.0409451741201485,0.03154718919182956,-0.14968552370435034
103.87,0.0412619628625824,0.03181091788017563,-0.2002600869317953
103.88,0.0415813996801532,0.032076806780912084,-0.2130095231197742
103.89,0.0419035062412185,0.03234486908739009,-0.24600123803989257
103.9,0.0422283043355278,0.03261511399827467,-0.3075008010569119
103.91,0.0425558158150924,0.03288754542334002,-0.2963100608675454
103.92,0.0428860625913515,0.03316218118180735,-0.2943239030841706
103.93,0.0432190668370073,0.033439037697317125,-0.3441005709845564
103.94,0.0435548507690301,0.03371812081016783,-0.3549202006059035
103.95,0.0438934367128432,0.03399944291544606,-0.41255156645054086
103.96,0.0442348471008186,0.03428300673794244,-0.46072526569975325
103.97,0.0445791043414617,0.03456881690697428,-0.4381422811805248
103.98,0.044926230989425,0.03485689318224415,-0.45738900729950727
103.99,0.0452762497928575,0.03514724665962324,-0.5030657499626616
104.0,0.0456291835301157,0.03543988192172276,-0.5104692990995588
104.01,0.0459850550678325,0.03573481032485843,-0.607347188293683
104.02,0.0463438873586183,0.03603202330794148,-0.6307058977939822
104.03,0.0467057031818953,0.0363315288052838,-0.5904514188674398
104.04,0.0470705256456651,0.03663335013490583,-0.6453187965228442
104.05,0.0474383779075728,0.03693748827829756,-0.6811811945819457
104.06,0.0478092831478496,0.03724394722685916,-0.6897649628688906
104.07,0.0481832646059756,0.037552735679649334,-0.8274415188130197
104.08,0.0485603455656644,0.03786383104088011,-0.816253297244982
104.09,0.0489405489685333,0.03817724748636827,-0.7636478386494422
104.1,0.0493238983234056,0.03849301086022248,-0.861263706101478
104.11,0.049710416969541,0.03881110779871058,-0.879195892965916
104.12,0.0501001282704993,0.039131542991640546,-0.9176861293832943
104.13,0.0504930556094376,0.03945431463067481,-1.042403949501872
104.14,0.0508892222835815,0.03977939769248667,-1.0214418165017702
104.15,0.0512886513185177,0.040106806890883966,-0.9933948131425436
104.16,0.0516913662200417,0.04043655989999877,-1.0882297207864824
104.17,0.0520973902742131,0.04076863865523708,-1.1053915044172495
104.18,0.0525067467411448,0.04110304397511525,-1.1821813317759637
104.19,0.052919458848714,0.04143975847704171,-1.2866532400916015
104.2,0.0533355495390351,0.04177875646984661,-1.2513657814721082
104.21,0.0537550416400905,0.04212005436849299,-1.2581460834606146
104.22,0.0541779582957752,0.04246365647109524,-1.3473430986526123
104.23,0.0546043223784157,0.04280953981076162,-1.3618127148463366
104.24,0.0550341566691053,0.043157700601307615,-1.4965277053595705
104.25,0.0554674838494399,0.043508096488697794,-1.5681397041735583
104.26,0.0559043259918119,0.043860705040459316,-1.509379340489238
104.27,0.0563447053814248,0.044215547381530204,-1.5689834104856006
104.28,0.0567886443201294,0.04457260554128681,-1.6477664142514235
104.29,0.0572361647901963,0.044931851985352315,-1.6583991474679736
104.3,0.0576872885970295,0.04529327717772407,-1.874159420362195
104.31,0.0581420373583833,0.04565680143975455,-1.8887823139862003
104.32,0.0586004316042985,0.04602241463166265,-1.8018557689620536
104.33,0.0590624926755778,0.04639014471055497,-1.94281673514252
104.34,0.059528241378786,0.046759936816917425,-1.9947721910008929
104.35,0.0599976981890167,0.04713176280476516,-2.035736536665306
104.36,0.0604708832937796,0.04750559444484069,-2.279065022569455
104.37,0.0609478164589548,0.04788132857973451,-2.2568788525938652
104.38,0.0614285162049099,0.0482589618453966,-2.1841093596321377
104.39,0.0619130020484909,0.04863851261409132,-2.364869140691089
104.4,0.0624012925886208,0.049019898720666435,-2.40323991409401
104.41,0.0628934060149511,0.04940308609335878,-2.5070226228146906
104.42,0.0633893600901115,0.04978801202640676,-2.725914045719443
104.43,0.0638891717292134,0.050174567629362204,-2.687386052483768
104.44,0.0643928568595505,0.050562748919902895,-2.6706977362290982
104.45,0.0649004320549397,0.05095254461508561,-2.84909818948952
104.46,0.0654119128255335,0.051343858554656646,-2.8904591708807876
104.47,0.0659273141032672,0.05173664310262362,-3.07969530930371
104.48,0.0664466502196117,0.05213078603692109,-3.2582317215317578
104.49,0.0669699340352504,0.05252617969622048,-3.19563139418308
104.5,0.0674971779569685,0.05292282260695019,-3.2606338676941404
104.51,0.0680283944385751,0.053320657824045686,-3.4312756436637555
104.52,0.0685635947333753,0.05371957580308622,-3.4785103832911797
104.53,0.0691027893076193,0.05411951202478003,-3.772110097422245
104.54,0.0696459878129518,0.05452029043584659,-3.897546013621093
104.55,0.0701931976322135,0.05492181161574292,-3.811476779960493
104.56,0.0707444264778273,0.055324076312781786,-3.9818677519907495
104.57,0.0712996812327342,0.05572696506882582,-4.140382426423854
104.58,0.0718589674595835,0.056130355910237004,-4.1976753776318505
104.59,0.072422289678004,0.05653416344985687,-4.621168050056094
104.6,0.0729896513307573,0.056938130349618726,-4.670803800917341
104.61,0.0735610525881417,0.057342178588969464,-4.564753333709005
104.62,0.0741364950987309,0.05774630953885029,-4.876966982687861
104.63,0.0747159783911164,0.05815031773901217,-5.0062298461314905
104.64,0.0752995006098929,0.058554075187899096,-5.137662396166733
104.65,0.0758870585487563,0.058957445576845784,-5.589356810275005
104.66,0.0764786473373021,0.05936013591026565,-5.622763394874231
104.67,0.0770742587411685,0.05976206320199365,-5.5788835470828575
104.68,0.0776738858399586,0.060163186899796335,-5.946012621971418
104.69,0.0782775189857691,0.06056325412865961,-6.095207961751482
104.7,0.0788851468661313,0.0609621095560083,-6.318898716902937
104.71,0.0794967564551109,0.0613595573828935,-6.704626016004442
104.72,0.080112332447972,0.06175531914160842,-6.821902469988552
104.73,0.0807318567545475,0.062149255222120524,-6.935111346488378
104.74,0.0813553109646311,0.06254122985769328,-7.269520052051171
104.75,0.0819826739617292,0.0629309866318648,-7.540102760732297
104.76,0.0826139225225024,0.06331829313649014,-7.865666077953168
104.77,0.0832490308216941,0.06370289192650185,-8.075816091645533
104.78,0.0838879706679715,0.06408458550348738,-8.329387234382656
104.79,0.0845307120943019,0.06446315379789273,-8.654206486249747
104.8,0.0851772224429462,0.06483833447038154,-9.003779578708814
104.81,0.0858274665657446,0.06520984918191529,-9.350424167850049
104.82,0.0864814063030673,0.06557742301616445,-9.632540050821104
104.83,0.0871390010734409,0.06594081543060971,-9.984793798084382
104.84,0.0878002077425769,0.06629974988324439,-10.348567767958519
104.85,0.0884649802301482,0.06665393848787465,-10.816363178463552
104.86,0.0891332695707364,0.06700304008157287,-11.21474825007859
104.87,0.089805023080172,0.06734675241177926,-11.552522486029753
104.88,0.0904801857329785,0.06768480706244202,-12.025235724961634
104.89,0.0911586992386715,0.06801686757064891,-12.466969397716488
104.9,0.0918405019912393,0.06834260794143834,-13.05323789315408
104.91,0.0925255290377806,0.06866163312433406,-13.523019981246705
104.92,0.0932137111728787,0.06897361182235223,-13.959779905598408
104.93,0.0939049767168666,0.06927823348568339,-14.568944081340563
104.94,0.0945992500052451,0.0695751029156941,-15.130128776513413
104.95,0.0952964516784298,0.06986384750212091,-15.780543631899143
104.96,0.0959964985155011,0.07014405710517822,-16.38280580709007
104.97,0.09669930309866,0.07041535053559911,-16.996744606240878
104.98,0.0974047745144653,0.07067734589013576,-17.70867007541616
104.99,0.0981128176058715,0.07092961778859877,-18.410767142146824
105.0,0.0988233330663768,0.07117174973409121,-19.141920537731146
105.01,0.0995362173793202,0.0714033174219083,-19.91406832199821
105.02,0.100251362733964,0.07162388228566889,-20.715515063976014
105.03,0.10096865685594,0.07183299736309273,-21.546717208797713
105.04,0.101687983005055,0.07203020878077428,-22.373156135943592
105.05,0.102409219864477,0.07221507160980907,-23.22374214870403
105.06,0.103132241748567,0.07238713363117526,-24.18103005406529
105.07,0.103856918210859,0.072545897628409,-25.133694001539276
105.08,0.10458311374037,0.07269087254614162,-26.098784248053597
105.09,0.105310688083492,0.07282157023850838,-26.99532169778118
105.1,0.106039496024094,0.07293753707774976,-27.977087667620616
105.11,0.10676938805203,0.07303828011979176,-29.101109951739573
105.12,0.107500209039344,0.07312324237465073,-30.117511874544718
105.13,0.108231798591117,0.07319191231644982,-31.189403837093508
105.14,0.108963991251832,0.07324376143400825,-32.01358403413824
105.15,0.10969661627396,0.07327836176869279,-33.08783381219403
105.16,0.110429499130007,0.07329516457664972,-34.30749815144259
105.17,0.111162458204274,0.07329354497425863,-35.20633564364161
105.18,0.111895306945146,0.07327300330078347,-36.23467198137137
105.19,0.112627853398161,0.07323298359252542,-36.833304212810425
105.2,0.113359900285009,0.0731730891635498,-37.83787835475208
105.21,0.114091246892075,0.07309271720341709,-38.92798821072946
105.22,0.114821684196832,0.07299119307395802,-39.50796894547961
105.23,0.115550998628335,0.07286803575924142,-40.206566845652645
105.24,0.116278971006214,0.07272269319102571,-40.49935890379416
105.25,0.117005377076022,0.07255474783346648,-41.08820553787328
105.26,0.117729988595405,0.07236359806609984,-41.65417734094668
105.27,0.118452569601847,0.07214859593328397,-41.749266167181545
105.28,0.119172879444882,0.07190926977542512,-41.70694663892651
105.29,0.119890672359844,0.07164516764577462,-41.775451941191704
105.3,0.12060569828633,0.07135571603745806,-41.775669817740386
105.31,0.121317700215938,0.07104030806709162,-41.416213777425874
105.32,0.122026416369139,0.07069846970899121,-40.85958092723911
105.33,0.122731580054265,0.07032978099833302,-40.41955110440864
105.34,0.123432920627867,0.0699336880202163,-39.92148841970808
105.35,0.124130160565962,0.06950959998359256,-39.09086159971767
105.36,0.124823017900289,0.06905708102090738,-38.036404116950806
105.37,0.12551120623561,0.06857580104427537,-37.198007595574346
105.38,0.126194436262542,0.06806522949808365,-36.34922657349807
105.39,0.126872411338673,0.06752478192029107,-35.16253085682199
105.4,0.127544831185023,0.06695410313980003,-33.810227407453404
105.41,0.128211391785023,0.06635297060610021,-32.734137570984544
105.42,0.128871787456566,0.06572090360217586,-31.69522376573564
105.43,0.129525705038285,0.0650573525934751,-30.361915771674944
105.44,0.130172828778858,0.06436206479289974,-28.945039647124073
105.45,0.130812840052142,0.06363492661080906,-27.801956549158614
105.46,0.131445419792274,0.06287554106168408,-26.72636676586128
105.47,0.132070241952316,0.06208343588544052,-25.435461870383435
105.48,0.132686979052848,0.061258473637682234,-24.11378473001094
105.49,0.133295301830481,0.060400669023867364,-23.04013278281045
105.5,0.133894881981072,0.05950973720987481,-22.04791519401422
105.51,0.134485385095244,0.05858531329455778,-20.90640981125264
105.52,0.135066476705767,0.05762740195626795,-19.74970298853576
105.53,0.135637822032694,0.05663620439190868,-18.83228408191663
105.54,0.13619908924592,0.05561155173861669,-17.989566175911733
105.55,0.136749940889439,0.054553195784457637,-17.061592415380158
105.56,0.137290041351093,0.05346124802064062,-16.069875735378318
105.57,0.137819055379943,0.05233621643446739,-15.309205026218997
105.58,0.138336655407475,0.051178129630743745,-14.660612311140815
105.59,0.138842507368359,0.04998678917979098,-13.892182292988998
105.6,0.139336281702732,0.04876257051926666,-13.147330718876514
105.61,0.139817651040424,0.04750605431061705,-12.503319751432018
105.62,0.140286296321683,0.046217636820507224,-11.979466137429185
105.63,0.140741897802693,0.04489737718141711,-11.410365298892405
105.64,0.141184139382423,0.04354573449916651,-10.850244956283802
105.65,0.141612710264574,0.04216342009611615,-10.334260401704153
105.66,0.142027307876831,0.04075117297314112,-9.913234517094848
105.67,0.142427635346423,0.03930939069131852,-9.499248044886611
105.68,0.142813399280438,0.03783864113853369,-9.081778413014055
105.69,0.143184314610472,0.03633980824498303,-8.691142906187768
105.7,0.143540105052599,0.03481388623402434,-8.36195590997729
105.71,0.143880504534313,0.03326161900619115,-8.057757907604014
105.72,0.144205252323083,0.031683777775749766,-7.752211693941003
105.73,0.144514098493601,0.03008144268978145,-7.470255734085043
105.74,0.144806803393813,0.028455784199384514,-7.222890968121188
105.75,0.145083139977379,0.026807864111451134,-6.9997032787377265
105.76,0.145342890089381,0.025138737807857647,-6.782209507788228
105.77,0.145585848364771,0.02344970265295866,-6.591602508531325
105.78,0.145811821956006,0.021741997801058104,-6.415748013181717
105.79,0.146020630592024,0.0200169616800421,-6.255764969122627
105.8,0.146212108171278,0.018276014944225427,-6.112867870817779
105.81,0.146386102685342,0.016520618676657783,-5.991539732140559
105.82,0.146542476909243,0.014752113065092295,-5.882129352827363
105.83,0.146681106254545,0.012971962786968022,-5.780596478998318
105.84,0.146801883157091,0.011181918394374823,-5.6983772666092545
105.85,0.14690471713369,0.009383654987341988,-5.6349918644967465
105.86,0.146989533735078,0.007578637257508783,-5.585448477921428
105.87,0.14705627227996,0.0057682678506335485,-5.542136687056357
105.88,0.14710488785635,0.003954526509083549,-5.515372312170372
105.89,0.14713535796179,0.002139387294199565,-5.5070831053791895
105.9,0.147147676008628,0.0003244132314330258,-5.509608392776483
105.91,0.14714185102288,-0.001489240459207064,-5.526656944684054
105.92,0.147117902757298,-0.0032994565886503477,-5.561176765507544
105.93,0.147075880806255,-0.005103907413575813,-5.612053761105583
105.94,0.147015849066266,-0.006900922848908596,-5.661211930144556
105.95,0.146937890384253,-0.008689658281458661,-5.740575560992809
105.96,0.146842090123151,-0.01046823020303377,-5.854603434486081
105.97,0.14672856825511,-0.012233916920033571,-5.967614549812385
105.98,0.146597459657486,-0.013985189389184352,-6.090159914963473
105.99,0.146448916689337,-0.015720780634508047,-6.217191198475757
106.0,0.146283100323669,-0.017439657349382447,-6.418514253267348
106.01,0.146100187260715,-0.019139385684284242,-6.637659616495267
106.02,0.145900383110436,-0.02081784266605875,-6.854708768721768
106.03,0.145683905265587,-0.022473731054242312,-7.030752924209334
106.04,0.145450985482572,-0.024106721854116657,-7.332139198023136
106.05,0.145201853964312,-0.025714840438441355,-7.711856574686409
106.06,0.14493677932273,-0.02729556675431765,-8.029343499587824
106.07,0.144656036839464,-0.028847959487617963,-8.337721797826063
106.08,0.144359916494306,-0.030371525005540995,-8.729362622345391
106.09,0.144048706475434,-0.03186517899560713,-9.28664184382923
106.1,0.143722719411155,-0.03332675514675018,-9.79330306668931
106.11,0.143382281653729,-0.03475517401475836,-10.316297810974786
106.12,0.143027728538276,-0.03614976619400838,-10.817816475537269
106.13,0.142659400374173,-0.03751028736155039,-11.566942551294693
106.14,0.142277641117988,-0.0388353040452256,-12.402522383158985
106.15,0.141882816774811,-0.04012345243218293,-13.183393783745537
106.16,0.141475296228807,-0.04137427674553278,-13.901182018584603
106.17,0.141055455552587,-0.042587919175417446,-14.912257873652381
106.18,0.14062366454966,-0.04376359703869247,-16.164151196306733
106.19,0.140180313642685,-0.04490012604861579,-17.231671178662396
106.2,0.139725792594234,-0.04599748131902416,-18.457591120546688
106.21,0.139260495035013,-0.04705552857218303,-19.778306160584314
106.22,0.138784813446567,-0.04807418542434235,-21.384796546765223
106.23,0.138299143890011,-0.04905303490195176,-23.03378948857106
106.24,0.137803885685139,-0.04999197227057532,-24.754348297411816
106.25,0.137299437131823,-0.05089110175377383,-26.664143347172033
106.26,0.136786196053532,-0.05175049605744854,-28.694072076288275
106.27,0.136264559047608,-0.05257032591553547,-30.854748720010534
106.28,0.135734920538313,-0.05335084247999264,-33.06868066622705
106.29,0.135197672119935,-0.05409242157068973,-35.81908928044865
106.3,0.134653201729747,-0.054795052263442265,-38.35090766591516
106.31,0.134101899167563,-0.055459206623450594,-40.621083101090676
106.32,0.13354414319095,-0.05608572622565038,-43.358025499255405
106.33,0.132980308604373,-0.05667508168929192,-46.37576037019231
106.34,0.132410764371305,-0.057227588480707886,-49.67311285140569
106.35,0.131835878413118,-0.05774351631219893,-51.756378755102425
106.36,0.131256012278595,-0.058223985448993085,-53.93140737776185
106.37,0.130671513820157,-0.05866997281757612,-56.37872784961434
106.38,0.130082725881496,-0.0590821307782564,-60.463031719790536
106.39,0.129489983974435,-0.059460298021932895,-61.92743478697548
106.4,0.12889362920621,-0.059805610229099936,-61.798531717176104
106.41,0.128293976180501,-0.06011974070674886,-63.96922865385451
106.42,0.127691336757516,-0.06040317008452617,-65.57022159431685
106.43,0.127086013269693,-0.06065644702890963,-67.19028266356074
106.44,0.126478306329889,-0.06088006966593317,-66.23418647951225
106.45,0.125868506402954,-0.06107536379588302,-65.53439410686791
106.46,0.125256890183516,-0.06124339147020782,-66.20913005147469
106.47,0.124643727754215,-0.06138460901146577,-65.06870213643337
106.48,0.124029284116402,-0.061499969974966595,-63.108674863593755
106.49,0.123413810947418,-0.06159059537360022,-61.96647689233863
106.5,0.122797552126136,-0.061657242730225076,-60.41958243582022
106.51,0.122180743276919,-0.061700711227433036,-58.126368243227226
106.52,0.121563611880037,-0.061721982614783524,-55.40030409348024
106.53,0.120946374325918,-0.0617221004859334,-54.10951519830763
106.54,0.120329238431902,-0.061701619635991245,-51.876955363868376
106.55,0.119712407750151,-0.06166135691730891,-48.62749941747644
106.56,0.11909607363022,-0.06160243628349135,-46.37976393009379
106.57,0.118480418742539,-0.06152564049227439,-45.11190079295358
106.58,0.117865618725025,-0.06143142367939977,-42.536176676338066
106.59,0.117251845367664,-0.061320660817591285,-39.567805827477244
106.6,0.116639257472748,-0.06119436549314172,-38.100938771124135
106.61,0.116028008022434,-0.061053069602741664,-36.18955001441624
106.62,0.115418243822362,-0.06089743813732461,-34.04501360345124
106.63,0.114810104516905,-0.06072823681396687,-32.134630054337435
106.64,0.114203722004995,-0.06054616844122496,-30.427781340268332
106.65,0.113599221901174,-0.06035187508832499,-28.733904618827836
106.66,0.112996723109461,-0.060146003695250055,-27.15460843668065
106.67,0.112396338363232,-0.059929174712924915,-25.64661163474252
106.68,0.111798174144889,-0.05970199263047466,-24.300838465923448
106.69,0.111202331150149,-0.059465016533709225,-22.913406310769417
106.7,0.110608904520454,-0.059218831230117036,-21.575433551129468
106.71,0.110017983351797,-0.05896401128351684,-20.511719853898338
106.72,0.109429651505687,-0.058701033749224835,-19.580437067466033
106.73,0.108843988386035,-0.058430333243033455,-18.426006892423636
106.74,0.108261068844265,-0.05815243611415853,-17.376866870670625
106.75,0.107680962049585,-0.05786783609195839,-16.591423245263645
106.76,0.107103733147786,-0.0575769285307329,-15.76547344024013
106.77,0.106529443145238,-0.0572801231407664,-14.980951590600224
106.78,0.105958149033177,-0.05697781713507588,-14.308436680457564
106.79,0.105389903909605,-0.056670371255909104,-13.461546657499335
106.8,0.104824757318931,-0.05635821704891679,-12.677715512869149
106.81,0.104262753981979,-0.05604175809249187,-12.277343773291223
106.82,0.103703935658039,-0.055721244690358385,-11.78107085215826
106.83,0.103148341593568,-0.0553969657092242,-10.992515716565219
106.84,0.102596007574486,-0.05506932838928297,-10.417460484124407
106.85,0.102046965198662,-0.05473865368707531,-10.107763382668821
106.86,0.101501243905505,-0.05440515198620831,-9.65680655765165
106.87,0.100958870684169,-0.05406908727416451,-9.091658859424195
106.88,0.100419869696887,-0.05373076962363032,-8.677201208300138
106.89,0.0998842620026178,-0.05339044599787397,-8.383543174344682
106.9,0.099352066807931,-0.053048310580303015,-8.031253766074268
106.91,0.0988233010922659,-0.05270457998289106,-7.558066078356983
106.92,0.0982979796837082,-0.052359515590919586,-7.2464922310692135
106.93,0.0977761146067822,-0.0520133105297655,-7.059987185874576
106.94,0.0972577167949717,-0.05166610390156107,-6.812681472080298
106.95,0.0967427952459458,-0.05131806519352069,-6.133379745614426
106.96,0.0962313572652043,-0.050969521247240065,-6.007880751634671
106.97,0.0957234061918656,-0.05062057848946647,-6.127033533503085
106.98,0.095218946911999,-0.05027124728143468,-5.659426533533797
106.99,0.0947179818390394,-0.049921749226458534,-5.667117294864929
107.0,0.0942205121163669,-0.04957215809114762,-4.680270939626212
107.01,0.0937265377339838,-0.049222894286402495,-4.652853796455958
107.02,0.0932360530424919,-0.04887401151999991,-5.157162847754219
107.03,0.0927490565624077,-0.048525366874082806,-4.546031358568904
107.04,0.0922655441261581,-0.04817721076590155,-4.561166079205332
107.05,0.0917855104282034,-0.047829602502507534,-3.75829660778849
107.06,0.0913089492607657,-0.04748287110785179,-3.6627220321086504
107.07,0.0908358499395694,-0.04713708285286125,-4.0954258823391685
107.08,0.0903662047500283,-0.046792116963962835,-3.6356636263826707
107.09,0.0899000042846475,-0.04644815377671888,-3.5562370863408295
107.1,0.089437238057066,-0.046105263926417055,-3.091701277644484
107.11,0.0889778948490774,-0.045763636077820566,-2.946680301563018
107.12,0.0885219609366374,-0.04542334201101152,-3.1366629080898716
107.13,0.0880694236505572,-0.04508433972198999,-2.8788244706149047
107.14,0.0876202695102258,-0.04474672927467355,-2.7791597615506034
107.15,0.0871744842044234,-0.04441056968452345,-2.4423275256421513
107.16,0.0867320528805279,-0.044075989679973296,-2.2895310640908666
107.17,0.0862929589751168,-0.043743051535028006,-2.416046889004393
107.18,0.0858571864373697,-0.04341172751360252,-2.2453185154214093
107.19,0.0854247188433611,-0.043082077977231924,-2.1650671728348256
107.2,0.0849955391281147,-0.042754144436725254,-1.8092463552465885
107.21,0.0845696298583446,-0.04242804775612871,-1.6177627811161597
107.22,0.0841469718896447,-0.04210385049117869,-1.8174218366855226
107.23,0.0837275466663366,-0.041781497562223824,-1.680176807774657
107.24,0.0833113356509921,-0.04146102848260706,-1.5620849673961916
107.25,0.0828983196565906,-0.041142485474969404,-1.2604131465341044
107.26,0.0824884792295896,-0.04082596088353779,-1.0367316164635003
107.27,0.082081793552113,-0.04051151599897424,-1.2115516163952167
107.28,0.0816782421211958,-0.040199100002107316,-1.1172545297804939
107.29,0.0812778047093171,-0.03988873282454626,-0.9512750922163364
107.3,0.0808804604874753,-0.03958045798741564,-0.7681577366003907
107.31,0.0804861884212945,-0.03927432315124872,-0.5810411145613553
107.32,0.0800949667755049,-0.038970370520810774,-0.626489440545555
107.33,0.0797067737917038,-0.038668580741873265,-0.5549453217725312
107.34,0.079321587913247,-0.03836896240846262,-0.4099668537744483
107.35,0.0789393872122561,-0.03807154359607226,-0.2788745085292722
107.36,0.0785601496289389,-0.037776348873123,-0.12469776641865422
107.37,0.0781838527487676,-0.03748340423714233,-0.11012529927520932
107.38,0.0778104740701138,-0.037192700876157586,-0.04672432017987506
107.39,0.0774399912501124,-0.036904240088711515,0.0649708341941529
107.4,0.0770723817448362,-0.036618035114621465,0.20776406103348535
107.41,0.0767076229571923,-0.03633410687129008,0.4092043523097113
107.42,0.0763456919405076,-0.03605248499200439,0.3834439981189693
107.43,0.0759865656400384,-0.03577314732525992,0.41155336173729745
107.44,0.0756302214066455,-0.035496082456963736,0.5562917115707814
107.45,0.0752766363653268,-0.035221304759467414,0.6884411268818844
107.46,0.0749257876376505,-0.03494882779771537,0.9305292774316387
107.47,0.0745776520592144,-0.03467868287249723,0.8968393878786645
107.48,0.0742322062934722,-0.034410843460181445,0.8988668297182189
107.49,0.0738894275566001,-0.034145289653429264,1.0834014142900044
107.5,0.0735492928319579,-0.03388203755370969,1.1826059279842638
107.51,0.0732117791255115,-0.03362108844021013,1.368822584181864
107.52,0.0728768633512085,-0.03336245654631427,1.4013595198500315
107.53,0.0725445223234302,-0.03310612612208233,1.4379228614305184
107.54,0.0722147332008652,-0.03285208165311344,1.5895512029253456
107.55,0.0718874730574149,-0.032600327974042824,1.6809719560332876
107.56,0.0715627190214597,-0.0323508598283778,1.8177385913057762
107.57,0.0712404482450714,-0.032103677928713506,1.8878226793234687
107.58,0.0709206378815226,-0.03185877068331948,1.9528602637640982
107.59,0.0706032652893637,-0.03161612510780993,2.0667549563727925
107.6,0.0702883078577964,-0.0313757359665396,2.1613610662896754
107.61,0.069975743068199,-0.031137595866096573,2.3654271589690374
107.62,0.0696655484281897,-0.03090171277621371,2.402138588945976
107.63,0.0693577013564417,-0.03066806712339459,2.4153925387160196
107.64,0.0690521796968837,-0.030436635529639683,2.5771460286962897
107.65,0.0687489612725583,-0.030207416713342688,2.6422150863176608
107.66,0.0684480240206793,-0.029980397463176663,2.928406427107814
107.67,0.0681493459524077,-0.0297555940892059,2.9585850175602673
107.68,0.06785290483126,-0.02953298443713094,2.9094635367753874
107.69,0.0675586790479086,-0.029312535289945443,3.130549165694115
107.7,0.0672666469171423,-0.029094250314203967,3.1936989039071935
107.71,0.0669767868742596,-0.02887811382873302,3.404730654021361
107.72,0.0666890774797725,-0.028664127796913682,3.482754656747353
107.73,0.0664034972083981,-0.028452275725233147,3.5008217078833006
107.74,0.0661200249258799,-0.02824253330299664,3.6729484849068066
107.75,0.0658386395301468,-0.028034895392257606,3.7798029269300293
107.76,0.0655593200501218,-0.02782934870675588,3.8373058927220725
107.77,0.0652820456494042,-0.027625873315935297,3.941449549898939
107.78,0.0650067957247497,-0.027424455072481285,4.088836849237346
107.79,0.0647335497250822,-0.02722508464371917,4.168475826489681
107.8,0.0644622872642436,-0.0270277444663797,4.236194988756243
107.81,0.0641929881226018,-0.026832416215506867,4.460814280350079
107.82,0.063925632240872,-0.0266390989829055,4.608143773758656
107.83,0.0636601994839702,-0.026447781911281137,4.570881965970202
107.84,0.0633966700331395,-0.02625843383249569,4.693532504326726
107.85,0.0631350242900955,-0.026071040400003215,4.814549124037109
107.86,0.0628752427497739,-0.02588558858538266,5.008585565539103
107.87,0.0626173060650458,-0.025702073008102823,5.219148608328723
107.88,0.0623611948629878,-0.02552048822581701,5.1998795428214715
107.89,0.0621068899567791,-0.025340805492882548,5.282966869338973
107.9,0.0618543724707383,-0.02516300610586007,5.47939364755352
107.91,0.0616036235861957,-0.024987082452168168,5.56466277614268
107.92,0.0613546246310238,-0.02481301630349019,5.623845962872682
107.93,0.0611073571333233,-0.024640786997633578,5.791389355569716
107.94,0.0608618028041779,-0.02447038391282392,5.94312461344055
107.95,0.0606179434111445,-0.024301794855823244,6.024116190422724
107.96,0.0603757609231323,-0.024135001048503198,6.12955567533927
107.97,0.0601352374676573,-0.0239699848749318,6.119320619257143
107.98,0.0598963553821007,-0.023806719882832745,6.293800474154382
107.99,0.0596590972678835,-0.023645195412573598,6.478423589935871
108.0,0.0594234457108818,-0.02348540143049157,6.5003806470728245
108.01,0.059189383547415,-0.023327314405283475,6.51631286982938
108.02,0.0589568937900117,-0.023170912636009146,7.071930493803755
108.03,0.0587259596295567,-0.02301621525032417,7.132980719468754
108.04,0.0584965638843365,-0.022863201448896562,6.8193098369994605
108.05,0.0582686901320523,-0.022711822748851078,7.157738051662685
108.06,0.0580423219838441,-0.022562078701098404,7.291321040450855
108.07,0.0578174431554796,-0.02241395597034878,7.392262605366529
108.08,0.0575940375158867,-0.022267437861737266,7.487785372716932
108.09,0.057372089104835,-0.022122507382266177,7.628807395400755
108.1,0.0571515821220958,-0.021979150810264546,7.759949528471649
108.11,0.0569325008910243,-0.021837353767741388,7.860532527008721
108.12,0.0567148299026328,-0.02169709983108163,7.977218018159435
108.13,0.05649855380126,-0.02155837370132526,8.110326693969059
108.14,0.0562836573837112,-0.021421161206694635,8.220985667771227
108.15,0.0560701255838105,-0.0212854467631502,8.32271773495434
108.16,0.0558579435078401,-0.021151214323510716,8.448144604551423
108.17,0.0556470964058692,-0.02101844938266507,8.567487172274022
108.18,0.0554375696790021,-0.020887137062603155,8.649749770793324
108.19,0.0552293488790263,-0.020757260314248176,8.738426610033578
108.2,0.0550224197406093,-0.020628802767632775,8.88674435936649
108.21,0.0548167681364366,-0.020501751620389683,8.996680605143405
108.22,0.0546123800704004,-0.020376091987853985,9.080976053180537
108.23,0.0544092417118019,-0.020251807594827885,9.18483772097293
108.24,0.0542073393820742,-0.020128883654455615,9.372913668150527
108.25,0.0540066595412063,-0.020007309776443917,9.433762695995265
108.26,0.0538071887441703,-0.01988706876482361,9.468205891581153
108.27,0.053608913781744,-0.019768142263577523,9.624892125682285
108.28,0.0534118215581546,-0.019650518262022295,9.686628564111615
108.29,0.05321589912471,-0.019534180883481446,9.921377150366036
108.3,0.053021133679341,-0.01941912260379862,10.038083413884719
108.31,0.052827512457253,-0.019305329818084666,10.000300188394554
108.32,0.0526350229309544,-0.019192781639783045,10.14622749684835
108.33,0.0524436527157874,-0.019081466007089185,10.27247480796802
108.34,0.0522533895443902,-0.018971370471056646,10.367654835766034
108.35,0.0520642212855901,-0.0188624811740972,10.461271066757005
108.36,0.0518761359459028,-0.01875478428516123,10.567697636381766
108.37,0.0516891216687799,-0.018648266714850713,10.672127576778632
108.38,0.0515031667241279,-0.018542915428161555,10.764402510059789
108.39,0.051318259517173,-0.018438717012385596,10.864136602656139
108.4,0.051134388584427,-0.018335658473664942,10.950694304295066
108.41,0.050951542592659,-0.018233726421564997,11.035107688400576
108.42,0.0507697103448557,-0.018132907580940192,11.141148950918442
108.43,0.0505888807711904,-0.01803318972418046,11.235455961098483
108.44,0.050409042922391,-0.017934560305091392,11.316540506858136
108.45,0.050230185979843,-0.01783700641065731,11.416604847016215
108.46,0.0500522992506875,-0.017740515840463402,11.445058092850111
108.47,0.0498753721668413,-0.017645073881977953,11.515170700445879
108.48,0.049699394319233,-0.0175506677217949,11.656641803885828
108.49,0.0495243553940444,-0.0174572873736659,11.71890417142951
108.5,0.0493502451949277,-0.0173649201143598,11.778463778792874
108.51,0.0491770536572388,-0.017273553124334123,11.830745739939097
108.52,0.0490047708385114,-0.017183173810621233,12.010648956016638
108.53,0.0488333869176341,-0.017093774071654314,12.056305435269715
108.54,0.0486628921353646,-0.017005341138464268,12.025137679648047
108.55,0.0484932769206629,-0.01691785983055002,12.153760046652504
108.56,0.0483245317993575,-0.01683132048672254,12.215488891196793
108.57,0.0481566474092433,-0.016745711620875202,12.267120030955324
108.58,0.0479896145024145,-0.016661021707509854,12.437355759389792
108.59,0.0478234239396239,-0.016577242998518094,12.456624334737295
108.6,0.0476580666473035,-0.016494362970689964,12.433250070936333
108.61,0.0474935337281775,-0.016412367973216217,12.56491821679848
108.62,0.0473298163673261,-0.016331249323024134,12.618863347341522
108.63,0.0471669058565906,-0.01625099628753627,12.669246548526445
108.64,0.0470047935933712,-0.016171597896183384,12.64468403282059
108.65,0.0468434710910427,-0.01609304130454082,12.748846864442491
108.66,0.0466829299904849,-0.016015317705466575,12.857042684809464
108.67,0.0465231619900451,-0.01593841854162087,12.84958979416068
108.68,0.0463641589100464,-0.01586233208209359,12.90727694742251
108.69,0.0462059126725292,-0.015787048434105142,12.936258279765067
108.7,0.0460484153002089,-0.015712557132425628,12.95265233725316
108.71,0.0458916589234377,-0.015638847581737544,13.016589963209752
108.72,0.0457356357732055,-0.015565910664316144,13.064596118467263
108.73,0.0455803381663105,-0.015493736986752054,13.079716599761051
108.74,0.0454257585229092,-0.01542231641070002,13.11033029352335
108.75,0.0452718893594775,-0.015351639357306646,13.151353745863691
108.76,0.0451187232878255,-0.01528169670029315,13.182353194034963
108.77,0.0449662530085177,-0.015212479178048379,13.189994934529397
108.78,0.044814471319266,-0.015143977087985507,13.213519836793814
108.79,0.0446633711123673,-0.015076181277974093,13.239344493687074
108.8,0.0445129453691806,-0.015009082826291053,13.256463178750701
108.81,0.0443631871611914,-0.01494267274822804,13.269951516796509
108.82,0.0442140896490137,-0.014876942151431188,13.307834693651582
108.83,0.0440656460808195,-0.014811882837571962,13.310093000241702
108.84,0.0439178497843771,-0.014747485896591042,13.301971395474375
108.85,0.0437706941846072,-0.01468374232889361,13.327389118042369
108.86,0.0436241727869063,-0.01462064404872653,13.332094180556574
108.87,0.0434782791805203,-0.014558182685304202,13.346663795125442
108.88,0.0433330070375291,-0.01449635013830378,13.313736318372047
108.89,0.0431883501118261,-0.014435137350129792,13.266570765824962
108.9,0.0430443022539491,-0.014374535215468803,13.332157498277342
108.91,0.0429008573938959,-0.01431453725631206,13.351340628432594
108.92,0.0427580095199438,-0.01425513612389433,13.304656960914533
108.93,0.0426157527105412,-0.014196323143919378,13.30273004533028
108.94,0.0424740811219788,-0.014138090674124283,13.297476392851474
108.95,0.0423329889874462,-0.01408043114695332,13.255710925519944
108.96,0.0421924706160787,-0.014023336398877897,13.249164143027333
108.97,0.0420525204009748,-0.013966799138268444,13.259334757408185
108.98,0.0419131327980729,-0.01391081253451984,13.223817032691041
108.99,0.041774302339992,-0.01385536897554231,13.204289949573363
109.0,0.0416360236323587,-0.013800461257505784,13.18970309495736
109.01,0.0414982913523263,-0.013746082375868003,13.144990766629862
109.02,0.041361100247648,-0.01369222475807487,13.024851784596992
109.03,0.0412244451474105,-0.013638879659652142,13.07293418336109
109.04,0.0410883209640013,-0.013586041705617355,13.105616304215225
109.05,0.040952722642311,-0.013533705337101753,13.001778443885042
109.06,0.0408176452115261,-0.013481862539224041,12.977163172170272
109.07,0.0406830837680611,-0.013430506766857857,12.937799357257058
109.08,0.040549033474709,-0.01337963141225101,12.903544993528703
109.09,0.0404154895597971,-0.013329230060628942,12.863050513676177
109.1,0.0402824473148842,-0.013279296291090169,12.815327184130828
109.11,0.0401499020967382,-0.013229823663905097,12.773643758681688
109.12,0.0400178493251686,-0.013180805952952892,12.72982671045007
109.13,0.0398862844817409,-0.013132237012082026,12.687723059583897
109.14,0.0397552031092601,-0.01308411081716732,12.644806885045346
109.15,0.03962460081092,-0.013036421237350796,12.425909214326715
109.16,0.0394944732566615,-0.012989159468333906,12.466681889789665
109.17,0.0393648162094342,-0.012942321242237546,12.542705725094395
109.18,0.0392356254335738,-0.01289590295811873,12.366490219429847
109.19,0.0391068967752869,-0.012849896961575,12.325410553713118
109.2,0.0389786261384573,-0.012804297718012683,12.264296576304748
109.21,0.0388508094838912,-0.012759099585104607,12.196182939322945
109.22,0.0387234428285697,-0.012714296889559188,12.128725369514035
109.23,0.0385965222463987,-0.01266988407076965,12.071219722828337
109.24,0.0384700438652644,-0.012625855818982774,12.00548680529304
109.25,0.0383440038659411,-0.012582206787435195,11.934781480171281
109.26,0.0382183984831868,-0.012538931636072587,11.866224805602048
109.27,0.0380932240042701,-0.012496025157163772,11.816178134154143
109.28,0.0379684767682251,-0.012453482400036932,11.642478886409721
109.29,0.0378441531651072,-0.012411296725777591,11.607192953545011
109.3,0.037720249657888,-0.012369463695250927,11.621162603053365
109.31,0.0375967627286666,-0.012327979674799094,11.478697970037766
109.32,0.0374736889201304,-0.012286838828140119,11.410993791812647
109.33,0.0373510248240223,-0.012246036391504005,11.342269675752231
109.34,0.0372287670801104,-0.01220556768960415,11.235854479187454
109.35,0.0371069123754871,-0.012165427492291717,11.050191312068563
109.36,0.0369854574546013,-0.012125609646020224,11.06021194527359
109.37,0.0368643991190245,-0.012086110881173555,11.046871437982915
109.38,0.036743734185932,-0.01204692767427564,10.882240412158742
109.39,0.0366234595318735,-0.012008054441211708,10.808297374170422
109.4,0.0365035720783064,-0.011969486838052091,10.730820618784625
109.41,0.0363840687909651,-0.011931220562957576,10.590188842673669
109.42,0.036264946679231,-0.011893250538308938,10.494943028311237
109.43,0.0361462028068252,-0.011855572411033067,10.463269716914684
109.44,0.0360278342697843,-0.011818182753299777,10.356319768473792
109.45,0.0359098382047155,-0.011781077212279976,10.250941302027895
109.46,0.0357922117927494,-0.011744251473738584,10.161163224566549
109.47,0.0356749522560196,-0.011707701501159802,10.072718515072847
109.48,0.0355580568570657,-0.01167142329908423,9.919427222867046
109.49,0.0354415228993851,-0.011635412147604416,9.853176840352585
109.5,0.0353253477355635,-0.011599664522575725,9.804477959257737
109.51,0.0352095287417145,-0.01156417718205724,9.667489706145279
109.52,0.03509406333841,-0.011528945834814234,9.576644805102452
109.53,0.034978948984004,-0.011493966782261228,9.490315225558053
109.54,0.0348641831740572,-0.011459236425825683,9.346215651126522
109.55,0.0347497634407634,-0.01142475047658335,9.185653048668675
109.56,0.0346356873635843,-0.011390504583300907,9.171941749242043
109.57,0.0345219525574108,-0.011356496261288526,9.101244821804316
109.58,0.0344085566572325,-0.011322722397495943,8.948247053842202
109.59,0.0342954973413036,-0.0112891789039033,8.854169557776496
109.6,0.0341827723224262,-0.011255862420027584,8.77449574601621
109.61,0.0340703793474288,-0.011222769745542911,8.552285676182171
109.62,0.0339583161966374,-0.011189896117825653,8.472678837784612
109.63,0.0338465807044584,-0.011157238542237822,8.480139061663074
109.64,0.0337351707128021,-0.011124795086800074,8.310876119987977
109.65,0.0336240841018149,-0.011092561848727485,8.2015067552846
109.66,0.0335133187859054,-0.011060535561564604,8.096907431450937
109.67,0.0334028727111321,-0.01102871310342153,7.989769589183531
109.68,0.0332927438547274,-0.010997091373592232,7.879500463597
109.69,0.0331829302248015,-0.010965667284600772,7.775987421302185
109.7,0.0330734298600917,-0.01093443787080611,7.672601392330258
109.71,0.0329642408281986,-0.010903400212585885,7.563855766117581
109.72,0.0328553612264009,-0.010872551374850893,7.458865227896461
109.73,0.0327467891807854,-0.010841888504032246,7.352898224130361
109.74,0.0326385228457682,-0.010811408790915624,7.267877968751044
109.75,0.0325305604036209,-0.010781109623550153,7.090855878515484
109.76,0.0324229000639948,-0.010750987332580909,6.790538266258862
109.77,0.0323155400814242,-0.01072103717534,6.897919403404043
109.78,0.0322084787481043,-0.010691258824864608,6.9168594676400526
109.79,0.0321017143375377,-0.010661651063616507,6.64401279548443
109.8,0.0319952451718866,-0.010632209593695065,6.563217003201014
109.81,0.0318890695993166,-0.01060293202092017,6.452846260947671
109.82,0.0317831859935789,-0.010573815807920762,6.362828265146235
109.83,0.0316775927535865,-0.010544858584750696,6.175681470529298
109.84,0.0315722883029963,-0.010516056995964255,5.9821468921288705
109.85,0.0314672711048259,-0.010487407767974013,6.022094288711189
109.86,0.0313625396430098,-0.010458910045021743,5.951399047544784
109.87,0.0312580924058514,-0.010430561901723345,5.758929961156251
109.88,0.0311539279166029,-0.010402360169530929,5.6643862667142395
109.89,0.0310500447217775,-0.010374302635880912,5.55446193028652
109.9,0.0309464413907623,-0.010346387032689227,5.459040468268648
109.91,0.0308431165154323,-0.010318611213484097,5.28955163711061
109.92,0.030740068709764,-0.010290972348261727,5.159097941972527
109.93,0.0306372966194092,-0.010263468066879958,5.138218402191052
109.94,0.0305347989043689,-0.01023609709478347,5.026937815137611
109.95,0.0304325742402971,-0.01020885732793848,4.888422774993154
109.96,0.0303306213282412,-0.010181746387857502,4.78824138641122
109.97,0.0302289388897402,-0.010154762281538363,4.680926285243103
109.98,0.0301275256664566,-0.010127903015211617,4.613235755869302
109.99,0.0300263804198049,-0.010101166859094082,4.319083749458797
110.0,0.0299255019305842,-0.010074550068098442,4.218865713641539
110.01,0.0298248890258523,-0.010048050813794175,4.329061534203454
110.02,0.0297245405230076,-0.010021669243112537,4.152306744599462
110.03,0.0296244552568474,-0.00999540292238738,4.005979677543789
110.04,0.0295246320877185,-0.00996924959055746,3.910000667831049
110.05,0.029425069894226,-0.009943207496315953,3.803031476817137
110.06,0.0293257675729033,-0.009917274863228444,3.7462543950336005
110.07,0.0292267240378837,-0.009891450220970727,3.3923981791819307
110.08,0.0291279382205675,-0.009865729597888315,3.3575772398557278
110.09,0.0290294091020561,-0.009840111946705286,3.4943248328099803
110.1,0.0289311356380291,-0.009814597757642346,3.2458715027277414
110.11,0.0288331168111811,-0.009789184196301535,3.134912765384664
110.12,0.0287353516244846,-0.009763869485288531,3.0343451742639407
110.13,0.0286378390972563,-0.009738652035124959,2.9289606034756797
110.14,0.0285405782648653,-0.009713530255149103,2.847645256277311
110.15,0.0284435681784417,-0.00968850270604849,2.623547062319641
110.16,0.0283468079045857,-0.009663566820346537,2.5757304025185155
110.17,0.0282502965397453,-0.009638721567716522,2.5758208015773154
110.18,0.0281540331737357,-0.009613966340738314,2.387772446346155
110.19,0.0280580169197677,-0.009589298986739284,2.2996922992810815
110.2,0.0279622469056535,-0.009564718132085958,2.198317790510764
110.21,0.0278667222734964,-0.009540222361728318,2.100178954184973
110.22,0.0277714421794156,-0.009515810303057452,2.012427437698739
110.23,0.0276764057932719,-0.009491480608908386,1.7728909989599593
110.24,0.0275816123002244,-0.009467230794578396,1.7584709729266768
110.25,0.0274870609130358,-0.00944306024736012,1.7751039482264854
110.26,0.0273927508328762,-0.00941896862253425,1.5721430637324905
110.27,0.0272986812841695,-0.00939495383193243,1.4925386838392212
110.28,0.0272048515039981,-0.009371014708828111,1.3960213151001506
110.29,0.0271112607418429,-0.009347150026391717,1.2988056534555237
110.3,0.0270179082593228,-0.009323358583874342,1.2612691264612699
110.31,0.0269247933299341,-0.009299639493869923,0.8652285828621306
110.32,0.0268319152387926,-0.009275989211015613,0.8695833489430037
110.33,0.0267392733168657,-0.009252407400754295,1.0622716431430062
110.34,0.0266468668600975,-0.009228895206901042,0.7840876850910873
110.35,0.0265546951884638,-0.009205450183379846,0.689910044984555
110.36,0.0264627576364055,-0.009182071136198146,0.6000215629241845
110.37,0.0263710535493353,-0.009158757006621042,0.5053588161201147
110.38,0.0262795822834133,-0.00913550673120496,0.44079994510787507
110.39,0.0261883432053207,-0.009112319408190676,0.21080959260945717
110.4,0.0260973356920333,-0.009089192929288519,0.09034791760178305
110.41,0.0260065591472782,-0.009066126094604197,0.18032342574019702
110.42,0.0259160129705879,-0.00904311929743089,0.06221413637967169
110.43,0.02582569656511,-0.009020171416090935,-0.08601237791543294
110.44,0.0257356093503794,-0.008997281042560028,-0.16609867525879352
110.45,0.0256457507555411,-0.008974447280944218,-0.25730123073164846
110.46,0.0255561202191439,-0.008951669200957363,-0.3410444792415635
110.47,0.0254667171889393,-0.008928945921744091,-0.45381065712465046
110.48,0.0253775411216799,-0.008906276352840225,-0.5832775885190586
110.49,0.0252885914864384,-0.00888365932946751,-0.6141221142638941
110.5,0.0251998677614775,-0.008861094412322402,-0.6770525363052069
110.51,0.0251113694268562,-0.008838580948718346,-0.8010209361942382
110.52,0.025023095974501,-0.008816117853021761,-0.87983543300268
110.53,0.0249350469044726,-0.008793704351021572,-0.9647953632909989
110.54,0.0248472217247713,-0.008771339658549012,-1.0421807709953068
110.55,0.0247596199511412,-0.008749023044903482,-1.1290724413220352
110.56,0.0246722411068757,-0.008726753642355109,-1.3954618001116394
110.57,0.0245850847266962,-0.008704529455108377,-1.3456606306183727
110.58,0.0244981503662939,-0.008682350696325933,-1.2849405154480107
110.59,0.0244114375610998,-0.00866021766529829,-1.5094029423037612
110.6,0.0243249458656636,-0.008638128728723505,-1.5673131209535178
110.61,0.0242386748414896,-0.008616083299950103,-1.6487548073672436
110.62,0.0241526240568591,-0.00859408070992583,-1.7308653265295877
110.63,0.0240667930866578,-0.008572120306968214,-1.7491189979581725
110.64,0.0239811815122003,-0.008550201716227395,-2.1578424975648463
110.65,0.0238957889210554,-0.008528322125790836,-2.088843721438186
110.66,0.0238106149379872,-0.008506481931670057,-1.8828588134587023
110.67,0.0237256591480479,-0.008484682435470903,-2.1945920461880353
110.68,0.0236409211599407,-0.008462921592577508,-2.242521746117363
110.69,0.0235564005889399,-0.008441198919880023,-2.3222160187674907
110.7,0.0234720970562325,-0.008419513837894793,-2.4011889683592367
110.71,0.0233880101887679,-0.008397865777703297,-2.4646803111224953
110.72,0.0233041396191121,-0.008376254244033364,-2.614166056655977
110.73,0.0232204849853011,-0.008354678220735852,-2.6872342450267763
110.74,0.0231370459377821,-0.00833313720912246,-2.6805868559326615
110.75,0.0230538221246162,-0.008311631225354159,-2.784474410357506
110.76,0.0229708131987276,-0.008290159606087494,-2.8750202962402955
110.77,0.0228880188199076,-0.008268721745295003,-2.9458951577421764
110.78,0.0228054386528438,-0.008247317175559283,-3.0198637722666395
110.79,0.0227230723669812,-0.008225945428069268,-3.08752431846636
110.8,0.0226409196363835,-0.008204606068952427,-3.182319840608237
110.81,0.0225589801395935,-0.008183298503220844,-3.273882263881938
110.82,0.0224772535620165,-0.008162022181062614,-3.303247962140748
110.83,0.0223957395924317,-0.0081407769412325,-3.365057804288154
110.84,0.0223144379208166,-0.008119562436257414,-3.4555498322309375
110.85,0.0222333482429422,-0.008098378143434176,-3.5197938784880898
110.86,0.0221524702584514,-0.008077223697320099,-3.5875906218055236
110.87,0.0220718036707222,-0.008056098731056525,-3.644129526330097
110.88,0.021991348186735,-0.008035002936616041,-3.7218088771268594
110.89,0.0219111035169378,-0.008013935789799125,-4.049733213599965
110.9,0.0218310693805701,-0.007992895430700692,-3.9198045091122737
110.91,0.0217512455161789,-0.00797188270473664,-3.784796998010508
110.92,0.0216716316323479,-0.007950898493826736,-4.056875839859177
110.93,0.0215922274557286,-0.00792994133069682,-4.0896582407058535
110.94,0.0215130327162269,-0.007909011017846457,-4.157070773949725
110.95,0.0214340471468945,-0.007888107246301415,-4.223601439186356
110.96,0.0213552704838167,-0.007867229718194296,-4.25676088788403
110.97,0.0212767024660032,-0.007846378260955035,-4.490414537699318
110.98,0.0211983428352798,-0.0078255516380608,-4.490845689830626
110.99,0.0211201913499139,-0.007804749949651512,-4.399367701220787
111.0,0.0210422477516696,-0.007783973813129999,-4.572769921674902
111.01,0.0209645117910798,-0.00776322239589763,-4.630014805844103
111.02,0.0208869832221826,-0.0077424954402674495,-4.691811474769842
111.03,0.0208096618015256,-0.007721792707670021,-4.754639649873915
111.04,0.0207325472880681,-0.007701113961775698,-4.8090991507992715
111.05,0.0206556394430842,-0.007680459002155944,-4.905407592200894
111.06,0.0205789380300645,-0.007659827410220916,-4.978486192788769
111.07,0.0205024428177555,-0.00763921891350179,-4.988309265566033
111.08,0.020426153574665,-0.007618633585848317,-5.0503741985986235
111.09,0.0203500700695084,-0.007598071230659054,-5.127889498979006
111.1,0.0202741920743895,-0.00757753156028831,-5.182599893094814
111.11,0.0201985193632306,-0.0075570144099694194,-5.2406643719314845
111.12,0.0201230517116772,-0.007536519611986802,-5.288004235684208
111.13,0.0200477888970063,-0.007516047043325808,-5.373719485601841
111.14,0.0199727306980335,-0.007495596348240825,-5.5586183035650745
111.15,0.0198978768992801,-0.007475166723791676,-5.490401712014705
111.16,0.0198232272916565,-0.007454758685740068,-5.455626201673333
111.17,0.0197487816528453,-0.007434372584882564,-5.618459711349136
111.18,0.0196745397688439,-0.007414007759539137,-5.656057034625323
111.19,0.0196005014269652,-0.007393664139649972,-5.71173950324719
111.2,0.0195266664157604,-0.0073733416055605785,-5.766483967100427
111.21,0.0194530345249353,-0.0073530400472276184,-5.7979587831121275
111.22,0.019379605545272,-0.007332759427071603,-5.984609644004864
111.23,0.0193063792687253,-0.007312498987929016,-5.97123401917677
111.24,0.019233355497329,-0.007292258975074116,-5.91149445751596
111.25,0.0191605340199428,-0.007272039863176049,-6.061313588853578
111.26,0.0190879146320209,-0.007251841115957601,-6.0977156486039
111.27,0.0190154971298416,-0.007231662702148183,-6.149772127034705
111.28,0.0189432813104343,-0.007211504550230034,-6.201589800296551
111.29,0.0188712669715078,-0.007191366595864253,-6.226080272471816
111.3,0.0187994539113781,-0.007171248862146632,-6.406196406831232
111.31,0.0187278419288957,-0.00715115065738894,-6.4587336314978465
111.32,0.0186564308329951,-0.007131071932129097,-6.353014612982749
111.33,0.0185852204233305,-0.007111013388817813,-6.446611319027999
111.34,0.018514210498712,-0.00709097480791982,-6.531519827470591
111.35,0.018443400861289,-0.007070955966956716,-6.573468687296064
111.36,0.0183727913136135,-0.007050956852786642,-6.623009103059503
111.37,0.0183023816585773,-0.0070309774344098856,-6.665642215810804
111.38,0.0182321716993528,-0.007011017704955814,-6.736511501583249
111.39,0.0181621612393326,-0.006991077522687603,-6.827363821052407
111.4,0.0180923500842506,-0.00697115667938148,-6.8173317217587455
111.41,0.0180227380404822,-0.00695125542936343,-6.8382636034161415
111.42,0.0179533249100754,-0.0069313738918775954,-6.924079374465059
111.43,0.0178841104974546,-0.006911511891242398,-6.96335641185779
111.44,0.0178150946070551,-0.0068916694483091,-7.009206296794759
111.45,0.0177462770432689,-0.006871846570296695,-7.052011316134946
111.46,0.0176776576103869,-0.006852043279209196,-7.0844985491450485
111.47,0.0176092361125446,-0.006832259598614094,-7.282634676636043
111.48,0.0175410123547658,-0.006812494883723201,-7.234244606273609
111.49,0.0174729861501338,-0.006792749571049236,-7.1534935934528034
111.5,0.0174051572971473,-0.006773024236978303,-7.313559753319986
111.51,0.0173375256001225,-0.006753318433377695,-7.338771278899217
111.52,0.0172700908631128,-0.006733632239089843,-7.383117762628494
111.53,0.0172028528898631,-0.006713965687307524,-7.427386521401017
111.54,0.0171358114837629,-0.006694318815874135,-7.44036906819134
111.55,0.0170689664478002,-0.006674691747420864,-7.6398837637484345
111.56,0.0170023175845145,-0.0066550838653601715,-7.639998664242953
111.57,0.0169358647055664,-0.0066354954041398205,-7.525016853127672
111.58,0.0168696076097357,-0.006615927071506664,-7.664755199281049
111.59,0.0168035460980666,-0.006596378539301731,-7.726526986217466
111.6,0.0167376799730969,-0.00657684974885731,-7.766290265158552
111.61,0.0166720090371722,-0.006557340733581718,-7.928803241768976
111.62,0.0166065330924434,-0.006537851218629242,-7.367802688263524
111.63,0.0165412519408684,-0.006518383684902604,-7.627079989812331
111.64,0.016476165348902,-0.0064989372750925865,-8.238089154701852
111.65,0.0164112731310293,-0.006479509740841555,-7.90372062054738
111.66,0.0163465750867417,-0.006460102529873338,-7.96459425597837
111.67,0.016282071012487,-0.006440715723014945,-8.014017776633702
111.68,0.0162177607041484,-0.006421349356437503,-8.040737457936462
111.69,0.0161536439570447,-0.006402003526819316,-8.180159616543875
111.7,0.0160897205659758,-0.006382677923415728,-8.180204467800113
111.71,0.0160259903303245,-0.0063633727786016215,-8.1446396535932
111.72,0.0159624530411967,-0.006344088460582375,-8.258252021541349
111.73,0.0158991084922441,-0.0063248247776884784,-8.29363455308781
111.74,0.0158359564766025,-0.006305581806935237,-8.341937837312317
111.75,0.0157729967868935,-0.006286359594342289,-8.401419476919022
111.76,0.0157102292152241,-0.0062671581775433065,-8.317365796803086
111.77,0.015647653552538,-0.006247978092987645,-8.437645316023836
111.78,0.0155852695830637,-0.00622881911462158,-8.592154985172774
111.79,0.0155230771007688,-0.00620968089322417,-8.543261630610335
111.8,0.0154610758948251,-0.006190563819135781,-8.6039679806036
111.81,0.0153992657538161,-0.0061714679160376415,-8.67840241994124
111.82,0.0153376464657384,-0.0061523931579042165,-8.7158259313078
111.83,0.0152762178179997,-0.0061333398803749654,-7.7973554728725825
111.84,0.0152149795872424,-0.0061143115618390925,-8.495769622312844
111.85,0.0151539315114931,-0.006095305875800138,-9.290016616287293
111.86,0.0150930734011063,-0.006076320163234204,-8.597988847398856
111.87,0.0150324050340069,-0.00605735697754081,-8.751209294411277
111.88,0.0149719261869409,-0.0060384161762199835,-8.758655278278995
111.89,0.0149116366354748,-0.0060194979303725025,-8.848133883389456
111.9,0.0148515361539959,-0.00600060207355827,-9.236211717573324
111.91,0.0147916245220916,-0.005981727520952581,-8.97011672063343
111.92,0.0147319015287023,-0.005962875443123285,-8.748675897580327
111.93,0.0146723669356403,-0.005944046860239114,-9.067296186123766
111.94,0.0146130205155603,-0.005925240960378385,-9.059991842345324
111.95,0.0145538620401843,-0.005906457935039219,-9.126389619345353
111.96,0.0144948912802997,-0.005887697821207495,-9.076400747657184
111.97,0.0144361080057602,-0.005868961074720824,-8.881520570469005
111.98,0.0143775119787124,-0.005850248552192409,-9.182374572442976
111.99,0.0143191029564524,-0.005831559471256729,-9.373273940740923
112.0,0.0142608807121004,-0.005812893405126663,-9.211890318066322
112.01,0.014202845009415,-0.005794251088084897,-9.279432585180812
112.02,0.0141449956110284,-0.005775632564129166,-9.354461790306926
112.03,0.0140873322784466,-0.005757037856584186,-9.212306234369757
112.04,0.0140298547720487,-0.0057384677102608524,-9.017224988755462
112.05,0.0139725628403675,-0.0057199229495367414,-9.410064885941832
112.06,0.0139154562316269,-0.005701402535092584,-9.56019822882647
112.07,0.0138585347090166,-0.005682906179269075,-9.375506461561296
112.08,0.0138017980254526,-0.005664434674347502,-9.444587716290664
112.09,0.0137452459324854,-0.005645988082704284,-9.412596729423951
112.1,0.013688878180299,-0.0056275666629750695,-9.722329190667159
112.11,0.0136326945177123,-0.005609169634167401,-9.928649743925586
112.12,0.0135766947068248,-0.005590796617420865,-9.517853475313611
112.13,0.0135208785007919,-0.005572449107361745,-9.511419643330859
112.14,0.0134652456390263,-0.005554127398050708,-9.745243894562842
112.15,0.0134097958682077,-0.005535831005980798,-9.743690726940027
112.16,0.0133545289339173,-0.005517560110723377,-9.829263927655383
112.17,0.0132994445806376,-0.0054993147302624815,-9.629969454508597
112.18,0.0132445425517523,-0.005481095694460766,-9.61294382112417
112.19,0.0131898225785192,-0.00546290325350829,-9.95586786182467
112.2,0.0131352844003054,-0.005444736612154961,-9.948000747774426
112.21,0.0130809277594834,-0.005426595972999191,-9.885355427949227
112.22,0.0130267523929245,-0.005408481745408384,-9.932576344326014
112.23,0.0129727580362319,-0.005390394020809046,-10.025996207846642
112.24,0.0129189444237424,-0.005372332809321683,-9.728639805415197
112.25,0.0128653112885237,-0.005354299179772572,-9.773874864433148
112.26,0.0128118583483775,-0.005336293199425877,-10.17101288666956
112.27,0.0127585853348854,-0.005318313958823238,-10.070031059392447
112.28,0.0127054919785671,-0.0053003619051525,-10.03057729987933
112.29,0.0126525780050993,-0.00528243738465578,-10.072371567845579
112.3,0.012599843138707,-0.005264540514263418,-10.034596341971156
112.31,0.0125472871021633,-0.005246671546095018,-10.38445459056863
112.32,0.0124949096167907,-0.005228829741127402,-10.329928291371576
112.33,0.0124427104153003,-0.0052110154696749225,-10.031596050241452
112.34,0.0123906892127383,-0.005193229746282511,-10.23495382270336
112.35,0.0123388457261051,-0.0051754722765867045,-10.278223943769635
112.36,0.012287179672783,-0.005157743119910086,-10.30045629829
112.37,0.0122356907688483,-0.005140042420822474,-10.29229993451539
112.38,0.0121843787290731,-0.0051223703702633185,-10.513717004071427
112.39,0.0121332432669246,-0.00510472659684077,-10.484006263146552
112.4,0.012082284101825,-0.005087111382390871,-10.343908614207438
112.41,0.0120315009424844,-0.005069525287516704,-10.49006667380295
112.42,0.0119808934994384,-0.005051968158515914,-10.522619240967433
112.43,0.0119304614823338,-0.005034440099250011,-10.518004126215315
112.44,0.0118802045996421,-0.005016941351012466,-10.364423287969272
112.45,0.011830122556024,-0.004999472485845809,-10.533531298243245
112.46,0.0117802150510815,-0.004982033272140776,-10.687916880446311
112.47,0.0117304817921505,-0.0049646235120292,-10.581120087759686
112.48,0.011680922481311,-0.004947243643512566,-10.633007394707784
112.49,0.0116315368193035,-0.004929893757390812,-10.622352703274297
112.5,0.011582324505527,-0.0049125740704433676,-10.63685122538305
112.51,0.0115332852367654,-0.004895284735853299,-10.69814537371312
112.52,0.0114844187094594,-0.004878025794548269,-10.713818899104501
112.53,0.0114357246190651,-0.004860797392800941,-10.722505507749037
112.54,0.0113872026592704,-0.004843599701288403,-10.694202368470213
112.55,0.0113388525223895,-0.004826432909215772,-11.11904948979534
112.56,0.0112906739002092,-0.004809296220272463,-10.966335527327022
112.57,0.0112426664956814,-0.004792190178948304,-10.66257263113615
112.58,0.0111948299920383,-0.00477511567008003,-10.958746920444016
112.59,0.0111471640784961,-0.004758072237010866,-10.932466463582887
112.6,0.0110996684431364,-0.004741060070849124,-11.010030708605822
112.61,0.0110523427729075,-0.004724079161378311,-11.127534419442922
112.62,0.0110051867558314,-0.004707129424591592,-11.055545602016865
112.63,0.0109582000794215,-0.0046902111975800015,-11.034347998614269
112.64,0.0109113824261994,-0.004673324707625765,-11.131053191908638
112.65,0.0108647334795611,-0.004656469914086668,-11.199912195810194
112.66,0.0108182529218633,-0.004639646866037446,-10.968781073920661
112.67,0.0107719404344231,-0.0046228562401566305,-11.020024275277548
112.68,0.0107257956890199,-0.004606098087110899,-11.305889077071308
112.69,0.0106798183656327,-0.004589371959447499,-11.214394270960703
112.7,0.0106340081419934,-0.0045726781916250485,-11.210422521310706
112.71,0.0105883646933448,-0.004556016973373392,-11.238213026686996
112.72,0.0105428876937117,-0.004539388408535851,-11.304654302654729
112.73,0.0104975768161839,-0.004522792522659178,-11.297931455703527
112.74,0.0104524317337305,-0.004506229492730792,-11.282040911213189
112.75,0.0104074521162143,-0.004489699513276757,-11.336312675960551
112.76,0.0103626376330826,-0.004473202642089934,-11.29301909652246
112.77,0.0103179879525939,-0.004456739082369168,-11.579402238735378
112.78,0.0102735027418181,-0.004440308377941658,-11.804689811168974
112.79,0.0102291816759826,-0.004423910246753304,-11.43272618233004
112.8,0.0101850244255452,-0.004407545589668344,-11.40201768493495
112.81,0.0101410306520211,-0.004391214650136729,-11.613258211827342
112.82,0.0100972000208863,-0.004374917167050888,-11.613506317049488
112.83,0.0100535321967278,-0.00435865326717925,-11.63502484169631
112.84,0.0100100268432449,-0.004342423059536654,-11.667153839059296
112.85,0.0099666836229514,-0.00432622662909503,-11.705422929888764
112.86,0.0099235021978195,-0.004310064048671624,-11.727800112408417
112.87,0.009880482228816,-0.00429393541909407,-11.760538666350435
112.88,0.0098376233760023,-0.00427784082141582,-11.800145512966989
112.89,0.0097949252987051,-0.004261780324186625,-11.819959474217827
112.9,0.0097523876555022,-0.0042457540320566586,-11.841276734716272
112.91,0.0097100101037176,-0.004229762046930097,-11.869543806216962
112.92,0.0096677922999491,-0.004213804452584267,-11.929137254540791
112.93,0.0096257338999119,-0.004197881276853299,-11.956054811043082
112.94,0.0095838345593667,-0.004181992608225004,-11.952960134490954
112.95,0.0095420939322808,-0.004166138588319128,-11.987700016966016
112.96,0.0095005116718873,-0.004150319289639897,-12.031409122429274
112.97,0.009459087430675,-0.004134534751326722,-12.177413567501185
112.98,0.0094178208612771,-0.004118784849614282,-12.13998908420374
112.99,0.0093767116175584,-0.004103069781220016,-12.089428747688062
113.0,0.0093357593489082,-0.004087389767405793,-12.171661165785292
113.01,0.0092949637054702,-0.004071744788809179,-12.303678720461571
113.02,0.0092543243366602,-0.004056134732652375,-12.364519169538074
113.03,0.0092138408942315,-0.004040559623312452,-12.282775435874148
113.04,0.0091735130269169,-0.004025019722864249,-12.342104370487425
113.05,0.0091333403823213,-0.0040095150639283435,-12.40346481469394
113.06,0.0090933226081223,-0.003994045659606697,-12.4683350837469
113.07,0.0090534593515461,-0.0039786115210232835,-12.491535635724848
113.08,0.0090137502598681,-0.003963212730477474,-12.504604157976948
113.09,0.0089741949788105,-0.003947849385940019,-12.559642777008362
113.1,0.0089347931538948,-0.003932521517161584,-12.60466895554432
113.11,0.0088955444300725,-0.003917229165699971,-12.648667216531212
113.12,0.0088564484520235,-0.0039019723776633915,-12.67265733841833
113.13,0.0088175048637241,-0.003886751230292521,-12.706823879523851
113.14,0.0087787133084272,-0.0038715657862233225,-12.713618487875898
113.15,0.0087400734289372,-0.0038564161143132885,-13.06457438133243
113.16,0.0087015848680751,-0.0038413017854424555,-12.99956949708364
113.17,0.0086632472746249,-0.0038262230119466443,-12.798731703518852
113.18,0.0086250602881819,-0.0038111802085408035,-13.054319915796627
113.19,0.0085870235512252,-0.0037961731263334015,-12.991059344615275
113.2,0.0085491367059024,-0.0037812019654241548,-12.909770805070188
113.21,0.0085113993915489,-0.0037662669564365696,-13.062782346125468
113.22,0.0084738112466224,-0.0037513679849008556,-13.085054369722686
113.23,0.0084363719117576,-0.003736505084019244,-13.382403593652858
113.24,0.0083990810257601,-0.003721677903858328,-13.528947399229759
113.25,0.0083619382347328,-0.0037068863402649633,-13.275535810076118
113.26,0.008324943178887,-0.003692130856949152,-13.37689449048288
113.27,0.0082880954976046,-0.003677411410836741,-13.691190151253013
113.28,0.0082513948315684,-0.003662727646207489,-13.714115414585002
113.29,0.0082148408254844,-0.003648079621160769,-13.64716147521634
113.3,0.0081784331194703,-0.0036334675275608713,-13.81267992423939
113.31,0.0081421713553591,-0.0036188912649750124,-13.6532586218237
113.32,0.0081060551738733,-0.003604351140451603,-13.80685704598269
113.33,0.0080700842125054,-0.003589847040222534,-14.037089187573654
113.34,0.0080342581134949,-0.003575378753919234,-13.904641794092823
113.35,0.0079985765171586,-0.003560946558234188,-13.854047458762679
113.36,0.0079630390615692,-0.003546550627046696,-14.015181710896469
113.37,0.0079276453840879,-0.003532190848579966,-14.017991774660171
113.38,0.0078923951241749,-0.0035178672642540917,-14.491337168717951
113.39,0.0078572879198338,-0.0035035793228049466,-14.71547023577938
113.4,0.0078223234192469,-0.003489326830045849,-14.33298040042128
113.41,0.0077875012634005,-0.003475110364685828,-14.508373072676566
113.42,0.007752821092314,-0.003460929813588314,-14.762138513158368
113.43,0.0077182825481329,-0.003446784933554198,-14.829810991337999
113.44,0.0076838852747367,-0.003432675718777519,-14.875992526882845
113.45,0.0076496289148086,-0.00341860219971752,-15.014578117834306
113.46,0.0076155131119729,-0.003404564300525832,-15.055435628781561
113.47,0.0075815375099886,-0.003390562055254954,-15.17797035376297
113.48,0.0075477017522398,-0.0033765954009833425,-15.334766989264244
113.49,0.0075140054835744,-0.0033626642412491908,-15.335862415677582
113.5,0.0074804483487773,-0.003348768671479962,-15.317554269662718
113.51,0.0074470299912385,-0.0033349088043525244,-15.516802931667415
113.52,0.0074137500541302,-0.003321084500537516,-15.523061937857838
113.53,0.0073806081829199,-0.0033072957820633447,-16.210047703569405
113.54,0.007347604022293,-0.0032935418881083678,-16.7162515599836
113.55,0.0073147372303885,-0.0032798223034024524,-16.413400336956858
113.56,0.007282007460452,-0.0032661374687308325,-16.34915550296606
113.57,0.0072494143646002,-0.00325248759251499,-16.415722032839703
113.58,0.0072169575922343,-0.0032388726777516953,-16.93357402223159
113.59,0.0071846367957487,-0.003225292254835019,-16.734974372818886
113.6,0.0071524516309702,-0.003211746659656678,-16.352214172898393
113.61,0.0071204017450676,-0.0031982364212716904,-16.741293616776787
113.62,0.0070884867859443,-0.003184761196555816,-17.255639515297297
113.63,0.0070567064060941,-0.0031713204599874713,-17.68443876883106
113.64,0.0070250602627689,-0.0031579138312691564,-17.410231375906626
113.65,0.0069935480148629,-0.003144541669180804,-17.741273143296034
113.66,0.006962169315847,-0.003131203660631642,-18.87803273899448
113.67,0.0069309238310206,-0.0031178986827616927,-18.741623562475414
113.68,0.0068998112313063,-0.0031046269456841964,-18.573199041249488
113.69,0.0068688311804687,-0.003091388752011675,-18.77196220419179
113.7,0.0068379833449139,-0.003078184001055813,-19.227557527103897
113.71,0.0068072673901228,-0.0030650123124150034,-19.52824647987699
113.72,0.0067766829886658,-0.0030518735217483317,-18.889534768521703
113.73,0.0067462298079737,-0.0030387683715141643,-19.324352257908085
113.74,0.0067159075103309,-0.003025696538579213,-19.96842950305305
113.75,0.0066857157680253,-0.003012657435489138,-20.47062792831921
113.76,0.0066556542537081,-0.002999650643834144,-20.50640309144288
113.77,0.00662572264725,-0.0029866762342100105,-20.447355006019993
113.78,0.0065959206213886,-0.002973734289996669,-22.083283875083616
113.79,0.0065662478575745,-0.0029608233390491737,-22.155197780835213
113.8,0.0065367040511037,-0.002947943382467519,-21.8835209687386
113.81,0.0065072888856567,-0.0029350947965008467,-22.456819368588395
113.82,0.0064780020519423,-0.002922277178849962,-22.85533858776535
113.83,0.0064488432398634,-0.002909490234335034,-23.505112360804883
113.84,0.0064198121462193,-0.002896733506086639,-23.22914251260185
113.85,0.0063909084679929,-0.0028840073639617076,-23.554435268370984
113.86,0.0063621318977087,-0.002871311641671714,-24.301264628023247
113.87,0.006333482135454,-0.0028586457846458235,-24.559534941357875
113.88,0.0063049588829087,-0.002846009670751675,-24.725065271219083
113.89,0.0062765618437504,-0.002833403199585845,-26.468709136912775
113.9,0.0062482907245701,-0.0028208249182100067,-27.23588114098146
113.91,0.0062201452526955,-0.0028082742799500245,-26.543641891743672
113.92,0.0061921251446547,-0.002795752037398338,-26.939052657076026
113.93,0.0061642301180212,-0.002783258040610012,-27.62875725785782
113.94,0.0061364598916635,-0.002770791775657488,-29.154482914033345
113.95,0.0061088141936391,-0.0027583520583233647,-29.617790434539458
113.96,0.0060812927626768,-0.0027459386272349977,-29.62815868999068
113.97,0.0060538953331264,-0.002733551642284951,-30.235141470106946
113.98,0.0060266216428301,-0.0027211907895499815,-30.645255920188394
113.99,0.0059994714319397,-0.0027088557649725207,-33.37035176759641
114.0,0.0059724444479292,-0.002696544445353369,-34.43937853136948
114.01,0.0059455404657159,-0.002684256113214149,-33.61666303386967
114.02,0.0059187592464821,-0.0026719916413625315,-34.03534569549958
114.03,0.0058921005539486,-0.0026597509472142088,-35.16093359656616
114.04,0.0058655641507543,-0.0026475333042491568,-36.47796939691374
114.05,0.0058391498135592,-0.0026353378640358444,-36.782569722221915
114.06,0.0058128573198768,-0.0026231645569107977,-37.75612057464646
114.07,0.0057866864506129,-0.002611012825886647,-39.12970041461104
114.08,0.0057606369940132,-0.0025988818446283776,-39.03992980037752
114.09,0.0057347087457568,-0.0025867716667774916,-43.893165871147104
114.1,0.0057089015023834,-0.0025746787331458595,-46.31636338198004
114.11,0.0056832151175878,-0.0025626014175517044,-44.459522582227976
114.12,0.0056576494166387,-0.0025505414238049928,-44.06682637775512
114.13,0.0056322042299054,-0.002538499434485794,-46.04373989201
114.14,0.0056068793717808,-0.0025264742829583394,-47.86876439323091
114.15,0.0055816746908629,-0.0025144649567625044,-46.99689216257016
114.16,0.0055565900182537,-0.0025024722738083366,-49.47846590916283
114.17,0.0055316251965001,-0.002490494548947498,-55.53037030220464
114.18,0.0055067800897354,-0.0024785276446791715,-56.070004222608866
114.19,0.0054820546085902,-0.0024665712825316746,-57.3305749119061
114.2,0.005457448632336,-0.002454624731674167,-62.92484122753002
114.21,0.0054329620912087,-0.0024426844755199594,-63.26323085935173
114.22,0.0054085949184843,-0.002430750925885792,-56.19876112602214
114.23,0.005384347034839,-0.0024188295165958446,-57.519473147124565
114.24,0.0053602182924847,-0.002406919628864185,-68.5118332282647
114.25,0.0053362086252034,-0.0023950140924732907,-69.23480605976923
114.26,0.0053123179968632,-0.002383112516309103,-68.3800574983733
114.27,0.0052885463609638,-0.0023712156991375004,-75.47042588318394
114.28,0.005264893680525,-0.002359319325670057,-79.06504149563771
114.29,0.0052413599783943,-0.002347421385996681,-77.94813641749158
114.3,0.0052179452553876,-0.0023355229868249586,-81.47296075424711
114.31,0.0051946495261842,-0.002323622372426688,-85.23906751000413
114.32,0.0051714728212632,-0.0023117175789708327,-86.61465199072498
114.33,0.0051484151900903,-0.0022998081997108164,-88.69918632219456
114.34,0.0051254766761129,-0.0022878933719225106,-93.40987958423304
114.35,0.0051026573489471,-0.0022759705903383364,-97.16903392030467
114.36,0.0050799572967483,-0.002264037965521712,-99.28353774108491
114.37,0.0050573766260141,-0.00225209461855999,-104.28760197961687
114.38,0.0050349154485115,-0.002240137976944992,-108.56707466025762
114.39,0.0050125739172799,-0.0022281659557866016,-110.80089171963354
114.4,0.0049903521841081,-0.002216177697280814,-115.94713220610517
114.41,0.0049682504254813,-0.0022041707187491644,-119.69663553942937
114.42,0.0049462688377964,-0.0021921433264357817,-123.74393155164893
114.43,0.0049244076330362,-0.0021800937290141686,-128.1045157248667
114.44,0.0049026670437196,-0.002168019986218299,-132.30954142526522
114.45,0.0048810473203486,-0.0021559202271367035,-137.99163424442355
114.46,0.0048595487346418,-0.0021437917752899736,-142.91485501139323
114.47,0.0048381715876702,-0.002131632433051661,-147.30150919367614
114.48,0.0048169161953272,-0.002119440356450031,-152.8102765263308
114.49,0.004795782897798,-0.0021072131081700273,-158.32302387297003
114.5,0.0047747720584382,-0.002094948264225848,-163.6977144437182
114.51,0.0047538840655386,-0.0020826435253058035,-169.3011727444648
114.52,0.0047331193289591,-0.0020702965002441357,-175.30022601804347
114.53,0.0047124782850019,-0.002057904620730009,-181.0834135610692
114.54,0.0046919613941739,-0.002045465469027477,-187.1741688826574
114.55,0.0046715691417446,-0.002032976498127486,-193.53797787253853
114.56,0.004651302039184,-0.0020204350402008566,-200.00125832150377
114.57,0.004631160624858,-0.002007838408761644,-206.51376968358176
114.58,0.0046111454639052,-0.0019951839244949617,-213.30619064796383
114.59,0.0045912571485656,-0.0019824687894691977,-220.25446808390944
114.6,0.0045714962997842,-0.001969690153618349,-227.23907189052156
114.61,0.0045518635666263,-0.001956845182572474,-234.31785438129475
114.62,0.004532359626825,-0.0019439310205617054,-241.69765168036184
114.63,0.0045129851868007,-0.00193094468061414,-249.08742667961155
114.64,0.0044937409836468,-0.0019178832034216458,-256.371388393881
114.65,0.0044746277828744,-0.0019047437090083574,-264.09918230692335
114.66,0.0044556463798252,-0.0018915231072716581,-271.81926207365234
114.67,0.0044367976013089,-0.0018782183289941198,-279.51373677028204
114.68,0.0044180823039954,-0.001864826338377502,-287.4416343208263
114.69,0.0043995013757153,-0.001851343995582541,-295.3506488767873
114.7,0.0043810557356817,-0.0018377681796366882,-303.3594251151051
114.71,0.0043627463342692,-0.0018240957260582747,-311.4975263171319
114.72,0.004344574153983,-0.0018103234141650007,-319.4223090754821
114.73,0.0043265402092527,-0.0017964481368558673,-327.57021646864354
114.74,0.0043086455452495,-0.0017824666666333157,-335.8517853802819
114.75,0.0042908912408239,-0.001768375704096699,-343.74149502588045
114.76,0.0042732784065486,-0.001754172145293281,-351.9116370763875
114.77,0.0042558081841371,-0.0017398527260566654,-360.1157352579815
114.78,0.0042384817491903,-0.0017254141428300535,-368.0097874738242
114.79,0.0042213003090843,-0.0017108532311183107,-376.0752512000846
114.8,0.0042042651032658,-0.001696166708931624,-384.04074452762495
114.81,0.0041873774044753,-0.001681351309490814,-391.8168744631144
114.82,0.0041706385173901,-0.0016664038249758614,-399.6669768433448
114.83,0.0041540497792176,-0.0016513209615416796,-407.31163965503106
114.84,0.0041376125602013,-0.0016360994818150009,-414.7840052802284
114.85,0.0041213282623499,-0.0016207361806933516,-422.2890397898622
114.86,0.0041051983202663,-0.0016052277672233277,-429.5188806571491
114.87,0.0040892242014208,-0.001589571026455789,-436.564205090421
114.88,0.0040734074048353,-0.001573762763796631,-443.57151669691973
114.89,0.0040577494620766,-0.0015577997144483645,-450.28934474545895
114.9,0.0040422519371683,-0.0015416786770666858,-456.80922985136317
114.91,0.0040269164258186,-0.0015253964577957957,-463.17608529904254
114.92,0.0040117445560193,-0.0015089498339508362,-469.2893772779154
114.93,0.0039967379878201,-0.0014923356046242062,-475.1663348738813
114.94,0.0039818984132544,-0.0014755505761891907,-480.7865435223424
114.95,0.0039672275562543,-0.0014585915638108279,-486.2047085745262
114.96,0.0039527271726356,-0.0014414553511408286,-491.31931401556767
114.97,0.003938399050527,-0.0014241387469483488,-496.10560750762187
114.98,0.0039242450095729,-0.0014066385904249897,-500.7481743023167
114.99,0.0039102669013865,-0.001388951627223301,-505.0029449101907
115.0,0.0038964666103626,-0.0013710746600508524,-508.8790004926359
115.01,0.0038828460521114,-0.0013530045338583535,-512.6782033794574
115.02,0.0038694071745782,-0.0013347379274058265,-515.9841368000718
115.03,0.0038561519591743,-0.001316271631502503,-518.8392839146923
115.04,0.0038430824181545,-0.0012976025106183021,-521.76051333084
115.05,0.0038302005965021,-0.0012787271199358433,-524.2123646193253
115.06,0.0038175085744748,-0.0012596420892766812,-526.0206283676774
115.07,0.003805008464129,-0.0012403442646841587,-527.7391215755465
115.08,0.0037927024098829,-0.0012208302626291602,-529.395198678232
115.09,0.003780592591529,-0.001201096428219162,-530.2714344280733
115.1,0.0037686812251903,-0.0011811394299891557,-530.6817251117311
115.11,0.0037569705579745,-0.00116095599375665,-531.4294035317006
115.12,0.0037454628730456,-0.0011405421981058525,-531.3293132019126
115.13,0.0037341604936222,-0.0011198945013024745,-530.6269615304642
115.14,0.0037230657741446,-0.0010990095489249612,-530.2188689365549
115.15,0.0037121811069228,-0.0010778833067800206,-529.266995396411
115.16,0.0037015089253214,-0.0010565118353158577,-527.598560628537
115.17,0.0036910516998502,-0.0010348915181458299,-525.8059836307968
115.18,0.0036808119378017,-0.001013018420549997,-524.1098531378389
115.19,0.0036707921889427,-0.0009908880135008264,-521.5262008698152
115.2,0.0036609950485274,-0.0009684963009200128,-518.4035609058458
115.21,0.0036514231472759,-0.0009458394342191879,-515.8951642656161
115.22,0.0036420791605777,-0.0009229122756433051,-512.4062509665671
115.23,0.0036329658174514,-0.0008997103757983352,-508.27519712239945
115.24,0.0036240858830086,-0.0008762296331275034,-504.5640760479073
115.25,0.0036154421718189,-0.0008524647817108033,-500.33873364562805
115.26,0.003607037551493,-0.0008284106478016657,-495.47179863816706
115.27,0.0035988749391319,-0.0008040624828983577,-490.4125724288102
115.28,0.0035909572992488,-0.0007794152246124838,-485.5647594718411
115.29,0.0035832876518131,-0.0007544627391658183,-479.94489554321046
115.3,0.0035758690798961,-0.0007291996072141706,-473.8520470692146
115.31,0.0035687047130102,-0.0007036206672591345,-468.1723551875558
115.32,0.0035617977416913,-0.0006777191637908651,-461.9695063932622
115.33,0.0035551514262458,-0.0006514886385416598,-455.19167852626924
115.34,0.0035487690854358,-0.0006249232722008206,-448.43427414459717
115.35,0.0035426540995912,-0.0005980164254041731,-441.79125159891464
115.36,0.0035368099211186,-0.0005707602123633194,-434.4975857243731
115.37,0.0035312400827567,-0.0005431477661966518,-426.89930856149437
115.38,0.0035259481762434,-0.0005151724034291837,-419.570508758077
115.39,0.0035209378725332,-0.00048682564905583157,-411.82734742225324
115.4,0.0035162129277421,-0.0004580995300558022,-403.8107225213122
115.41,0.003511777172633,-0.000428986347400839,-395.8241786519309
115.42,0.0035076345206485,-0.0003994773404525213,-387.8142859246248
115.43,0.0035037889774725,-0.00036956272946498834,-379.44373035393164
115.44,0.0035002446473124,-0.0003392337598158189,-370.924190335632
115.45,0.00349700571348,-0.0003084817622691579,-362.64585361893023
115.46,0.0034940764598864,-0.00027729529811499644,-354.0606424810733
115.47,0.0034914612895368,-0.00024566417091167623,-345.3227676774088
115.48,0.0034891646915406,-0.00021357881840581737,-336.7299897391738
115.49,0.003487191267223,-0.00018102730092999026,-328.0509910927997
115.5,0.0034855457395847,-0.00014799742926500432,-319.25978090528787
115.51,0.0034842329500012,-0.00011447823445834095,-310.4940085156632
115.52,0.003483257845278,-8.045814601748324e-05,-301.77590297458033
115.53,0.0034826255009044,-4.592432437330975e-05,-293.081052630631
115.54,0.0034823411243324,-1.0860387225009415e-05,-284.3633519008195
115.55,0.0034824101013612,2.4746140384137156e-05,-275.7053033414922
115.56,0.0034828378953994,6.090657995584496e-05,-267.13409746871184
115.57,0.0034836301325943,9.763655730334777e-05,-258.52989238278724
115.58,0.0034847925846025,0.00013495414844915668,-250.03375425973658
115.59,0.0034863312281096,0.00017287592385333296,-241.75983349206186
115.6,0.0034882521617079,0.00021141480992500948,-233.49823826805414
115.61,0.0034905616385751,0.00025058762552164395,-225.2852018106142
115.62,0.0034932660911355,0.00029041325812332534,-217.06202322791074
115.63,0.0034963721484678,0.0003309128377800059,-209.24918887835375
115.64,0.0034998866498747,0.00037210296274416,-201.58231950931207
115.65,0.0035038165679551,0.00041400059734501664,-193.91090686988346
115.66,0.0035081690915046,0.0004566265722733288,-186.0790970639109
115.67,0.0035129516098256,0.0005000062909908307,-178.82169752514855
115.68,0.0035181717961659,0.00054415991926082,-171.91040813441967
115.69,0.0035238374503266,0.0005891053329224773,-164.7638589229182
115.7,0.0035299566252013,0.0006348671684775207,-157.7384741212354
115.71,0.0035365376021581,0.000681471516362496,-150.88922218734217
115.72,0.0035435889506006,0.0007289449447558078,-144.64731137857675
115.73,0.0035511194715575,0.0007773091214591959,-138.38970844439265
115.74,0.0035591381870258,0.0008265889302791883,-132.14308188484227
115.75,0.0035676543989846,0.0008768128702608322,-125.78455311585545
115.76,0.0035766776983839,0.0009280137520700016,-120.19591753774503
115.77,0.003586218017991,0.0009802179018933194,-114.87798650857351
115.78,0.0035962854888286,0.0010334508753741581,-109.35482545536922
115.79,0.003606890574315,0.001087744832831663,-103.70459838431766
115.8,0.003618044043931,0.0011431369390416772,-98.70800609730712
115.81,0.0036297570788704,0.0011996592452358525,-94.23316612841028
115.82,0.0036420410925868,0.001257339662339984,-89.39958335978119
115.83,0.0036549078541331,0.0013162144469383193,-84.88216535597849
115.84,0.0036683694865518,0.0013763199038558356,-80.05224540837796
115.85,0.0036824384969578,0.001437699900514999,-76.15999018823307
115.86,0.0036971278467217,0.001500388647727481,-72.51719868024168
115.87,0.0037124507474305,0.0015644193879050029,-68.49558334746663
115.88,0.0037284208526061,0.0016298352060500096,-64.65071029056294
115.89,0.0037450522174844,0.0016966807802574855,-60.99397901326338
115.9,0.0037623593824269,0.0017650013832433593,-57.96342188370486
115.91,0.003780357292366,0.0018348355434558367,-54.82326603957156
115.92,0.0037990612856697,0.001906226837497505,-51.805173505174174
115.93,0.0038184871782121,0.0019792215987216714,-48.39312638195267
115.94,0.003838651248696,0.0020538769552466596,-45.8133685771733
115.95,0.0038595704047298,0.0021302390352975014,-43.6057982293933
115.96,0.0038812618631817,0.0022083495190233183,-40.86860719333177
115.97,0.003903743409862,0.0022882645439341732,-38.529961278313664
115.98,0.0039270333474708,0.0023700370967474674,-36.142885520096094
115.99,0.0039511505337705,0.0024537247628416766,-34.15966405818432
116.0,0.00397611440284,0.0025393802880133184,-32.27474924873316
116.01,0.0040019448812746,0.002627057581289162,-30.32341259824329
116.02,0.004028662492942,0.0027168162821967004,-28.536120945558384
116.03,0.0040562883448318,0.0028087162405182973,-26.86898622045617
116.04,0.004084844157434,0.0029028180586674907,-25.349003271522925
116.05,0.0041143522483484,0.0029991822347192124,-23.876083131730024
116.06,0.0041448355540347,0.0030978717827524864,-22.48478933248563
116.07,0.0041763176494711,0.0031989511345091263,-21.292252082318623
116.08,0.0042088227524853,0.0033024825599025113,-20.054482477705374
116.09,0.0042423756998121,0.0034085333623967173,-18.86771187320241
116.1,0.0042770020495744,0.0035171733476882967,-17.84223941631081
116.11,0.0043127280226963,0.0036284702837424978,-16.932388946423075
116.12,0.0043495805338363,0.0037424908166733247,-16.151737718778154
116.13,0.0043875871398582,0.0038593002114582923,-15.178434949382389
116.14,0.0044267760888688,0.003978974850380856,-14.335980416203608
116.15,0.0044671764375813,0.004101590259780857,-13.576801185114649
116.16,0.0045088179335754,0.0042272200060883254,-13.37187562247315
116.17,0.0045517310663373,0.004355915513836651,-12.71854249422155
116.18,0.0045959467181862,0.0044877508221832915,-11.766306638731606
116.19,0.0046414968528073,0.004622820156336671,-11.393800805832203
116.2,0.0046884141266734,0.004761191693266687,-10.94757508157814
116.21,0.0047367319154745,0.004902935513223351,-11.17749550966534
116.22,0.0047864842163318,0.005048086510270832,-10.469333961327782
116.23,0.0048377053084877,0.005196734805780804,-9.69943411676118
116.24,0.0048904308895465,0.005348981967189144,-9.618395597154986
116.25,0.0049446971244984,0.005504884994691648,-9.747527176898387
116.26,0.0050005409083547,0.005664482845962535,-9.860362301603473
116.27,0.0050579992595903,0.0058278160904033085,-9.09198301707244
116.28,0.0051171100287662,0.00599499238877082,-8.837183067607157
116.29,0.005177912156942,0.006166087261227503,-8.639992657197075
116.3,0.0052404450005158,0.006341162049974127,-9.726645504234915
116.31,0.0053047485622398,0.006520171088743303,-9.289241702781162
116.32,0.0053708618251517,0.006703193736132559,-8.325597642563451
116.33,0.00543882622338,0.006890368689842494,-8.844227963065098
116.34,0.0055086830413015,0.007081695343284196,-8.846824793740844
116.35,0.0055804740486571,0.007277206159423343,-9.672424388601746
116.36,0.0056542409861744,0.007476850390923336,-9.381608800822804
116.37,0.0057300250432324,0.007680688666833346,-8.964287137798408
116.38,0.0058078689509931,0.007888800177592487,-9.639231877667239
116.39,0.0058878151271867,0.00810113329811667,-9.948942661643619
116.4,0.0059699056364977,0.008317666827797563,-9.896580339570084
116.41,0.0060541825314952,0.008538423218991658,-9.915087805517665
116.42,0.0061406881661254,0.008763410676986695,-10.592618446462867
116.43,0.0062294645779293,0.008992543147074162,-10.85471034778638
116.44,0.0063205527267321,0.009225779893409116,-10.795885294429318
116.45,0.0064139938386999,0.009463123960685835,-11.041759422535284
116.46,0.0065098286650811,0.009704522020980875,-12.138065670338792
116.47,0.006608097209439,0.009949784709733308,-12.324492854601734
116.48,0.0067088370501272,0.010198848233831619,-12.134896409850388
116.49,0.0068120867539007,0.010451708025565868,-12.96194517257114
116.5,0.0069178832327149,0.01070818207105249,-14.012197252115167
116.51,0.0070262617070727,0.01096803489279753,-14.278337319409685
116.52,0.0071372548269769,0.011231154923512569,-14.390037663020241
116.53,0.007250895320861,0.011497452847912494,-15.509606233379131
116.54,0.0073672135521998,0.011766650741494123,-16.435765704210386
116.55,0.0074862371671064,0.012038488922600035,-16.910637965151263
116.56,0.0076079915079608,0.012312785203633356,-17.504859369801043
116.57,0.007732500296237,0.01258932699249583,-18.831641358679562
116.58,0.0078597843608086,0.012867757952294997,-19.832433967288896
116.59,0.0079898607507893,0.013147772529044165,-20.583267704744088
116.6,0.0081227441901038,0.013429111535790777,-21.68227205480994
116.61,0.0082584462271133,0.013711441062432458,-23.498602238498833
116.62,0.0083969747871057,0.013994292618989197,-24.785153759801325
116.63,0.0085383325993126,0.014277296347741728,-25.900048272961882
116.64,0.0086825200534195,0.014560120403779965,-27.852923192889694
116.65,0.0088295327958947,0.014842283496356622,-29.854482302421836
116.66,0.0089793619113089,0.015123301736075784,-31.86914366201083
116.67,0.009131993442865,0.015402706005995009,-34.043131252832254
116.68,0.0092874090208528,0.015680016755435833,-36.76046528559396
116.69,0.0094455849515265,0.015954683280897455,-39.767596684370574
116.7,0.0096064919699486,0.016226135845156725,-43.04982130933383
116.71,0.0097700950419237,0.016493800259822448,-46.61940087014356
116.72,0.0099363534426116,0.01675710525427507,-50.4466321641082
116.73,0.0101052207016518,0.017015487712239142,-55.28918463808896
116.74,0.0102766446172604,0.01726829742015166,-60.748957147236624
116.75,0.0104505659136454,0.01751487648799172,-66.09126597485354
116.76,0.0106269194481422,0.01775465962629994,-73.09190514894016
116.77,0.0108056341701472,0.01798696481448908,-81.20624887162289
116.78,0.0109866315141188,0.01821109001570001,-89.43898922358589
116.79,0.0111698266637195,0.0184264346906025,-99.8882061616222
116.8,0.0113551285948366,0.018632297462014998,-112.15880143304062
116.81,0.0115424386530173,0.018827957097935912,-124.58053216542407
116.82,0.0117316517330594,0.01901282971770663,-140.48482272366778
116.83,0.0119226569177496,0.019186206487199924,-159.58742014441495
116.84,0.0121153351465702,0.019347338381902474,-177.3577723787533
116.85,0.0123095611826397,0.019495741119963345,-200.8262042394973
116.86,0.0125052052463519,0.019630734979231595,-229.4134989628669
116.87,0.0127021287816076,0.019751554245534986,-253.52583597929942
116.88,0.0129001877408056,0.019857820993882447,-284.71829784052414
116.89,0.0130992346288051,0.019948926610640794,-321.0461382799101
116.9,0.013299113504666,0.020024156592539206,-348.68812813643905
116.91,0.0134996636992139,0.02008318749051833,-380.3689317252867
116.92,0.0137007215129713,0.020125504266256606,-412.1427777211801
116.93,0.0139021161963853,0.020150504568910033,-428.6880424419726
116.94,0.0141036729700864,0.020157928726144272,-442.34769208417083
116.95,0.0143052148078655,0.02014737034150754,-449.75149883608645
116.96,0.0145065589576756,0.020118342354851645,-436.80672179219533
116.97,0.014707519656118,0.020070727220209153,-419.69298214854655
116.98,0.0149079106735242,0.0200042734399191,-398.24512643373976
116.99,0.0151075412682292,0.019918624546387587,-364.3074377654833
117.0,0.0153062190417749,0.019813741166014174,-330.31446801698286
117.01,0.0155037516565571,0.0196895319959665,-297.6453988003081
117.02,0.0156999448402257,0.01954583976662822,-262.4899412791928
117.03,0.0158946038163196,0.019382752238090793,-230.66685988199563
117.04,0.0160875355478795,0.01920036955331339,-203.27582349683314
117.05,0.0162785470492166,0.01899871953851259,-177.63201202622363
117.06,0.0164674463570041,0.018777984205911535,-155.15552907396489
117.07,0.0166540439446949,0.01853840921550171,-135.9877650242503
117.08,0.0168381526069965,0.0182802489855034,-119.53868495256079
117.09,0.0170195879432956,0.018003785979819192,-105.37932189365043
117.1,0.0171981684675493,0.0177093506466041,-92.92578715972164
117.11,0.017373716511539,0.0173973800199741,-82.47913795813217
117.12,0.0175460590753512,0.01706830949229768,-73.67551941215955
117.13,0.0177150272033139,0.016722573105274932,-65.81254492643312
117.14,0.0178804568626728,0.016360729084332476,-59.12264957023869
117.15,0.0180421900374788,0.01598335932757172,-53.4788938859188
117.16,0.0182000742585505,0.01559103982739244,-48.44729732686336
117.17,0.0183539632510269,0.015184443010683175,-44.14816309420447
117.18,0.0185037177917705,0.014764251038423161,-40.56723076369222
117.19,0.0186492051419568,0.014331101395638538,-37.22661357859552
117.2,0.0187902992613789,0.01388578352432152,-34.347464412528716
117.21,0.0189268828404175,0.013429093757599039,-32.14640909526448
117.22,0.0190588453565375,0.012961640716636682,-29.898912738666613
117.23,0.0191860826523137,0.012484282113494997,-27.902903539914337
117.24,0.0193085008705521,0.01199791915941252,-26.529738804086826
117.25,0.0194260130989149,0.011503143774496943,-25.032126860836012
117.26,0.0195385386302176,0.01100082529003751,-23.664930032709236
117.27,0.0196460074766981,0.010491904010681593,-22.76945031512196
117.28,0.0197483568580132,0.009977001418443333,-21.78890451484117
117.29,0.0198455304399979,0.009456971318798444,-20.885236425266992
117.3,0.0199374821664028,0.008932738695055191,-20.31914504207723
117.31,0.0200241733855591,0.008404936789013311,-19.703194502572924
117.32,0.0201055717790962,0.007874390164119954,-19.131201699939396
117.33,0.0201816549268635,0.007341999642103501,-18.82935081769367
117.34,0.0202524076771436,0.006808361432425759,-18.489549039374896
117.35,0.0203178206128859,0.006274251520991427,-18.17444553682218
117.36,0.0203778938953843,0.00574053506479756,-18.083913434476923
117.37,0.0204326344902701,0.00520775428376986,-17.971231213236745
117.38,0.0204820544884415,0.004676616998630848,-17.884072696880498
117.39,0.0205261748432911,0.004147917463757633,-17.966659823668987
117.4,0.0205650226797166,0.003622158494193956,-18.05628529274446
117.41,0.02059862992482,0.003099967099663154,-18.186477331630186
117.42,0.0206270361213694,0.0025820303537276517,-18.432387825633352
117.43,0.0206502863245539,0.0020688269177732955,-18.718801142497703
117.44,0.0206684302351405,0.0015608934765672274,-19.06219344221869
117.45,0.020681523604856,0.0010587987601259434,-19.49016728084884
117.46,0.0206896271465981,0.0005629864094758182,-19.983015664696953
117.47,0.0206928057649996,7.390335633247527e-05,-20.548315801888297
117.48,0.0206911291471522,-0.00040798982566175293,-21.19338397281524
117.49,0.0206846712065289,-0.0008823073107608326,-21.919638062853235
117.5,0.0206735094579119,-0.001348685980092351,-22.73598994431162
117.51,0.0206577251283685,-0.0018067660761534113,-23.644751452132063
117.52,0.0206374028394801,-0.0022562301473017833,-24.65285581526833
117.53,0.0206126301882129,-0.0026967915758633414,-25.769720248290902
117.54,0.0205834975543433,-0.0031281854912442535,-27.00600400936135
117.55,0.0205500978363777,-0.0035501677165875453,-28.37087350309549
117.56,0.0205125262837478,-0.003962518895632659,-29.862383269668022
117.57,0.0204708801494394,-0.004365060523852347,-31.511965540510065
117.58,0.0204252583263128,-0.0047576239489933655,-33.341551993011365
117.59,0.02037576143976,-0.005140048892331653,-35.314709793033366
117.6,0.0203224914801918,-0.005512232326326429,-37.49218844373369
117.61,0.0202655512475512,-0.005874079724036789,-39.935257411382764
117.62,0.0202050446678016,-0.006225483638806761,-42.53947466018357
117.63,0.0201410765075228,-0.006566405344322612,-45.39826967836612
117.64,0.0200737515966214,-0.006896819122813053,-48.65464537963733
117.65,0.0200031753194283,-0.007216665134268287,-52.09123832588596
117.66,0.0199294534577832,-0.0075259589770760565,-55.833458345617025
117.67,0.0198526912129294,-0.00782473593351346,-60.1661622947558
117.68,0.0197729938218793,-0.008112978416200655,-64.69761934778505
117.69,0.0196904665442187,-0.008390747338375953,-69.57936046312524
117.7,0.0196052135180417,-0.008658130284165937,-75.32191820983167
117.71,0.0195173384628337,-0.008915146432064818,-81.27434550994239
117.72,0.0194269448048992,-0.009161893666434062,-87.6008068980569
117.73,0.0193341344109265,-0.009398502786469998,-95.1453562877837
117.74,0.0192390083427562,-0.009625024752950094,-102.88867201783168
117.75,0.0191416671000661,-0.009841586773760066,-110.9831534898705
117.76,0.01904220928837,-0.010048353596198966,-120.72472295250309
117.77,0.0189407323886881,-0.01024540389430494,-130.6018479101663
117.78,0.0188373330832761,-0.01043288749487346,-140.7152823963654
117.79,0.0187321059266315,-0.010610994152171455,-152.93051711899417
117.8,0.018625144091302,-0.010779825999090015,-165.10074609162518
117.81,0.0185165397511559,-0.01093954969185017,-177.22552875817087
117.82,0.0184063827993621,-0.011090372058437502,-191.83086009626894
117.83,0.0182947615541343,-0.011232414685577568,-206.00177412904029
117.84,0.0181817631621417,-0.011365855907079255,-219.64196473511032
117.85,0.018067472415662,-0.011490911163701661,-235.67198654421512
117.86,0.0179519724004332,-0.0116077237279898,-250.91457557122737
117.87,0.0178353448001105,-0.011716474429573274,-264.83029343068097
117.88,0.0177176690850885,-0.011817378719579358,-280.27003143978993
117.89,0.0175990228244532,-0.011910601924670049,-294.7202539852779
117.9,0.0174794820415243,-0.011996322702901522,-306.7071576964641
117.91,0.0173591206825573,-0.012074753410362508,-318.95094052729513
117.92,0.0172380106742695,-0.012146074368413456,-330.01782834995157
117.93,0.0171162222956583,-0.012210461674743284,-337.5844076829638
117.94,0.0169938238705419,-0.012268122155838224,-344.16751502577426
117.95,0.0168708816537057,-0.012319244101653491,-349.63014873011537
117.96,0.0167474601973493,-0.012364000374581683,-351.065286588579
117.97,0.0166236222023159,-0.012402590904684024,-350.7825920001523
117.98,0.0164994283043733,-0.012435206430032522,-349.8431412094267
117.99,0.0163749374184598,-0.012462016060816716,-345.11321113048115
118.0,0.0162502066981044,-0.012483211658793441,-338.62341395641135
118.01,0.0161252912794627,-0.01249898183156827,-332.2364226159448
118.02,0.0160002445914517,-0.012509491060141611,-322.8604151059651
118.03,0.0158751183850264,-0.012514922396925001,-312.18117110724546
118.04,0.015749962469831,-0.012515458768852546,-302.432052307709
118.05,0.0156248249941281,-0.012511258042014091,-290.5340723147459
118.06,0.0154997525165276,-0.012502494770643321,-277.70698591405
118.07,0.0153747897236409,-0.012489347470142449,-266.73262906760044
118.08,0.0152499796784106,-0.012471965485561677,-254.45049300242317
118.09,0.0151253639856092,-0.012450511256812513,-241.53575062158558
118.1,0.0150009824705414,-0.012425154489304981,-230.22234891227856
118.11,0.0148768734115048,-0.012396043451101636,-219.06273025870135
118.12,0.014753073624292,-0.01236332473532256,-207.51092425499684
118.13,0.0146296184297462,-0.01232715290785832,-196.54215197139806
118.14,0.0145065415847113,-0.01228767734699486,-186.81844741151326
118.15,0.0143838754438022,-0.012245032978696663,-176.91378501547877
118.16,0.0142616510183794,-0.012199360817673359,-167.32888386934152
118.17,0.0141398978565346,-0.01215080148493335,-158.83420015758645
118.18,0.0140186441846913,-0.012099483448440055,-150.51786862983502
118.19,0.0138979169524894,-0.012045536196256647,-142.5538264030664
118.2,0.0137777417998306,-0.01198908806646001,-135.21930684427224
118.21,0.0136581431211998,-0.01193026146533094,-128.29969801541978
118.22,0.0135391441023497,-0.011869175755834077,-121.75036286788237
118.23,0.0134207667484819,-0.011805947868619956,-115.60096269227064
118.24,0.0133030319087875,-0.01174069145673669,-109.86751826257655
118.25,0.0131859593169366,-0.011673516253899953,-104.45875335488824
118.26,0.0130695676247957,-0.011604529245564255,-99.39039471809134
118.27,0.0129538744270155,-0.011533834177894947,-94.59198561549091
118.28,0.0128388962988864,-0.01146153239759422,-90.10828584094348
118.29,0.0127246488110096,-0.011387721688659239,-85.97083969533868
118.3,0.0126111465844598,-0.011312495463632548,-82.00053590286628
118.31,0.0124984033142418,-0.011235945792147544,-78.17388692624816
118.32,0.0123864317803799,-0.011158163486114954,-74.74648007731923
118.33,0.0122752438734281,-0.011079233055607445,-71.5850995442579
118.34,0.012164850676284,-0.010999235201012477,-68.23829772248104
118.35,0.0120552624481475,-0.010918254794620844,-65.35423458934902
118.36,0.0119464886022566,-0.010836368634980055,-62.79828735906552
118.37,0.0118385378565634,-0.010753647742571667,-60.0152883272633
118.38,0.0117314181798088,-0.010670167744574114,-57.478554255205225
118.39,0.0116251367976737,-0.010585999885250053,-55.28424312662348
118.4,0.0115197002604879,-0.010501208695221781,-53.132491702633736
118.41,0.0114151144882262,-0.010415857969525813,-50.82294878644103
118.42,0.0113113847476554,-0.010330014345139056,-48.91644794945874
118.43,0.0112085156513568,-0.010243736351389181,-47.24431728133189
118.44,0.0111065112869494,-0.0101570778070001,-45.19092578253008
118.45,0.0110053751647449,-0.010070099344199087,-43.49662535995763
118.46,0.0109051101916002,-0.009982854274673342,-42.09627778184566
118.47,0.0108057188098671,-0.009895389651311693,-40.45894828513227
118.48,0.0107072029608878,-0.009807756533835015,-38.843488898831325
118.49,0.0106095640772031,-0.009720004997328432,-37.56953169198411
118.5,0.0105128031143484,-0.009632177739089101,-36.395526126015085
118.51,0.0104169206372313,-0.009544315222927553,-34.72992463878915
118.52,0.0103219167698041,-0.009456466173971638,-33.63791982834711
118.53,0.0102277911476,-0.009368667728809087,-32.775381897636784
118.54,0.0101345431381746,-0.009280951766739171,-31.630085740298686
118.55,0.0100421717116524,-0.009193355259286636,-30.05810542982858
118.56,0.009950675494232,-0.009105922173182427,-29.177588424971376
118.57,0.0098600526271736,-0.009018682467435042,-28.693066765625566
118.58,0.0097703011231261,-0.008931658068600133,-27.638764604789486
118.59,0.0096814186388974,-0.008844880946112554,-26.158864837784673
118.6,0.0095934025562544,-0.008758390029476584,-25.38672446471551
118.61,0.0095062498057335,-0.00867221016768835,-25.135661845974223
118.62,0.0094199572613521,-0.008586356352491666,-24.16046761434688
118.63,0.0093345214998016,-0.008500855661975028,-22.91997720146837
118.64,0.0092499388710982,-0.008415739382409162,-22.16218329103919
118.65,0.0091662053631393,-0.008331029067434203,-21.94422723349446
118.66,0.0090833168939428,-0.008246736496324118,-21.169739199466143
118.67,0.0090012691706505,-0.00816288214285996,-20.111839217805976
118.68,0.0089200577107467,-0.008079490785149138,-19.379587200787977
118.69,0.0088396777547137,-0.007996580643381684,-19.156019125512866
118.7,0.0087601244606663,-0.007914161070927557,-18.566518558033515
118.71,0.0086813928472131,-0.007832246704606591,-17.634390269103434
118.72,0.0086034777792532,-0.007750857147961682,-16.919906008356627
118.73,0.0085263739079617,-0.007670007578584202,-16.721733569888414
118.74,0.0084500758044105,-0.0075897046386716495,-16.279136350365892
118.75,0.0083745779579016,-0.007509958196319124,-15.436654922044916
118.76,0.008299874735413,-0.007430783671221704,-14.719204051117677
118.77,0.00822596033954,-0.00735219372838998,-14.555983322161202
118.78,0.0081528288980643,-0.0072741924359074825,-14.243676405361803
118.79,0.0080804745065188,-0.007196785633263346,-13.441007446024962
118.8,0.0080088911635523,-0.007119985649983295,-12.700104254352134
118.81,0.0079380727394356,-0.007043803098135919,-12.62271032771998
118.82,0.0078680130393967,-0.006968239092185885,-12.390322307909393
118.83,0.0077987058850503,-0.006893296289217412,-11.89988288044086
118.84,0.0077301450195322,-0.006818980998865822,-10.808419841589265
118.85,0.0076623241352257,-0.006745306195669992,-10.63879722272576
118.86,0.0075952367606638,-0.006672272549105052,-10.873178354073344
118.87,0.0075288765575835,-0.0065998756407516755,-10.200560766561553
118.88,0.0074632371042872,-0.006528121633919989,-9.501850311339046
118.89,0.0073983119611031,-0.006457017159154101,-8.889393811819023
118.9,0.007334094584891,-0.006386566669054989,-9.055068939019906
118.91,0.0072705784615124,-0.006316765558045831,-8.777543039256628
118.92,0.0072077571078482,-0.00624761378192585,-8.293611109401878
118.93,0.0071456240117262,-0.006179113899055003,-7.40935554801718
118.94,0.0070841726404325,-0.006111271981923268,-7.3387413765295175
118.95,0.0070233963900734,-0.006044085002689162,-7.487496570745138
118.96,0.0069632887724566,-0.005977547557988296,-6.953013831210523
118.97,0.0069038432682417,-0.005911661087706664,-6.2558020113286235
118.98,0.0068450533727375,-0.0058464285572558915,-5.891030531295486
118.99,0.0067869125228454,-0.005781848963859984,-6.076115812174909
119.0,0.0067294142361569,-0.005717916008491654,-5.7047223687961335
119.01,0.0066725520512601,-0.005654628316609162,-5.300624960720952
119.02,0.0066163195210741,-0.005591985094820887,-4.6187755779436594
119.03,0.0065607102001761,-0.005529987404187517,-4.620866002917407
119.04,0.0065057176388634,-0.005468630046234154,-4.6649418362770305
119.05,0.006451335482077,-0.005407907353160029,-4.298582165614127
119.06,0.0063975573818294,-0.0053478172851149875,-3.518383491582817
119.07,0.0063443770262833,-0.0052883609295741206,-3.3548744375853894
119.08,0.0062917880667276,-0.005229533963525823,-3.6388686921054374
119.09,0.0062397842728115,-0.005171328601898407,-3.1632883346268876
119.1,0.0061883594296781,-0.005113742732114187,-2.803980232849908
119.11,0.0061375073621151,-0.0050567736486324755,-2.267136756314882
119.12,0.0060872219090101,-0.005000419432980014,-2.3495462778135106
119.13,0.0060374969453034,-0.004944673603121696,-2.319835222399596
119.14,0.0059883264271421,-0.004889530405767449,-2.0051469776785957
119.15,0.0059397043395457,-0.0048349862609642046,-1.3410540616697801
119.16,0.0058916247116406,-0.004781039722775025,-1.2715740006031049
119.17,0.0058440815726071,-0.004727685163255798,-1.494212355242846
119.18,0.0057970690583663,-0.0046749151364500014,-1.082105432055607
119.19,0.005750581332942,-0.004622726163821641,-0.7232170905274339
119.2,0.0057046126106938,-0.004571114594448372,-0.37069085867267026
119.21,0.0056591571308857,-0.004520076417069982,-0.49102389888182946
119.22,0.0056142091932497,-0.0044696048294607564,-0.3764415829880997
119.23,0.0055697631634376,-0.00441969435463754,-0.15105109113134865
119.24,0.0055258134506443,-0.004370340356174237,0.40590413239352463
119.25,0.005482354512599,-0.004321539849364949,0.41919878175921316
119.26,0.0054393808292818,-0.0042732867910574976,0.2210321554735854
119.27,0.0053968869744614,-0.004225574097335821,0.5484946254130081
119.28,0.0053548675604704,-0.00417839742447414,0.8585334077692047
119.29,0.0053133172537881,-0.004131752473535007,1.144705539242042
119.3,0.0052722307548323,-0.004085634625219979,0.9931813432195944
119.31,0.0052316028261808,-0.00404003718773247,1.0735017923105694
119.32,0.0051914282946384,-0.003994954572500865,1.2511873191962164
119.33,0.0051517020347648,-0.003950381826281657,1.696865322409153
119.34,0.0051124189722044,-0.0039063151097199775,1.6800684276250166
119.35,0.0050735740658626,-0.0038627484920491775,1.4886996921997309
119.36,0.0050351623565872,-0.003819675375526679,1.741824996020879
119.37,0.0049971789288731,-0.0037770910800475383,1.9641081368188553
119.38,0.0049596189213516,-0.0037349909183882874,2.157362157272733
119.39,0.0049224775135835,-0.003693369986503296,2.0138988949972374
119.4,0.004885749944477,-0.00365222211466501,2.056032250490347
119.41,0.0048494315122567,-0.0036115418836483483,2.164556156905157
119.42,0.004813517564497,-0.0035713242704033528,2.4647921606286896
119.43,0.0047780034997813,-0.0035315649295433564,2.4180418549840677
119.44,0.0047428847571222,-0.003492258270753307,2.243468217040981
119.45,0.0047081568448035,-0.003453398338216679,2.389570422469787
119.46,0.004673815317165,-0.0034149803406816944,2.525489057450125
119.47,0.0046398557807097,-0.003376999554619204,2.625031755929039
119.48,0.0046062738852536,-0.003339451107471636,2.460088054383682
119.49,0.0045730653360666,-0.003302329348773333,2.444778230363631
119.5,0.0045402258929168,-0.0032656291512158935,2.473974625642466
119.51,0.0045077513638681,-0.003229345651646613,2.6636853460113206
119.52,0.0044756376058115,-0.0031934744753108245,2.5552916466007876
119.53,0.0044438805174218,-0.0031580104069691903,2.3445393486966815
119.54,0.0044124760583837,-0.003122948024250811,2.4052238613460726
119.55,0.004381420233282,-0.0030882827292599965,2.4143051806815197
119.56,0.0043507090956032,-0.0030540098906341865,2.44868910479738
119.57,0.004320338742689,-0.0030201249494041845,2.249902721438612
119.58,0.0042903053205158,-0.0029866228083874915,2.1284853616172428
119.59,0.0042606050265113,-0.0029534986317558414,2.057005903893751
119.6,0.0042312341031881,-0.00292074781870583,2.1192376097515373
119.61,0.0042021888398781,-0.0028883661387674826,1.9694660282595458
119.62,0.0041734655656949,-0.002856348898687505,1.6915666424196936
119.63,0.0041450606632178,-0.002824691193595817,1.6496430781288545
119.64,0.0041169705577482,-0.0027933887139924988,1.5055285350881487
119.65,0.004089191719536,-0.002762437032325821,1.446702190579755
119.66,0.0040617206619196,-0.0027318319394658355,1.2147337062058792
119.67,0.0040345539404681,-0.0027015689250075373,0.9649915572031444
119.68,0.0040076881579409,-0.002671643516601648,0.8161898049810533
119.69,0.0039811199587073,-0.0026420515252491734,0.6587765285818535
119.7,0.0039548460298254,-0.0026127888217350216,0.45401640671852217
119.71,0.003928863098574,-0.002583851238193307,0.15640688207823616
119.72,0.0039031679354827,-0.002555234505068328,-0.07805188447247244
119.73,0.0038777573525489,-0.002526934538491685,-0.33219521889778614
119.74,0.0038526282022328,-0.0024989473023024904,-0.5627482283179147
119.75,0.0038277773771938,-0.0024712688649641485,-0.8695104283763967
119.76,0.0038032018089182,-0.0024438952290358478,-1.2128255758180904
119.77,0.0037788984698278,-0.0024168224088208508,-1.506436422369357
119.78,0.0037548643707891,-0.002390046570228336,-1.8429489412119584
119.79,0.0037310965612195,-0.002363563885355853,-2.1894730076751197
119.8,0.0037075921284792,-0.0023373705764791444,-2.5665276040780984
119.81,0.0036843481975913,-0.0023114628890208255,-2.955844588844114
119.82,0.003661361930941,-0.002285837120198342,-3.3533271261690456
119.83,0.0036386305275964,-0.0022604896240133576,-3.78703609940085
119.84,0.0036161512229438,-0.002235416773219171,-4.224689141278333
119.85,0.0035939212884953,-0.0022106150048733096,-4.673073980303226
119.86,0.0035719380309185,-0.0021860808099841704,-5.155894463156865
119.87,0.0035501987919788,-0.002161810702516699,-5.646300597164867
119.88,0.0035287009480099,-0.0021378012506400026,-6.198163870708267
119.89,0.0035074419095285,-0.0021140490154008423,-6.722484785544352
119.9,0.0034864191213929,-0.0020905506629891784,-7.248741948685916
119.91,0.0034656300608909,-0.0020673029237616475,-7.843460192519942
119.92,0.0034450722384678,-0.002044302512684991,-8.438223959603567
119.93,0.0034247431969791,-0.002021546202135868,-9.147882984745866
119.94,0.0034046405116207,-0.0019990307080800245,-9.751731584480515
119.95,0.0033847617903704,-0.001976752937475829,-10.350792298206398
119.96,0.0033651046705678,-0.0019547098662699904,-11.085543827129714
119.97,0.003345666821053,-0.001932898386729983,-11.816016766774917
119.98,0.0033264459410339,-0.0019113154487700123,-12.672165045100765
119.99,0.0033074397605068,-0.0018899579517691568,-13.363936731893574
120.0,0.0032886460400506,-0.0018688230319625057,-14.080147487085712
120.01,0.0032700625673989,-0.0018479078634891669,-14.953919375815799
120.02,0.0032516871600062,-0.0018272095246958274,-15.854697504647916
120.03,0.0032335176637703,-0.0018067251221991752,-16.84212102655442
120.04,0.0032155519539853,-0.0017864517619791786,-17.638532049042173
120.05,0.0031977879338956,-0.001766386791265842,-18.520500954497855
120.06,0.0031802235324461,-0.0017465275424658343,-19.5336126285147
120.07,0.0031628567064086,-0.0017268712853425023,-20.622408619706682
120.08,0.0031456854391852,-0.0017074152830216715,-21.724228364299986
120.09,0.0031287077420495,-0.0016881568644708455,-22.659331370210225
120.1,0.0031119216515359,-0.0016690935584716881,-23.747612204810572
120.11,0.0030953252289507,-0.0016502228322699958,-24.89186635275147
120.12,0.0030789165614114,-0.0016315421557249864,-26.202630648521954
120.13,0.0030626937609259,-0.0016130489333924993,-27.432140734947527
120.14,0.0030466549660245,-0.0015947407044450254,-28.510952780363688
120.15,0.0030307983378626,-0.0015766151786091936,-29.83405307133765
120.16,0.0030151220614384,-0.001558669951824969,-31.06559764533779
120.17,0.0029996243456702,-0.0015409027094249706,-32.949766255838
120.18,0.0029843034227043,-0.0015233107659316705,-34.18905435632416
120.19,0.0029691575531208,-0.0015058919591625156,-35.120263706459404
120.2,0.002954185012955,-0.0014886443789424821,-36.92327449593984
120.21,0.0029393841027753,-0.001471565604608334,-38.41016043356589
120.22,0.0029247531454134,-0.0014546534570408567,-39.88147710405531
120.23,0.002910290485341,-0.0014379058230225023,-41.71837217097402
120.24,0.0028959944883255,-0.0014213203958949926,-44.121212172739625
120.25,0.0028818635448348,-0.0014048946339375184,-45.105528653486424
120.26,0.0028678960688712,-0.001388626912864966,-46.33753114738942
120.27,0.0028540904857791,-0.0013725155028958226,-48.71472430743727
120.28,0.0028404452454237,-0.001356558068890003,-50.46051673348007
120.29,0.0028269588176023,-0.0013407526692258169,-52.07709575051798
120.3,0.0028136296917236,-0.001325097452976695,-55.3942446075745
120.31,0.0028004563764854,-0.0013095897446783198,-57.24413673934748
120.32,0.0027874374108457,-0.001294227751054133,-57.905625497715704
120.33,0.0027745713399405,-0.0012790103296516822,-60.69476922349139
120.34,0.0027618567294909,-0.0012639353163450035,-62.98602008145991
120.35,0.0027492921652052,-0.0012490008076649938,-65.11319547049042
120.36,0.0027368762509247,-0.0012342050440058492,-67.5805073625367
120.37,0.0027246076083307,-0.0012195461233149947,-71.28324370498832
120.38,0.0027124848797756,-0.0012050216747408102,-72.7740211383903
120.39,0.0027005067308102,-0.0011906304276758381,-74.29476908666751
120.4,0.0026886718317296,-0.0011763711286500252,-77.86462732130438
120.41,0.0026769788752838,-0.0011622416661274725,-80.36031695200651
120.42,0.0026654265710024,-0.001148240420554987,-82.84739456689552
120.43,0.0026540136449279,-0.001134365818895841,-86.80928712204305
120.44,0.002642738839349,-0.0011206157371491713,-89.82047499900808
120.45,0.0026316009203241,-0.001106988538885,-91.43863229062438
120.46,0.0026205986626299,-0.001093483195785817,-94.83422043569729
120.47,0.0026097308558413,-0.001080098026741673,-98.23928801346075
120.48,0.0025989963069809,-0.0010668313717641447,-101.33344889976027
120.49,0.0025883938383411,-0.001053681745703328,-104.6051805585818
120.5,0.00257792228724,-0.001040647618805859,-109.52644351053094
120.51,0.0025675805073985,-0.0010277269512341568,-112.12389918377097
120.52,0.0025573673736968,-0.0010149186213916418,-114.46301703076108
120.53,0.0025472817641436,-0.0010022216312808533,-119.23464961736572
120.54,0.0025373225757678,-0.0009896341895033424,-122.81890583172219
120.55,0.0025274887197202,-0.0009771549340033458,-126.44333862739424
120.56,0.00251777912105,-0.0009647825368016733,-131.48696660152638
120.57,0.0025081927184816,-0.0009525152545866773,-136.0264051024438
120.58,0.0024987284702752,-0.0009403516002024913,-138.74821479971934
120.59,0.0024893853440722,-0.0009282907180466378,-143.0903824881768
120.6,0.0024801623177991,-0.0009163312921050258,-148.00672203218727
120.61,0.0024710583848384,-0.0009044718605541508,-152.39861444365567
120.62,0.0024620725514574,-0.0008927111713083274,-156.80608279707937
120.63,0.0024532038366051,-0.000881047987025863,-163.61100273098592
120.64,0.0024444512724897,-0.000869480462194144,-167.54602666131865
120.65,0.0024358139115399,-0.0008580076561582995,-170.8466701587468
120.66,0.0024272908063991,-0.0008466288382766936,-177.4294092472894
120.67,0.0024188810266193,-0.0008353424241908465,-182.47722208392898
120.68,0.0024105836537181,-0.0008241472662058089,-187.68538419718627
120.69,0.0024023977809948,-0.0008130422310766653,-194.10946799103436
120.7,0.0023943225133478,-0.0008020259075900096,-200.6174756388396
120.71,0.0023863569713861,-0.0007910969489541785,-205.0245850218075
120.72,0.0023785002857593,-0.0007802546028475007,-210.7133871106942
120.73,0.0023707515941613,-0.0007694978397183442,-217.58443990504182
120.74,0.0023631100478911,-0.000758825375306684,-223.7567193938185
120.75,0.0023555748092067,-0.0007482361431908119,-229.79110706507913
120.76,0.0023481450511593,-0.0007377291335666419,-238.6832150357322
120.77,0.0023408199574898,-0.0007273027452441783,-244.59913964979833
120.78,0.0023335987301839,-0.0007169561469341808,-249.5915502147625
120.79,0.0023264805708328,-0.0007066887524583357,-258.2885941968928
120.8,0.0023194646955354,-0.0006964992006908441,-265.35018949121064
120.81,0.0023125503305968,-0.0006863865130816415,-272.5939627446597
120.82,0.0023057367123788,-0.0006763497269533365,-281.25220569976585
120.83,0.0022990230871498,-0.0006663876109008471,-290.56622021444326
120.84,0.0022924087151938,-0.0006564988897849956,-296.4059042068348
120.85,0.0022858928664249,-0.0006466830779250084,-303.8076174836483
120.86,0.0022794748133538,-0.0006369394066625027,-313.62233025711527
120.87,0.0022731538417808,-0.0006272666545191746,-321.98251267126625
120.88,0.0022669292468405,-0.0006176639269141555,-330.8024864818179
120.89,0.0022608003328608,-0.0006081303114866443,-339.5143987880619
120.9,0.0022547664132235,-0.0005986649490225019,-349.60128371459484
120.91,0.0022488268102232,-0.0005892667250016777,-362.7619931359867
120.92,0.0022429808596224,-0.0005799340621541768,-368.8344119859836
120.93,0.0022372279110522,-0.0005706667949658256,-376.0181284878205
120.94,0.002231567307314,-0.0005614645781633134,-389.265149280528
120.95,0.0022259984071519,-0.0005523259993175073,-399.0603993313219
120.96,0.0022205205777996,-0.0005432502767941594,-409.63690601323856
120.97,0.0022151331948551,-0.0005342365804575084,-420.22662673664297
120.98,0.0022098356421549,-0.0005252841180883346,-431.27381174727935
120.99,0.0022046273116492,-0.0005163920010166588,-448.40414955663164
121.0,0.002199507606323,-0.0005075584191275073,-455.8863318831549
121.01,0.0021944759483219,-0.0004987833058924784,-462.9320901856655
121.02,0.0021895317458318,-0.000490066685958346,-479.5633812602369
121.03,0.0021846744244267,-0.0004814070379899909,-491.078059280808
121.04,0.0021799034174764,-0.0004728036668874999,-503.62931477743507
121.05,0.0021752181660375,-0.00046425580941335297,-516.3717176857201
121.06,0.0021706181187447,-0.00045576271999832243,-528.5319455197724
121.07,0.0021661027317027,-0.00044732372410416184,-548.2359573657362
121.08,0.0021616714691978,-0.00043893705714502317,-558.4426033821727
121.09,0.0021573238165548,-0.00043060255187997833,-566.7832998610932
121.1,0.0021530592444189,-0.0004223203512075134,-585.6755138766712
121.11,0.0021488772396971,-0.00041408902417333654,-599.2456404040752
121.12,0.0021447772964811,-0.00040590793186749067,-613.8784625945134
121.13,0.0021407589159532,-0.00039777636994918356,-628.7648893222812
121.14,0.0021368216062918,-0.00038969364354998314,-642.9232538885534
121.15,0.0021329648825766,-0.00038165916003582033,-663.354973391664
121.16,0.0021291882666943,-0.00037367146464917483,-677.0856682789047
121.17,0.0021254912983775,-0.00036573019074332715,-688.2686094690297
121.18,0.0021218735084569,-0.0003578353782116552,-707.7670399246589
121.19,0.0021183344395666,-0.00034998589583919507,-723.9041452727045
121.2,0.0021148736415925,-0.00034218109114082784,-740.4958880270949
121.21,0.002111490670963,-0.00033442031928330703,-757.3787150092857
121.22,0.002108185090565,-0.00032670293858417545,-773.7668171312854
121.23,0.0021049564696606,-0.0003190283828208397,-794.6656440498432
121.24,0.0021018043838034,-0.0003113954790708347,-811.6660304262666
121.25,0.0020987284228087,-0.0003038036967733619,-825.546753636648
121.26,0.0020957281732383,-0.00029625299458333994,-845.2280722421897
121.27,0.0020928032287526,-0.0002887425330091524,-863.8499315844347
121.28,0.0020899531907046,-0.0002812716192058426,-882.0731878632854
121.29,0.0020871776665002,-0.00027383966464915804,-900.6217938840631
121.3,0.0020844762695238,-0.00026644607519999444,-918.7802096810315
121.31,0.0020818486190641,-0.0002590903168033323,-940.2129864112142
121.32,0.0020792943402398,-0.0002517713970841924,-959.7113938525924
121.33,0.0020768130702446,-0.0002444886686108318,-975.435901319512
121.34,0.0020744044466179,-0.00023724207999165558,-995.2002470383931
121.35,0.0020720681103222,-0.00023003100655333996,-1015.5786889143428
121.36,0.0020698037104596,-0.00022285471984915487,-1034.8162241212062
121.37,0.0020676109017646,-0.00021571268024082272,-1054.351913279019
121.38,0.002065489344539,-0.0002086043342841968,-1073.4409815147296
121.39,0.0020634387045863,-0.0002015291865366651,-1095.201548110036
121.4,0.0020614586531473,-0.00019448631097748748,-1116.2537017832803
121.41,0.0020595488730154,-0.00018747493497332503,-1132.0426769340738
121.42,0.0020577090492891,-0.00018049516759084688,-1151.200094479872
121.43,0.0020559388659175,-0.00017354657731417315,-1172.5642396311703
121.44,0.002054238016475,-0.00016662833038580868,-1191.6984838644864
121.45,0.0020526061997803,-0.00015973994132249973,-1211.0855277113808
121.46,0.0020510431198378,-0.00015288089450000235,-1230.3392608086658
121.47,0.0020495484857786,-0.0001460506802058367,-1249.4966762043405
121.48,0.0020481220118014,-0.00013924879461500093,-1267.424905746341
121.49,0.0020467634171138,-0.0001324748762766627,-1291.7565156536552
121.5,0.0020454724258732,-0.00012572727074085807,-1307.566050083058
121.51,0.0020442487835062,-0.00011900606494166395,-1320.9987449350756
121.52,0.0020430922154295,-0.00011231181430832165,-1342.9764379926733
121.53,0.0020420024613572,-0.0001056432436950075,-1360.2567564446151
121.54,0.0020409792663982,-9.899991523832575e-05,-1377.684128859755
121.55,0.0020400223804992,-9.238135190999265e-05,-1394.765237864303
121.56,0.0020391315583941,-8.578707750249799e-05,-1411.4791748968562
121.57,0.0020383065595536,-7.921662091583453e-05,-1427.5670574849023
121.58,0.0020375471481337,-7.266956570834899e-05,-1444.2848546569749
121.59,0.0020368530929259,-6.614512174499772e-05,-1461.2270160343762
121.6,0.0020362241732575,-5.964224251917829e-05,-1473.8817651678778
121.61,0.0020356601751534,-5.316128441082641e-05,-1487.3777044825672
121.62,0.002035160875056,-4.670219814998979e-05,-1502.6751443969272
121.63,0.0020347260614432,-4.0263973409187765e-05,-1515.742893494665
121.64,0.0020343555273539,-3.384621813748868e-05,-1528.4732330256793
121.65,0.0020340490703457,-2.744848258498002e-05,-1540.5849227721715
121.66,0.0020338064924525,-2.107032123834877e-05,-1552.0692323960222
121.67,0.0020336276001422,-1.4711292803342633e-05,-1562.8545688674735
121.68,0.0020335122042745,-8.371051979151814e-06,-1573.1870819957423
121.69,0.0020334601200581,-2.048405464155605e-06,-1582.4365272031155
121.7,0.0020334711780172,4.25686835499505e-06,-1591.113542311787
121.71,0.0020335451987395,1.0544401320813595e-05,-1599.149252045603
121.72,0.0020336820095231,1.6814998341664382e-05,-1606.3499551419864
121.73,0.0020338814439468,2.3069184425817773e-05,-1612.8415786666994
121.74,0.0020341433398746,2.9307370000854004e-05,-1618.5539645948381
121.75,0.0020344675394204,3.552997824335293e-05,-1623.486112385898
121.76,0.0020348538889118,4.173742878082005e-05,-1627.6985091125305
121.77,0.0020353022388552,4.7930118109983304e-05,-1630.9376920648083
121.78,0.0020358124438993,5.410855266082818e-05,-1631.8320966615208
121.79,0.0020363843651472,6.027368131999812e-05,-1634.8647873663872
121.8,0.0020370178729285,6.642542585168481e-05,-1637.0913790346556
121.81,0.0020377128293304,7.256376755416334e-05,-1635.7261754284914
121.82,0.0020384691062627,7.868955230666697e-05,-1635.2586315514172
121.83,0.0020392865797143,8.480313889250765e-05,-1633.7281711420292
121.84,0.0020401651297229,9.090493068918315e-05,-1631.4162228634327
121.85,0.0020411046403449,9.699532803416064e-05,-1628.2988105369009
121.86,0.0020421049996248,0.0001030747282483316,-1624.8894650520258
121.87,0.0020431660995654,0.00010914347222501436,-1617.8591086422505
121.88,0.0020442878360971,0.00011520237671916254,-1612.1218067424609
121.89,0.0020454701154563,0.00012125185698665919,-1609.14200061717
121.9,0.0020467128415457,0.00012729175722916639,-1601.597643478051
121.91,0.0020480159203158,0.00013332255665000399,-1592.985999580682
121.92,0.0020493792641056,0.00013934480523000828,-1584.8453133010073
121.93,0.0020508027891375,0.0001453588693666696,-1575.8210381050162
121.94,0.0020522864154917,0.00015136513355583388,-1566.1494390898208
121.95,0.0020538300670806,0.0001573639797608278,-1555.8981244642714
121.96,0.0020554336716237,0.00016335578037915627,-1545.4841440534044
121.97,0.0020570971606222,0.00016934089751251993,-1528.603612692354
121.98,0.002058820470179,0.0001753203165849911,-1519.8804200365137
121.99,0.0020606035478215,0.0001812940110716576,-1511.6323635062502
122.0,0.0020624463312279,0.00018726184043001918,-1494.2143057418084
122.01,0.0020643487676848,0.0001932246351399737,-1481.2157484394563
122.02,0.0020663108082338,0.00019918272112334827,-1467.0238139856697
122.03,0.0020683324076519,0.0002051364708449948,-1452.4233066949032
122.04,0.0020704135244299,0.00021108625466581673,-1437.3709025051385
122.05,0.0020725541207522,0.00021703244092834863,-1422.8151796587822
122.06,0.0020747541624763,0.00022297534268749295,-1403.0106448169533
122.07,0.0020770136191117,0.00022891572798918106,-1384.4703902163478
122.08,0.0020793324701834,0.00023485416544918018,-1375.3707956022565
122.09,0.0020817106950503,0.00024079032089498577,-1359.2032713006008
122.1,0.0020841482701312,0.00024672448059833845,-1338.6210112772242
122.11,0.0020866451801867,0.0002526573370825085,-1322.0324972669646
122.12,0.0020892014136028,0.0002585892128474979,-1304.5432124055717
122.13,0.0020918169623732,0.00026452046777416377,-1286.9007427370111
122.14,0.0020944918220815,0.0002704514599583217,-1269.099036524788
122.15,0.0020972259918834,0.0002763825457491523,-1251.162061942772
122.16,0.0021000194744894,0.0002823140797091864,-1232.9958502527609
122.17,0.0021028722761465,0.00028824641463834593,-1217.4630514463167
122.18,0.0021057844066212,0.00029417976531498504,-1184.9876711364393
122.19,0.0021087558791812,0.0003001156326033298,-1172.5262307145688
122.2,0.0021117867269292,0.0003060538799941662,-1168.2098173251045
122.21,0.0021148769626981,0.0003119936858158357,-1140.6501331747743
122.22,0.0021180266091571,0.0003179360976791861,-1121.8993622072235
122.23,0.0021212356947065,0.00032388154445582573,-1103.7890280519362
122.24,0.0021245042512749,0.0003298303600583434,-1085.4198190226823
122.25,0.0021278323143058,0.00033578289532417175,-1067.121747027734
122.26,0.0021312199227445,0.0003417394997441537,-1048.8941485467983
122.27,0.0021346671190244,0.00034770052150250567,-1030.725633009341
122.28,0.0021381739490544,0.00035366630743916374,-1013.1474581490918
122.29,0.0021417404622047,0.0003596371735491625,-994.8516148975768
122.3,0.0021453667112942,0.0003656135719449923,-962.3386750085692
122.31,0.0021490527561169,0.0003715969628725204,-957.2616482767933
122.32,0.0021527986717186,0.00037758669881917306,-950.9193420635722
122.33,0.0021566045100552,0.0003835822017241486,-920.9252025904459
122.34,0.0021604703389423,0.0003895847644291706,-905.6842610360465
122.35,0.0021643962296996,0.0003955946340200072,-888.4360383729132
122.36,0.0021683822571423,0.0004016121596333395,-871.4568636511908
122.37,0.0021724284995728,0.00040763768955000095,-854.6646223154313
122.38,0.0021765350387719,0.0004136715711858303,-838.0656574342972
122.39,0.0021807019599904,0.00041971415112915635,-821.6012051024328
122.4,0.0021849293519408,0.0004257657751116654,-806.80666507996
122.41,0.0021892173067885,0.0004318267143150022,-784.2014118982645
122.42,0.0021935659201433,0.00043789786939833997,-764.3892591220663
122.43,0.0021979752998926,0.0004439798929808376,-760.8842086701612
122.44,0.0022024455524458,0.00045007215169583226,-746.5083358076962
122.45,0.0022069767780508,0.00045617486710334475,-725.4663810520136
122.46,0.0022115690872054,0.00046228886398001887,-711.5684110213233
122.47,0.002216222593917,0.0004684144369099997,-696.7770684713819
122.48,0.0022209374156978,0.0004745519361716476,-682.2633501459408
122.49,0.0022257136735608,0.00048070171161666755,-667.9814491748816
122.5,0.0022305514920152,0.0004868641126533549,-653.9322224804158
122.51,0.0022354509990622,0.000493039488265818,-640.0263634413794
122.52,0.0022404123261906,0.0004992281869716763,-628.461935643524
122.53,0.0022454356083721,0.0005054304485058329,-604.1668681317673
122.54,0.0022505209840578,0.0005116475350616577,-595.4853445471571
122.55,0.0022556686081791,0.0005178794219516647,-593.3093264656279
122.56,0.0022608786204392,0.0005241255194849821,-573.7681304655551
122.57,0.0022661511687891,0.0005303867222574944,-560.9169301815398
122.58,0.0022714864065996,0.0005366634551983218,-548.8883464200485
122.59,0.0022768844907914,0.0005429560576516857,-536.8465676222286
122.6,0.0022823455818338,0.0005492648844666751,-525.0438764653702
122.61,0.0022878698437445,0.0005555902904275007,-513.4668159690532
122.62,0.0022934574440884,0.0005619326302158328,-502.09772521130424
122.63,0.0022991085539769,0.000568292258443331,-491.2325120219919
122.64,0.0023048233480671,0.0005746695095208294,-480.198846939276
122.65,0.0023106020045609,0.0005810648056733467,-460.5223597257358
122.66,0.0023164447076179,0.0005874793132383271,-457.6647115538937
122.67,0.0023223516537025,0.0005939126819733298,-454.202321047733
122.68,0.0023283230236113,0.0006003645960891705,-436.5489787221545
122.69,0.0023343590106713,0.0006068360984741617,-427.8896586128551
122.7,0.0023404598118376,0.000613327477864992,-418.1297280182828
122.71,0.002346625627696,0.0006198390974291654,-408.6243994177998
122.72,0.0023528566624651,0.000626371320626689,-399.31796762056365
122.73,0.0023591531239998,0.0006329245111625021,-390.20766167712793
122.74,0.0023655152237928,0.0006394990329858436,-381.2474390364686
122.75,0.0023719431769781,0.0006460952503424674,-373.4302548631604
122.76,0.0023784372023332,0.0006527134657833121,-360.6216408798243
122.77,0.0023849975222819,0.0006593545096241921,-349.49717550796163
122.78,0.0023916243703292,0.0006660190274116869,-349.23888863731804
122.79,0.0023983179797912,0.0006727065518933369,-341.9973811183815
122.8,0.0024050785791182,0.0006794173299058371,-330.22465857351926
122.81,0.0024119064063667,0.0006861521498758318,-323.2341535378483
122.82,0.0024188017033445,0.0006929113383808338,-315.6701262946652
122.83,0.0024257647156165,0.0006996952714341373,-308.303311634562
122.84,0.0024327956925109,0.0007065043257025061,-301.10005211118755
122.85,0.0024398948871258,0.0007133388784450223,-294.0573937228348
122.86,0.0024470625563346,0.0007201993075199919,-287.08404718175655
122.87,0.0024542989607927,0.0007270859914458013,-282.30877135059245
122.88,0.0024616043649437,0.0007339991646808412,-265.08446056489373
122.89,0.0024689790370251,0.0007409404332233418,-263.3044248629436
122.9,0.0024764232664321,0.0007479096390749925,-267.57472422433943
122.91,0.0024839373207131,0.0007549058795874814,-254.56999312293416
122.92,0.0024915214777587,0.0007619302941916684,-248.10448451809197
122.93,0.0024991760220874,0.0007689833785491673,-242.44529948861617
122.94,0.0025069012421235,0.0007760655009033226,-236.66683931387746
122.95,0.0025146974302056,0.0007831770531525259,-231.03385547713785
122.96,0.0025225648825959,0.0007903184280591659,-225.5307478134512
122.97,0.0025305038994883,0.0007974900192699609,-220.15467231160517
122.98,0.002538514785018,0.0008046922213483184,-214.9037318808097
122.99,0.00254659784727,0.0008119254296958536,-209.73710991642793
123.0,0.0025547533982877,0.000819190040629978,-205.47923628611332
123.01,0.0025629817540824,0.0008264863793800247,-197.97030225078012
123.02,0.0025712832346416,0.0008338152868441562,-184.29485912492507
123.03,0.0025796581725756,0.0008411783492649971,-191.03952180463008
123.04,0.002588106911812,0.0008485743927866708,-192.47432658832696
123.05,0.0025966297695338,0.0008560029097149941,-179.18320008808274
123.06,0.0026052270831728,0.0008634655107633455,-176.30157920912654
123.07,0.0026138991942962,0.000870962475741671,-171.95148761855518
123.08,0.0026226464486196,0.000878494220096666,-167.7674432471506
123.09,0.0026314691960192,0.0008860611605600079,-163.68238909490213
123.1,0.0026403677905452,0.0008936637151308246,-159.6942124584332
123.11,0.0026493425904338,0.0009013023030808443,-155.8006315468387
123.12,0.0026583939581207,0.0009089773449875068,-152.00011109966968
123.13,0.0026675222602535,0.000916689262665009,-148.19268902443008
123.14,0.0026767278677043,0.0009244384792183409,-146.7323788243486
123.15,0.0026860111555828,0.0009322251978591795,-131.61853770355194
123.16,0.0026953725032489,0.0009400516953374976,-132.02251199776936
123.17,0.0027048123208672,0.0009479177846291359,-141.19251818481027
123.18,0.002714330986539,0.0009558217965424832,-131.37912295464133
123.19,0.0027239288877481,0.0009637651345941578,-126.61372033761556
123.2,0.002733606422711,0.0009717485689083441,-123.87881792796401
123.21,0.0027433639940919,0.0009797724926233565,-120.7613952814246
123.22,0.0027532020090204,0.0009878373531333274,-117.73999416305548
123.23,0.0027631208791085,0.0009959435995350026,-114.79143383591419
123.24,0.0027731210204678,0.0010040916826566965,-111.91406664344345
123.25,0.0027832028537269,0.0010122820550724839,-109.10654596204971
123.26,0.0027933668040488,0.0010205151710675022,-106.3426871236565
123.27,0.0028036133011478,0.0010287914866391585,-104.13991616697362
123.28,0.0028139427793069,0.001037111393652505,-100.31412562078441
123.29,0.002824355677395,0.0010454756972141746,-89.19093769955197
123.3,0.0028348524467881,0.0010538864626799885,-95.9218153399244
123.31,0.0028454335573317,0.0010623423803941563,-99.67772373018525
123.32,0.0028560994432789,0.0010708426263483176,-89.34922607603242
123.33,0.0028668505636741,0.0010793891833141488,-88.34961650206942
123.34,0.0028776873823655,0.0010879823660125119,-86.0099788248887
123.35,0.0028886103680268,0.0010966226580833545,-83.78376141849058
123.36,0.002899619994179,0.0011053105453416923,-81.61217309041592
123.37,0.0029107167392121,0.0011140465157783292,-79.49406757517008
123.38,0.0029219010864069,0.0011228310595525093,-77.42825421756304
123.39,0.0029331735239566,0.0011316646689983178,-75.4135511089071
123.4,0.0029445345449887,0.0011405478386333073,-73.38545975459186
123.41,0.0029559846475867,0.0011494810651341903,-72.86721786891941
123.42,0.0029675243348117,0.0011584646437758424,-63.64812480891157
123.43,0.0029791541147245,0.0011675007535516717,-63.333358180772315
123.44,0.002990874524838,0.0011765895579650034,-70.34228385669697
123.45,0.0030026860773709,0.001185729486835813,-65.18961114366842
123.46,0.0030145892890271,0.001194921745108325,-61.6943134179418
123.47,0.003026584689817,0.001204167333539995,-60.432128065791524
123.48,0.0030386728149938,0.00121346671030001,-58.77931286550458
123.49,0.0030508542050797,0.0012228204036316829,-57.18681888417526
123.5,0.0030631294058927,0.0012322289444074914,-55.63446081876288
123.51,0.0030754989685724,0.0012416928661091796,-54.12122812912463
123.52,0.0030879634496065,0.001251212704860822,-52.646454339993475
123.53,0.003100523410857,0.0012607889993866746,-51.19494609494154
123.54,0.0031131794195862,0.0012704222910650217,-50.042808773945985
123.55,0.0031259320484836,0.0012801130700183208,-48.44560887712904
123.56,0.0031387818756915,0.00128986208536332,-39.59101181817555
123.57,0.0031517294912972,0.0012996718960549985,-45.227306283246
123.58,0.0031647755118514,0.0013095411560833559,-49.63827970928074
123.59,0.0031779205102362,0.0013194687496733092,-41.7787778595234
123.6,0.0031911650884735,0.0013294570266908306,-41.65618111668824
123.61,0.0032045098543132,0.0013395063661441708,-40.415418933610745
123.62,0.0032179554212645,0.0013496173455158325,-39.252654040703085
123.63,0.0032315024086269,0.0013597905453816591,-38.11990993915492
123.64,0.0032451514415212,0.0013700265494466825,-37.0165550379557
123.65,0.003258903150921,0.0013803259445433294,-35.942029089767296
123.66,0.0032727581736837,0.0013906893206099848,-34.8956477122539
123.67,0.0032867171525817,0.001401117270708356,-33.82837608166203
123.68,0.0033007807363336,0.0014116103910066387,-33.89615176972831
123.69,0.0033149495796352,0.0014221690574350153,-27.48184594523831
123.7,0.0033292243431909,0.0014327956795241628,-26.78601431966519
123.71,0.0033436057205479,0.0014434907835491587,-33.14952425377419
123.72,0.0033580943820923,0.0014542525124899965,-30.391787634855984
123.73,0.0033726909968205,0.001465081983962514,-27.427538745564778
123.74,0.0033873962518729,0.0014759805840066627,-26.991196578157233
123.75,0.0034022108407172,0.0014869488484108417,-26.126611580389127
123.76,0.0034171354631851,0.001497987415399156,-25.304374090083012
123.77,0.0034321708255088,0.00150909692686,-24.504237268961564
123.78,0.0034473176403578,0.0015202780283608346,-23.725793976343017
123.79,0.0034625766268756,0.0015315313691266767,-22.968575049520805
123.8,0.0034779485107162,0.001542857602041675,-22.222073493937042
123.81,0.0034934340240808,0.0015542573836541517,-21.655071234362225
123.82,0.0035090339057544,0.0015657313188791682,-21.410747263248176
123.83,0.0035247489011427,0.0015772801265833323,-11.893362557398367
123.84,0.0035405797689459,0.0015889078816350235,-18.617220308102333
123.85,0.0035565273144228,0.0016006123370258577,-24.8759951566166
123.86,0.003572592266199,0.0016123912495666641,-16.603920762250056
123.87,0.0035887753987244,0.0016242482786949786,-17.247443312466064
123.88,0.0036050774934107,0.0016361837984666685,-16.58751883602226
123.89,0.003621499338673,0.0016481985113266653,-15.99888267312827
123.9,0.0036380417299718,0.0016602931238649996,-15.427041229540903
123.91,0.003654705469854,0.0016724683468183495,-14.871559929622606
123.92,0.0036714913679949,0.0016847248951024827,-14.332221977521186
123.93,0.0036884002412396,0.001697063487757479,-13.808576834664207
123.94,0.0037054329136443,0.0017094848479924753,-13.300274061689677
123.95,0.0037225902165183,0.0017219897031925118,-12.801227697272957
123.96,0.0037398729884654,0.0017345787848750205,-12.358890263771276
123.97,0.0037572820754253,0.0017472527890241686,-13.298276670365562
123.98,0.0037748183307153,0.001760012145792502,-1.2931694375377247
123.99,0.0037924826198346,0.0017728630897175309,-9.35738125650279
124.0,0.0038102758862447,0.0017858022417958197,-18.19671632806628
124.01,0.0038281989488944,0.0017988255583249908,-8.157958038815055
124.02,0.0038462526941782,0.0018119384014891752,-9.318803067072912
124.03,0.0038644380163036,0.0018251410576666902,-8.844215154974574
124.04,0.0038827558173396,0.001838434315450002,-8.449334359819973
124.05,0.0039012070072656,0.0018518189683283143,-8.06672453652756
124.06,0.0039197925040202,0.001865295814606658,-7.696043997396005
124.07,0.003938513233549,0.0018788656574491875,-7.3369531508349075
124.08,0.003957370129854,0.0018925293049283484,-6.989324697789321
124.09,0.0039763641350421,0.0019062875699600392,-6.652919036026989
124.1,0.0039954961993736,0.0019201412702982768,-6.327359702944273
124.11,0.0040147672813106,0.0019340912285849654,-5.9149861487309705
124.12,0.0040341783475662,0.0019481382719425174,-7.820634664593302
124.13,0.0040537303731527,0.001962282397784186,4.920726674279811
124.14,0.0040734243414773,0.001976531754195042,-2.9663697136797773
124.15,0.0040932613448653,0.00199088229823831,-12.879517078582285
124.16,0.0041132423107636,0.002005328391283326,-2.5616904255090627
124.17,0.0041333682516545,0.0020198768080699945,-3.922183240037579
124.18,0.0041536401888369,0.0020345277974683374,-3.5839110185601233
124.19,0.0041740591524833,0.0020492822497449846,-3.324330579273628
124.2,0.0041946261816978,0.0020641410608733058,-3.073703109552187
124.21,0.0042153423245723,0.002079105132503331,-2.8316965324446315
124.22,0.0042362086382441,0.002094175372055018,-2.598284518839365
124.23,0.0042572261889533,0.0021093526926225263,-2.373199306401672
124.24,0.0042783960520992,0.0021246380130291623,-2.156243895670677
124.25,0.0042997193122984,0.0021400322578425035,-1.9473451024789956
124.26,0.0043211970634414,0.0021555363573058303,-1.6897417608105503
124.27,0.0043428304087498,0.00217115124740162,-2.75766329302677
124.28,0.0043646204608337,0.0021868772747241604,4.3838703078002945
124.29,0.0043865683417486,0.0022027204916716682,0.8187122842028419
124.3,0.0044086752544649,0.002218679096029993,-5.110643372893283
124.31,0.0044309422987988,0.00223474926151587,0.06347294612802336
124.32,0.0044533706257117,0.0022509355737391785,-0.19840019444977233
124.33,0.0044759614003411,0.0022672389393308453,-0.05251561616879683
124.34,0.0044987157979546,0.00228366034061501,0.12293255363247578
124.35,0.0045216350040223,0.0023002008013725006,0.28900123769378094
124.36,0.0045447202142875,0.0023168613525658003,0.44882496184963916
124.37,0.0045679726348396,0.002333643032365001,0.6024044261125565
124.38,0.0045913934821851,0.002350546886056624,0.7676188383944335
124.39,0.0046149839833193,0.00236757396611918,0.5222432205686429
124.4,0.0046387453757983,0.002384725110871732,2.6652823492577515
124.41,0.0046626789078109,0.0024020031906741533,2.561699324007891
124.42,0.0046867858648133,0.0024194090807999817,0.20499612287956986
124.43,0.0047110675125584,0.0024369415728367093,1.1255886371858337
124.44,0.0047355251240823,0.0024546023759441753,1.8352110013766028
124.45,0.0047601599932225,0.002472393202003328,1.8278573029143514
124.46,0.0047849734250128,0.0024903150938716334,1.948950691796078
124.47,0.004809966735762,0.0025083691830400296,2.059051729511654
124.48,0.0048351412531337,0.00252655660891668,2.164169128260323
124.49,0.0048604983162249,0.0025448785188391483,2.2644183080652214
124.5,0.004886039275646,0.0025633360680975053,2.368802232865559
124.51,0.0049117654935997,0.0025819304198908526,2.2711070020201163
124.52,0.0049376783439604,0.002600662611722484,3.2016679325014827
124.53,0.0049637792123532,0.00261953479457754,4.127121054570055
124.54,0.0049900695122673,0.002638549045951683,2.3590894070501394
124.55,0.0050165506647056,0.002657704556085767,2.0531332370229682
124.56,0.0050432240772654,0.0026770020145799635,3.1695538599213013
124.57,0.0050700911856077,0.002696443786528329,3.0584990834726034
124.58,0.0050971534377345,0.0027160309786032942,3.1364339404303525
124.59,0.005124412294075,0.002735764837810033,3.202263985786113
124.6,0.0051518692275714,0.0027556466197791794,3.264219297698051
124.61,0.0051795257237657,0.002775677588844965,3.3223004826300637
124.62,0.0052073832808866,0.002795859017961657,3.3799069608342647
124.63,0.0052354434099352,0.0028161921887166867,3.3706852117044894
124.64,0.005263707634772,0.002836678332475056,3.5123869448205722
124.65,0.0052921774922029,0.002857319000072484,5.054080159740316
124.66,0.0053208545391312,0.002878117390742478,3.8231967575884407
124.67,0.0053497403648001,0.002899073207348315,2.7686919238465553
124.68,0.0053788365286605,0.002920186275847487,4.021243947532141
124.69,0.0054081446235555,0.002941459478750892,3.869257650765673
124.7,0.0054376662560727,0.0029628940310899824,3.9213141430124114
124.71,0.0054674030466476,0.0029844913227974443,3.961922259923236
124.72,0.0054973566296665,0.0030062527541358224,4.003811894162503
124.73,0.0055275286535702,0.0030281797357175283,3.9496895177639346
124.74,0.0055579207809572,0.0030502736016050007,4.387321955875268
124.75,0.0055885346886871,0.003072536422604151,4.750367568217114
124.76,0.0056193720784091,0.0030949701366608695,4.02033555685161
124.77,0.0056504346624729,0.0031175750630241597,3.9254607384391282
124.78,0.0056817241548443,0.003140352430222506,4.3435404617277475
124.79,0.0057132422926058,0.003163304322592547,4.301315449979398
124.8,0.0057449908278456,0.0031864321779058054,4.329059317293662
124.81,0.0057769715277722,0.0032097375138099363,4.3512895294910106
124.82,0.0058091861748268,0.0032332218593091985,4.375891022295992
124.83,0.0058416365667982,0.003256886754863323,4.288863031891254
124.84,0.0058743245169365,0.003280733638400847,4.853290897568679
124.85,0.0059072518540662,0.0033047650108916885,4.738573036935441
124.86,0.0059404204363627,0.0033289822425158003,4.171845150310173
124.87,0.0059738321209008,0.003353385900400835,4.453405013890476
124.88,0.0060074887825114,0.0033779780124016516,4.53718795725479
124.89,0.0060413923152077,0.003402760364841654,4.527495861870392
124.9,0.0060755446293297,0.003427734571689177,4.536226650157491
124.91,0.0061099476516662,0.003452902283916706,4.542215091016024
124.92,0.0061446033255767,0.0034782651647149855,4.544584237172809
124.93,0.0061795136111137,0.0035038248825482975,4.482150828834877
124.94,0.0062146804851439,0.0035295830647574817,4.980039541198493
124.95,0.006250105942298,0.0035555423860500206,4.719755489349506
124.96,0.0062857920072802,0.0035817040678299975,4.33294713518547
124.97,0.0063217407018781,0.0036080690446275423,4.6749525882364695
124.98,0.0063579540736451,0.00363463972893663,4.622795658416081
124.99,0.0063944341878619,0.003661417832436619,4.630908302240175
125.0,0.0064311831276782,0.003688405148923314,4.508828749173207
125.01,0.0064682029942505,0.0037156033115383334,5.08235739263266
125.02,0.0065054959068831,0.003743015477086645,5.378055974447573
125.03,0.0065430640241165,0.003770644124680022,4.243178099743673
125.04,0.0065809095093558,0.0037984885214066857,4.102662091792756
125.05,0.0066190345190705,0.003826550071643316,4.564123922563349
125.06,0.0066574412439463,0.0038548317078366686,4.417262783414544
125.07,0.0066961318922433,0.003883335048846686,4.396827967920783
125.08,0.0067351086897978,0.003912061852232485,3.5897225911160704
125.09,0.0067743738800209,0.0039410127032808535,7.578960202703847
125.1,0.0068139297238992,0.003970199298776637,5.603693109683075
125.11,0.0068537786406608,0.003999618823823364,2.1179961753424776
125.12,0.0068939228590638,0.004029264177549979,4.758760926518663
125.13,0.0069343647024789,0.00405914364435747,4.383345619980126
125.14,0.006975106517138,0.004089258702300014,4.332404901121616
125.15,0.0070161506679315,0.0041196111822216705,3.9936935094572026
125.16,0.0070574995384086,0.004150202428665824,5.0235280594359875
125.17,0.0070991555307771,0.004181037802020858,7.0498435444334
125.18,0.0071411211284629,0.004212125032493374,4.135078194805957
125.19,0.0071833988521234,0.004243458029513296,2.8258728627460705
125.2,0.0072259911052798,0.004275034752202501,4.6411035368516
125.21,0.0072689003817707,0.004306862442325007,4.260141058002247
125.22,0.007312129195377,0.004338942507661701,4.239397703942597
125.23,0.007355680079822,0.004371276942414145,3.4981834865973083
125.24,0.0073995555887708,0.004403866398616669,7.005658951482165
125.25,0.0074437582958314,0.004436724029378323,5.802511480377004
125.26,0.0074882909556182,0.004469848485298298,2.3072778437806156
125.27,0.0075331561310758,0.004503230650110016,4.207509246345225
125.28,0.0075783564524902,0.004536878358944173,4.283477192028843
125.29,0.0076238945927942,0.004570794606929981,4.159104147836234
125.3,0.0076697732462921,0.0046049813539166635,3.9226003824135094
125.31,0.0077159951286594,0.004639440298190807,4.374305213999141
125.32,0.0077625629769418,0.004674176042385044,6.868761871012413
125.33,0.0078094796022089,0.004709199715164169,4.297210272178679
125.34,0.0078567479096019,0.004744504702244921,2.454468623619923
125.35,0.0079043706241205,0.004780086357579122,4.459786504508514
125.36,0.0079523505879652,0.004815954162529238,4.055232222814055
125.37,0.0080006906662058,0.004852109617896744,4.027706175071561
125.38,0.0080493937467808,0.004888555010565847,3.4626475193248853
125.39,0.0080984627404977,0.004925291364416603,5.95616547427847
125.4,0.0081479005810325,0.004962331199328358,5.619408880754689
125.41,0.0081977103764894,0.004999675936805014,2.6950883849650697
125.42,0.008247895090795,0.00503731624501326,3.62499941132805
125.43,0.0082984577061811,0.005075257939502571,4.071118904898598
125.44,0.0083494012691645,0.005113505839853316,3.8960672212683307
125.45,0.0084007288507051,0.005152062058292395,3.7483844281988628
125.46,0.0084524435462046,0.005190928725603292,3.7240579775498945
125.47,0.0085045484755068,0.005230109340126701,6.476554841920647
125.48,0.0085570468205057,0.005269618798794141,4.282842993667968
125.49,0.0086099419242987,0.005309450230775838,2.0989017068105364
125.5,0.0086632368806845,0.005349596036538304,4.165481881020624
125.51,0.0087169349292441,0.005390068103827434,3.7577155694575075
125.52,0.0087710393356843,0.0054308680480925535,3.725412960024757
125.53,0.0088255533918378,0.00547199848191508,3.2900679359891987
125.54,0.008880480415663,0.005513460816149969,5.028593389205206
125.55,0.0089358237512439,0.005555267008940001,5.428393821761013
125.56,0.0089915869129951,0.005597422185914132,2.863328562191539
125.57,0.0090477733294218,0.0056399161936649365,3.0040135953758673
125.58,0.0091043863787765,0.005682752122141748,3.795798249664759
125.59,0.0091614295342553,0.005725937326099045,3.5729789534782155
125.6,0.0092189062970061,0.00576947404233584,3.5118453617495766
125.61,0.0092768201961267,0.005813364956039303,3.0196437231071065
125.62,0.0093351747886674,0.005857611665854972,6.134755193183116
125.63,0.009393973672821,0.005902234692535044,4.240734470329322
125.64,0.0094532207106579,0.0059472267978400405,1.6427898414839237
125.65,0.0095129194089465,0.005992575743594096,3.8492548424747395
125.66,0.0095730734619306,0.0060382969225724736,3.4281750268483653
125.67,0.0096336865937713,0.006084392013564992,3.394189676491477
125.68,0.0096947625585476,0.0061308640082600434,3.0821462429015574
125.69,0.0097563051402547,0.0061777148444200495,4.123984826640308
125.7,0.0098183181528066,0.006224955126784132,5.1711730185650175
125.71,0.0098808055665129,0.006272595031931675,2.9699578443438104
125.72,0.0099437713533991,0.006320623820954957,2.410587129829975
125.73,0.0100072193411629,0.006369040609645804,3.49436226664633
125.74,0.010071153491492,0.006417856018055814,3.2359968199914872
125.75,0.0101355777980986,0.006467072398848407,3.2075998076154772
125.76,0.010200496286718,0.006516692954349155,2.6324877088317895
125.77,0.0102659130151091,0.006566718551321707,5.338341220039619
125.78,0.0103318320730541,0.0066171720694800425,4.105961326341138
125.79,0.0103982578626288,0.006668048678645818,1.6078842608563988
125.8,0.010465194418538,0.006719333364810088,3.288351918612984
125.81,0.0105326459375428,0.006771041401122466,3.12113394843845
125.82,0.0106006166685889,0.006823176195184903,3.0526351495034656
125.83,0.0106691108949013,0.006875741025693291,2.8440464694285295
125.84,0.0107381329339838,0.006928738470272459,3.3259938637345736
125.85,0.0108076871376188,0.006982177271512555,4.850163512265825
125.86,0.0108777779938962,0.007036073703352485,2.9779237099406397
125.87,0.010948410101619,0.0070904165373474135,1.8913626113086226
125.88,0.0110195878015831,0.007145199997461773,3.17625189278443
125.89,0.0110913156146323,0.007200438571382511,2.89740476388486
125.9,0.0111635980983072,0.007256134734234896,2.8684217387709086
125.91,0.0112364398468459,0.007312292155758383,2.4304512206212783
125.92,0.0113098454911837,0.0073689122808491435,4.356718261988383
125.93,0.0113838196989533,0.007426016997264899,3.9140305062894964
125.94,0.0114583674414645,0.007483606814359176,1.7751824574582624
125.95,0.0115334934094205,0.007541665751735931,2.623450180026898
125.96,0.0116092023571982,0.0076002051019850025,2.833379862697035
125.97,0.0116854991346146,0.007659231866464101,2.715634087959335
125.98,0.0117623886307791,0.007718749506425057,2.5911668551919256
125.99,0.011839875774092,0.0077787613629609394,2.6366567278854145
126.0,0.0119179655322464,0.007839273772971693,4.50114814074746
126.01,0.0119966629827977,0.007900310368840865,2.912958722156298
126.02,0.0120759734476681,0.007961859457124054,1.4416736115482558
126.03,0.0121559018532047,0.008023909277682416,2.8588464346096973
126.04,0.0122364533606475,0.008086478932780097,2.5695220504333736
126.05,0.012317633173311,0.008149571023100812,2.5381811997693307
126.06,0.0123994465365849,0.00821318975602828,2.273886848573473
126.07,0.0124818987379318,0.008277337731813416,3.253440974289371
126.08,0.0125649951068905,0.008342031621158224,3.4639393275003894
126.09,0.0126487412079382,0.008407279063923304,2.1006764939583684
126.1,0.0127331425020971,0.008473068771867485,2.2134436722148116
126.11,0.0128182044119138,0.008539406314395903,2.6060626038215107
126.12,0.0129039324860712,0.008606301804528338,2.4999860793207422
126.13,0.0129903323220035,0.008673759488146622,2.4794730516198475
126.14,0.0130774095662713,0.00874178429666747,2.421906129417936
126.15,0.013165169914937,0.008810380916008295,2.5342331381208867
126.16,0.0132536191139391,0.008879556365205894,2.667563529920102
126.17,0.0133427629934249,0.008949317854264156,2.3721540863521975
126.18,0.0134326074303498,0.009019666857913361,2.2758437914048475
126.19,0.0135231583037109,0.009090607374686638,2.406133366329155
126.2,0.0136144215732775,0.009162146748824061,2.3584812644623434
126.21,0.0137064032518841,0.009234290074552464,2.3384405570422233
126.22,0.0137991094058765,0.00930704272527168,2.313801585543142
126.23,0.0138925461555566,0.009380410084205027,2.3018303177292814
126.24,0.0139867196756249,0.009454397808743385,2.3253411874671364
126.25,0.0140816361997667,0.009529012095404197,2.2608854806387995
126.26,0.0141773020225081,0.00960425785273499,2.2090581057361813
126.27,0.0142737234791737,0.00968014018173671,2.223369298107107
126.28,0.0143709069685527,0.009756665284743428,2.1961467719087113
126.29,0.0144688589463151,0.00983383881406662,2.1750044452787227
126.3,0.0145675859254701,0.009911666526581575,2.152238663798823
126.31,0.0146670944768249,0.00999015420593578,2.1265774452973987
126.32,0.0147673912294413,0.010069307713582472,2.172976356111488
126.33,0.0148684828733724,0.01014913412435502,2.107586268814611
126.34,0.0149703761722202,0.010229638643416736,2.0340850170019733
126.35,0.0150730779241335,0.010310826310919131,2.061748125934122
126.36,0.0151765949983201,0.01039270402380836,2.0324051604904776
126.37,0.0152809343248613,0.010475277804272508,2.011146776149407
126.38,0.0153861028951856,0.010558553810811585,1.99075091981033
126.39,0.0154921077625448,0.010642538249600042,1.9393606180648955
126.4,0.0155989560424907,0.010727237001339303,2.077319006719909
126.41,0.0157066549133501,0.010812659519363315,1.9826718773504473
126.42,0.0158152116614673,0.010898810772464124,1.829403524663638
126.43,0.015924633572034,0.010985694432015844,1.9143372200797564
126.44,0.0160349280192662,0.011073319031486574,1.8808834369576706
126.45,0.0161461024438994,0.011161691002148396,1.8604736069377517
126.46,0.0162581643526121,0.011250816955067489,1.8410635018665216
126.47,0.0163711213185434,0.011340703562184747,1.796227200024926
126.48,0.0164849809818101,0.011431357193774182,1.901275412391268
126.49,0.0165997510500212,0.01152278750854091,1.8578131652438077
126.5,0.0167154393411816,0.011615000882978274,1.7096563993766885
126.51,0.0168320536924905,0.011708001203821795,1.747800888062188
126.52,0.0169496020156071,0.011801796658112481,1.743855552451596
126.53,0.0170680923009666,0.011896394766529116,1.7208309107780901
126.54,0.0171875326100169,0.01199180258927516,1.7026359729248937
126.55,0.0173079310757854,0.012088027312604234,1.6699147153811933
126.56,0.0174292959034445,0.012185075947595728,1.7168625249312763
126.57,0.0175516353708749,0.012282957582220005,1.717784681577121
126.58,0.0176749578570214,0.012381680141054237,1.609074429479629
126.59,0.0177992717945342,0.012481248661049254,1.5972930752270107
126.6,0.0179245856757924,0.01258167070756821,1.6108447509759192
126.61,0.018050908081717,0.012682954760101795,1.5870405091274296
126.62,0.0181782476695756,0.012785108376864193,1.569722330237177
126.63,0.0183066131735876,0.012888139283482453,1.5447329931723024
126.64,0.0184360134055335,0.012992055125387482,1.5562764478953797
126.65,0.0185664572553623,0.013096864731378197,1.5797474232662185
126.66,0.0186979537087267,0.013202577273729895,1.498743406600902
126.67,0.0188305118313678,0.013309198835618376,1.460082456320157
126.68,0.0189641407407299,0.013416736733038299,1.4808972316721485
126.69,0.0190988496511137,0.013525200275209232,1.4572743647111437
126.7,0.0192346478587293,0.01363459755521016,1.4405829431517339
126.71,0.0193715447423379,0.013744936860440003,1.4198795815767202
126.72,0.0195095497638983,0.013856226455638294,1.4119107547269423
126.73,0.0196486724692129,0.013968475218282372,1.4537531214912476
126.74,0.0197889224990527,0.01408169365904073,1.384335611069076
126.75,0.0199303095973792,0.014195888560895905,1.3267647402494467
126.76,0.0200728435501438,0.014311067043095769,1.3560174822558622
126.77,0.0202165342506342,0.014427239400472466,1.332092776934403
126.78,0.0203613916799212,0.014544414276841666,1.316027720553904
126.79,0.0205074259075417,0.014662600553007651,1.2987121979484944
126.8,0.0206546470921828,0.014781807142512517,1.2759009041051126
126.81,0.0208030654823661,0.014902043012029065,1.3326790181659942
126.82,0.0209526914214149,0.01502332010908924,1.2718195310793898
126.83,0.021103535379955,0.015145645899285187,1.199380009149256
126.84,0.0212556078598033,0.015269027286864134,1.235759736985
126.85,0.0214089194815591,0.015393475634904123,1.2116951122923094
126.86,0.021563480959824,0.01551900016764091,1.1963143216179692
126.87,0.0217193031039321,0.015645610394381608,1.1810833910092957
126.88,0.0218763968186704,0.01577331589667063,1.1532024771104774
126.89,0.0220347731050045,0.015902125982708282,1.2023933557785047
126.9,0.0221944430608027,0.016032053288436016,1.1592226974920241
126.91,0.0223554179230655,0.01616310644325161,1.0885106850684223
126.92,0.0225177089685461,0.016295292738983225,1.114521910318351
126.93,0.0226813275937615,0.016428623963622713,1.0957563201297595
126.94,0.0228462852976927,0.016563110154019206,1.0804099067810788
126.95,0.0230125936806036,0.01669876146022919,1.0656222723885438
126.96,0.0231802644448006,0.016835588124695038,1.0436231450410698
126.97,0.0233493093953972,0.016973600238524844,1.06380583045024
126.98,0.0235197404410781,0.017112810044295764,1.044236921198846
126.99,0.0236915696222006,0.017253227830150063,0.9918882220434936
127.0,0.0238648090539123,0.017394862162755948,0.9918131984995971
127.01,0.0240394709584528,0.01753772438678822,0.9828805091930009
127.02,0.024215567671565,0.01768182562499835,0.9668969659600951
127.03,0.0243931116370076,0.01782717666638445,0.9524900379552205
127.04,0.0245721154073509,0.017973788431953873,0.9348165257439318
127.05,0.0247525916447739,0.018121671803875083,0.9347709064585327
127.06,0.0249345531218609,0.018270838767478426,0.9261858154148154
127.07,0.0251180127366226,0.018421300864704913,0.8906855825783091
127.08,0.0253029834900431,0.018573068075376037,0.8765316210316721
127.09,0.0254894784864669,0.018726151691616663,0.8703579451023591
127.1,0.0256775109515702,0.0188805636636985,0.8545901885306282
127.11,0.0258670942258454,0.019036315453470776,0.8404057738125161
127.12,0.0260582417654273,0.019193418665921624,0.8259508231213692
127.13,0.0262509671429072,0.019351884978703344,0.8124508635979558
127.14,0.026445284048154,0.01951172621998988,0.799714654073417
127.15,0.0266412062902146,0.019672954346282533,0.7837692775992081
127.16,0.0268387477974877,0.019835581175541538,0.7687429157675602
127.17,0.0270379226160229,0.019999618662358293,0.7557404847626767
127.18,0.0272387449135554,0.02016507899034751,0.7413789654867085
127.19,0.0274412289792732,0.020331974337584106,0.7277697609549657
127.2,0.0276453892246484,0.020500316999036833,0.7112428890573032
127.21,0.0278512401842568,0.020670119132688358,0.6960879162245763
127.22,0.0280587965135398,0.020841393084227555,0.6851445752201482
127.23,0.0282680729944818,0.0210141516114206,0.6709624739204707
127.24,0.0284790845363411,0.021188407312160703,0.6556773230174139
127.25,0.0286918461732967,0.021364172759675133,0.6416933821348062
127.26,0.0289063730665997,0.021541460713124055,0.6295307854441914
127.27,0.0291226805053896,0.021720284108539056,0.6055549310219182
127.28,0.0293407839075094,0.021900654994988413,0.5929237695362022
127.29,0.0295606988075496,0.0220825864570476,0.5882944412574884
127.3,0.0297824408844811,0.022266092392172483,0.5697295717967019
127.31,0.0300060259463175,0.02245118557735338,0.5546696545349328
127.32,0.0302314699305919,0.022637879101830863,0.5406234719265326
127.33,0.0304587889071536,0.022826186258929296,0.5312657504917059
127.34,0.0306879990789502,0.023016120674010897,0.4889615622703895
127.35,0.0309191167821124,0.023207693065683262,0.4871457738429708
127.36,0.031152158449381,0.023400918046553636,0.49480918961920756
127.37,0.031387140702718,0.023595811373700037,0.46214161535720033
127.38,0.0316240802782086,0.023792384919049756,0.45039266015750806
127.39,0.0318629940478892,0.023990652489505836,0.4370062272639064
127.4,0.0321038990204646,0.02419062789177183,0.42148310858113586
127.41,0.0323468123420253,0.02439232451996662,0.37230194118546134
127.42,0.0325917512842848,0.024595752433574244,0.3802839519544915
127.43,0.0328387332160548,0.02480092787686105,0.3901823622454912
127.44,0.0330877757206717,0.025007867604227678,0.3513692851742101
127.45,0.0333388964878972,0.02521658298233389,0.33983229998677705
127.46,0.0335921133465167,0.025427088210005593,0.3283757396137067
127.47,0.0338474442649347,0.025639397595519225,0.2987486818654973
127.48,0.034104907351771,0.025853523127299452,0.25212283000236835
127.49,0.0343645208184693,0.026069474984089944,0.27153129842328094
127.5,0.0346263029995176,0.026287271442593994,0.27370956389533074
127.51,0.0348902724488167,0.026506929009890295,0.23364043595741685
127.52,0.0351564478214389,0.026728458765637626,0.22129738824458434
127.53,0.0354248479126529,0.026951875071625348,0.21186461196839015
127.54,0.0356954916583307,0.027177192608934406,0.16430376425627846
127.55,0.035968398135356,0.027404420968976374,0.13302660258930513
127.56,0.0362435864899916,0.027633572041941244,0.1592949411381405
127.57,0.0365210760496629,0.027864665780233274,0.14297911578610467
127.58,0.0368008863277529,0.028097716553736794,0.10982078956811972
127.59,0.0370830369438184,0.0283327359733819,0.09532348612082689
127.6,0.0373675476567872,0.02856973825998826,0.09001594507789938
127.61,0.0376544383651315,0.02880873852198739,0.013414236206001153
127.62,0.0379437291070591,0.0290497414966929,0.0038084183766493034
127.63,0.0382354399233551,0.029292761964956674,0.04453218237421784
127.64,0.0385295911429728,0.029537822881355327,0.0012098647536541978
127.65,0.0388262032166463,0.02978493438222744,-0.02294439267371441
127.66,0.0391252967076261,0.03003410879482485,-0.03998443119568306
127.67,0.0394268923147142,0.030285359883313115,-0.037913177964146866
127.68,0.039731010872137,0.03053870329618689,-0.16870368965428054
127.69,0.0400376733467359,0.030794133340518507,-0.13836639293614852
127.7,0.0403469005682573,0.031051671213763385,-0.06877821270197695
127.71,0.0406587138828144,0.031311345871051666,-0.1610199620606049
127.72,0.0409731346151134,0.03157315812566079,-0.16957904678318295
127.73,0.0412901842170585,0.031837121909741924,-0.1871580665905987
127.74,0.0416098842671308,0.03210325025468942,-0.20679229591084963
127.75,0.0419322564697846,0.032371554543887744,-0.31329539980343035
127.76,0.0422573226063595,0.032642030420558986,-0.28926265599102857
127.77,0.0425851043856215,0.03291469803213774,-0.2505889846207888
127.78,0.0429156239433589,0.033189581201897335,-0.32721618684250936
127.79,0.0432489034019233,0.033466681045227965,-0.3364726986167592
127.8,0.0435849649925462,0.03374601019573287,-0.3846045312364001
127.81,0.0439238310536926,0.03402757367296661,-0.434705646390843
127.82,0.0442655239340254,0.03431137599301191,-0.4222058717392514
127.83,0.0446100660930009,0.03459743476453027,-0.43738663182750687
127.84,0.0449574801878512,0.03488576200062222,-0.48250875191450276
127.85,0.0453077889125554,0.03517636268090321,-0.4943733610480928
127.86,0.0456610150503867,0.035469247611335845,-0.5732706436579976
127.87,0.0460171814715765,0.03576441297483569,-0.5913906032465056
127.88,0.0463763109466597,0.03606186829148549,-0.5720735784192479
127.89,0.0467384265257591,0.03636163202398162,-0.6240996545896023
127.9,0.0471035512888693,0.03666370598588593,-0.6505712460025523
127.91,0.0474717083663755,0.03696809661269673,-0.6780683748788646
127.92,0.0478429209532846,0.037274808819195634,-0.782133832713177
127.93,0.0482172122475579,0.03758382911405837,-0.7707754121437078
127.94,0.048594605280025,0.03789517224189581,-0.7472820386376086
127.95,0.0489751234866117,0.03820885673691474,-0.8254273711902375
127.96,0.0493587901966875,0.038524874683658686,-0.8382789986855229
127.97,0.0497456287724281,0.03884323228353261,-0.9154064424217094
127.98,0.0501356626045172,0.03916391839814601,-0.9944081846642624
127.99,0.0505289148752254,0.03948692123838613,-0.9592498303370756
128.0,0.0509254088112884,0.03981226022038674,-0.9765472425245338
128.01,0.0513251678779914,0.040139940833289894,-1.0473439490319532
128.02,0.0517282154001988,0.040469952134711044,-1.0554539091911443
128.03,0.0521345746865138,0.04080229738392249,-1.2007485064423462
128.04,0.0525442690233023,0.04113694091678761,-1.2199655164579806
128.05,0.0529573211767487,0.04147388320132727,-1.1642354481872932
128.06,0.0533737544120635,0.0418131480254442,-1.2559286887137597
128.07,0.0537935918124441,0.042154714556392796,-1.294606301679363
128.08,0.0542168563458122,0.04249857461258635,-1.335991965430992
128.09,0.0546435708999712,0.042844716903445275,-1.4892336545911942
128.1,0.0550737581587699,0.04319309531332598,-1.472686509817489
128.11,0.0555074402876923,0.043543717287041046,-1.4395686693485672
128.12,0.0559446400099819,0.043896596809310864,-1.5558783455489797
128.13,0.0563853796352223,0.04425169763219595,-1.575428590919343
128.14,0.0568296813218926,0.044609010246399246,-1.6958947380168905
128.15,0.0572775670671144,0.044968490283874646,-1.8096637262059694
128.16,0.0577290582355508,0.04533009552042169,-1.7510728834497507
128.17,0.0581841761104229,0.04569384406050564,-1.7817226958279877
128.18,0.05864294220591,0.04605972334569691,-1.8886981243511383
128.19,0.0591053775427273,0.046427690317688244,-1.915704443880598
128.2,0.0595715028925024,0.04679772619137455,-2.041720807428324
128.21,0.0600413387650395,0.04716977315410507,-2.221108771995246
128.22,0.0605149048414426,0.04754375414138251,-2.1399360144596122
128.23,0.0609922203557563,0.04791969055380271,-2.137494097659718
128.24,0.0614733051212709,0.048297575581881906,-2.29160425273604
128.25,0.0619581781372096,0.04867733807049218,-2.3251099361151346
128.26,0.0624468580232432,0.04905894756045218,-2.44273034428
128.27,0.0629393630030756,0.049442336518525955,-2.693029414187476
128.28,0.0634357103409446,0.04982738556220037,-2.609235755389147
128.29,0.0639359162965977,0.05021411076669448,-2.569271988179807
128.3,0.064439998103956,0.050602512949363715,-2.7725699387519
128.31,0.0649479718151634,0.050992487890243424,-2.818430808757817
128.32,0.0654598529355466,0.051383989178745496,-2.9219442560751463
128.33,0.0659756564024933,0.051776940977537,-3.2421557305410054
128.34,0.0664953961011457,0.052171176519458934,-3.1715157612015235
128.35,0.0670190842226518,0.05256669806903598,-3.097514357281115
128.36,0.0675467343144796,0.05296351278939147,-3.3493531454399763
128.37,0.0680783583408802,0.05336147955294785,-3.4151522203204943
128.38,0.0686139675122459,0.05376053072256304,-3.503901517882824
128.39,0.0691535722584284,0.05416058416454056,-3.8223178788776377
128.4,0.0696971819681576,0.054561453480869604,-3.844315993818977
128.41,0.070244803888429,0.054963087058153864,-3.805096652897036
128.42,0.0707964461345464,0.055365464049428326,-4.046315347138263
128.43,0.0713521151425603,0.055768429204916425,-4.149227127184005
128.44,0.0719118163152766,0.0561718796686059,-4.390866753696977
128.45,0.0724755538296806,0.056575649768100464,-4.476169120265919
128.46,0.073043330071276,0.056979646595241296,-4.536287304415124
128.47,0.0736151472183835,0.05738378942801599,-4.742123120342625
128.48,0.0741910058334708,0.05778792328895398,-4.882355990385871
128.49,0.074770905195877,0.058191916119643375,-5.130658040926402
128.5,0.0753548430965495,0.0585955837586608,-5.246695352383677
128.51,0.0759428153886559,0.058998805833207144,-5.3474666485479645
128.52,0.0765348173246627,0.059401469288013674,-5.5686116268039925
128.53,0.0771308423207978,0.05980339689964839,-5.744918087880894
128.54,0.0777308822391231,0.06020442440447145,-6.054611486357792
128.55,0.0783349270763812,0.06060432161152177,-6.1849678844813525
128.56,0.0789429644407934,0.06100294870749051,-6.3013566074538305
128.57,0.0795549813407777,0.06140017350988435,-6.576566650230428
128.58,0.0801709625093961,0.061795777881105504,-6.796399192122836
128.59,0.0807908908040166,0.06218956142759226,-7.1619990323211615
128.6,0.0814147468009719,0.0625812515962984,-7.32456191383744
128.61,0.082042508302073,0.06297068103173777,-7.480785199251341
128.62,0.0826741523022916,0.06335768668496225,-7.81466372091164
128.63,0.0833096530907657,0.06374200851982244,-8.089557505881128
128.64,0.083948982708318,0.06412340744256148,-8.491623863017786
128.65,0.0845921105279056,0.06450158204701478,-8.716942422652918
128.66,0.0852390029063035,0.0648763239891616,-8.948253261555612
128.67,0.0858896248290079,0.06524742301491175,-9.335942734486489
128.68,0.086543938238437,0.06561458356930314,-9.679908603511834
128.69,0.0872019024231841,0.06597752589034868,-10.123678873244877
128.7,0.0878634736313967,0.06633592257441676,-10.433761828463458
128.71,0.0885286048658437,0.06668951755598221,-10.761212705296888
128.72,0.0891972470707838,0.06703804752188637,-11.21297612028031
128.73,0.0898693478315631,0.06738118271568869,-11.643340670499887
128.74,0.0905448516545255,0.06771860060514612,-12.154265120882325
128.75,0.0912236996098946,0.06804994219720152,-12.564915723511458
128.76,0.0919058292248183,0.06837490314324582,-13.002632817782102
128.77,0.0925911753302413,0.0686931682022179,-13.54377120106287
128.78,0.0932796690401096,0.06900436958784326,-14.079369278239488
128.79,0.0939712379479589,0.06930814171914416,-14.680308050955253
128.8,0.0946658058160179,0.0696040921834318,-15.215398211583976
128.81,0.0953632925312103,0.06989186628482309,-15.785292684738263
128.82,0.096063614644109,0.07017109639626806,-16.44130575650269
128.83,0.0967666846185089,0.07044137497582854,-17.099016315941977
128.84,0.0974724109468545,0.07070229648761471,-17.803114679966427
128.85,0.098180697956075,0.07095343939881038,-18.4957826708312
128.86,0.098891445766124,0.07119439341495155,-19.224103474716134
128.87,0.0996045504448077,0.0714247365863083,-20.011976442949916
128.88,0.100319903646922,0.07164402413200265,-20.798117411711925
128.89,0.101037392612102,0.07185181808040536,-21.60505439285233
128.9,0.101756900208638,0.07204767604513385,-22.486711653722985
128.91,0.102478304768887,0.07223112573871716,-23.38782965840978
128.92,0.103201479775786,0.07240169093980751,-24.3025376437327
128.93,0.10392629406064,0.07255889658058258,-25.2059901988743
128.94,0.104652611629885,0.0727022795926173,-26.105803838443972
128.95,0.105380292012009,0.07283137954180799,-27.169617696831462
128.96,0.106109189835624,0.07294566346592464,-28.21393929837425
128.97,0.106839154161535,0.07304460821580874,-29.21509062865256
128.98,0.107570029210182,0.07312771444556616,-30.202311221419237
128.99,0.108301654022576,0.07319449187009146,-31.145000867963873
129.0,0.109033862990484,0.07324446301498293,-32.27125876370635
129.01,0.10976648537954,0.07327706254118388,-33.36145557332765
129.02,0.110499344504096,0.07329173320106674,-34.29590950336513
129.03,0.11123225862653,0.07328797957450786,-35.212150243554774
129.04,0.111965040982276,0.0732653006391578,-36.237040304119546
129.05,0.112697499656039,0.07322312742381622,-37.223251455320685
129.06,0.113429436663469,0.07316088660705897,-38.029826418213815
129.07,0.114160648785216,0.07307806321838346,-38.73495959644658
129.08,0.114890927622845,0.07297415852345844,-39.54060644502239
129.09,0.115620059744841,0.07284859224924978,-40.28790489143942
129.1,0.116347825317654,0.07270077065331648,-40.78505201298357
129.11,0.117073999273778,0.07253017777929145,-41.06953917121351
129.12,0.117798351375943,0.07233635132566664,-41.50883883862941
129.13,0.118520646877638,0.07211870175577509,-41.885199299007176
129.14,0.119240643989454,0.07187660959469197,-41.91037134920743
129.15,0.119958095971173,0.07160957743980018,-41.65295313428154
129.16,0.12067275097286,0.07131719667954155,-41.59973120896877
129.17,0.12138435345211,0.07099888675698336,-41.507841968763486
129.18,0.122092640235405,0.07065401296809186,-41.007784259217864
129.19,0.122797343660695,0.07028210945454137,-40.21709780776751
129.2,0.123498191085369,0.0698828288413833,-39.65702052550773
129.21,0.124194907117277,0.06945562186224988,-39.10365602172914
129.22,0.124887208427095,0.06899985943195006,-38.16363003354305
129.23,0.125574807771033,0.06851511679329138,-36.95482112143433
129.24,0.126257413183583,0.06800112866992651,-36.00836014412462
129.25,0.126934731153986,0.0674573966886173,-35.12724076483157
129.26,0.127606460050328,0.06688331265288991,-33.91855543586043
129.27,0.128272295102359,0.06627851064040051,-32.482276358351186
129.28,0.12893192725222,0.0656428381168514,-31.335822336569407
129.29,0.129585047492274,0.0649758720597161,-30.315721621434495
129.3,0.130231338595626,0.06427703671698255,-29.013597374282895
129.31,0.130870481202441,0.06354606513896827,-27.580207689909514
129.32,0.131502152527518,0.06278291277536768,-26.38913878102231
129.33,0.132126031130734,0.06198728731145788,-25.37309985564174
129.34,0.132741788488926,0.061158684472782665,-24.159030397093648
129.35,0.13334909441633,0.06029692857874904,-22.880769384165276
129.36,0.133947616675552,0.059402073031984,-21.742153686519114
129.37,0.134537025194292,0.05847404860645847,-20.816349876986624
129.38,0.135116985948784,0.05751248180655052,-19.80102837456399
129.39,0.135687162769411,0.05651725523601696,-18.726055448273783
129.4,0.136247219459718,0.05548855047737486,-17.7264990396754
129.41,0.136796822653442,0.054426551945484236,-16.93114102009224
129.42,0.137335638963747,0.05333107367222502,-16.124555513807923
129.43,0.137863332568185,0.05220207767834042,-15.261966767464443
129.44,0.138379569936995,0.05103989272931635,-14.436921405344656
129.45,0.138884021118025,0.0498449633781183,-13.781270438473873
129.46,0.139376360234949,0.048617337640007724,-13.157511393987068
129.47,0.139856259346443,0.047357098624882986,-12.486531098664086
129.48,0.140323395247538,0.046064745461326065,-11.834887947961844
129.49,0.140777449383751,0.04474097638143201,-11.311292257577744
129.5,0.141218111078054,0.04338610366584894,-10.835188698369725
129.51,0.141645068824799,0.042000383250517574,-10.324121329535796
129.52,0.14205801833602,0.040584509558842796,-9.82821822405454
129.53,0.142456661457417,0.039139406762491356,-9.420150243532921
129.54,0.142840710991937,0.03766567164376576,-9.058773535950081
129.55,0.143209881260636,0.036163792098992356,-8.675368159477754
129.56,0.14356389616452,0.03463468758571643,-8.314140396099665
129.57,0.143902487786202,0.03307943585912586,-8.002651976433828
129.58,0.144225400686179,0.03149893534721814,-7.7282713766690705
129.59,0.144532385130813,0.029893983482858627,-7.448811273042095
129.6,0.144823202679742,0.028265719704557067,-7.196598827963065
129.61,0.145097625716763,0.026615310007617004,-6.967302272896321
129.62,0.145355439009232,0.024943937876984595,-6.761701061004872
129.63,0.145596438565819,0.023252775618580933,-6.568845271384504
129.64,0.145820432926952,0.021543132859834273,-6.397280891302767
129.65,0.146027243984293,0.019816308903917078,-6.242364348762584
129.66,0.146216706413844,0.01807365576471538,-6.099089582066484
129.67,0.146388669392485,0.016316686003360153,-5.973134924631356
129.68,0.146542997500722,0.014546939841967681,-5.867325037347745
129.69,0.146679570358914,0.012765844281207908,-5.777353907524578
129.7,0.14679828136424,0.010974792217649753,-5.692920992639024
129.71,0.146899038986884,0.009175569622807411,-5.624439827573824
129.72,0.146981771458364,0.007369995854449493,-5.576321169129442
129.73,0.147046422757169,0.005559601525141622,-5.5427219358239626
129.74,0.147092952023986,0.0037456818644171497,-5.516272786613752
129.75,0.147121331328843,0.0019302226712328285,-5.504892816755298
129.76,0.147131558208026,0.00011534562268401365,-5.512740006580001
129.77,0.147123645508941,-0.0016972727157918885,-5.528367015088207
129.78,0.147097623990048,-0.0035066492483501006,-5.562771154347752
129.79,0.147053530310914,-0.005310751913283294,-5.617513925564307
129.8,0.146991434533612,-0.007107058676383837,-5.683982761460254
129.81,0.146911420087047,-0.008894013854607771,-5.752256455186032
129.82,0.146813589240278,-0.010670553848632127,-5.846506018418113
129.83,0.146698049626795,-0.01243501930256417,-5.981624852234114
129.84,0.146564937313432,-0.014184845052025071,-6.120369844340884
129.85,0.146414406988587,-0.015918311060583723,-6.261186392488079
129.86,0.146246629540857,-0.017634239932341294,-6.412416273031422
129.87,0.146061784773465,-0.01933154197077495,-6.640175247052695
129.88,0.145860068384337,-0.021007906644057717,-6.888064005241006
129.89,0.14564170277292,-0.022661309091549325,-7.125286515068363
129.9,0.145406922333784,-0.02429060491511495,-7.342997226578845
129.91,0.145155973460027,-0.025895231091649373,-7.683841252011299
129.92,0.144889106471007,-0.02747326184865904,-8.088912315177819
129.93,0.144606603601702,-0.029022525661875447,-8.458343324169249
129.94,0.144308754889023,-0.030542003508400584,-8.771532031683972
129.95,0.14399586388358,-0.03203153597855109,-9.258937270995007
129.96,0.143668229147039,-0.033489651466757364,-9.885597374727535
129.97,0.143326181983256,-0.03491424549915042,-10.405233962383269
129.98,0.142970057862442,-0.036304707991607205,-10.9493226754058
129.99,0.142600203066702,-0.037660642164408,-11.592307279278627
130.0,0.1422169627736,-0.038981340395608896,-12.454432064458535
130.01,0.141820698332249,-0.04026532522434003,-13.282108954635682
130.02,0.141411780834291,-0.04151187536274188,-14.122792764871825
130.03,0.140990586579151,-0.042720686631967514,-15.01451657462041
130.04,0.140557493792345,-0.04389156340421595,-16.174611153248033
130.05,0.140112884392517,-0.04502369259961683,-17.426177558853922
130.06,0.139657150949725,-0.04611644634040096,-18.653867512335673
130.07,0.139190686950145,-0.047169735930757684,-19.964013955676098
130.08,0.138713887814217,-0.048183581055901106,-21.517261499116977
130.09,0.138227147620144,-0.04915773733719121,-23.253130336562247
130.1,0.137730866036425,-0.050091951083575115,-24.954600843553017
130.11,0.137225441208272,-0.050986391612909784,-26.91861989161434
130.12,0.13671127064927,-0.05184107629703343,-28.96308809907927
130.13,0.136188751516453,-0.05265619260863252,-31.10644097841273
130.14,0.135658277657517,-0.05343204751745642,-33.381550285982144
130.15,0.135120240387284,-0.05416897714130148,-36.01674261155859
130.16,0.134575027318013,-0.05486711630131707,-38.689463254241105
130.17,0.134023026057377,-0.055526800407824234,-41.05395273598884
130.18,0.133464616974419,-0.056148802469075526,-43.64807233320343
130.19,0.132900173687471,-0.05673373814614954,-46.64639576689092
130.2,0.132330064655054,-0.05728194646294135,-50.00563889081676
130.21,0.131754656079995,-0.057793652685667746,-52.15891945565959
130.22,0.131174309690164,-0.05826992953565854,-54.226940652280526
130.23,0.130589372290631,-0.058711819414258154,-56.52788112524036
130.24,0.130000185884421,-0.0591200421900924,-60.779145584656995
130.25,0.129407083963762,-0.05949434330030877,-62.2975840255293
130.26,0.128810408138023,-0.059835822174241174,-61.87841545027622
130.27,0.128210471515484,-0.06014626044683243,-64.18553321250525
130.28,0.127607584959106,-0.060426080755675064,-65.39293617981939
130.29,0.127002049786046,-0.060675961158684205,-67.34054555951799
130.3,0.1263941639932,-0.06089625495120978,-66.52367147491064
130.31,0.125784219127278,-0.06108822072129113,-65.37628738660085
130.32,0.125172490283107,-0.061253064580507846,-66.06659206210239
130.33,0.124559246591857,-0.061391229625333096,-64.94961385692022
130.34,0.123944751459493,-0.06150364242421685,-63.08652884228041
130.35,0.123329256093406,-0.06159138088774156,-61.739054608686125
130.36,0.122713003386405,-0.061655258480349556,-60.15826419190475
130.37,0.122096227713682,-0.06169607882931759,-57.89958203095594
130.38,0.121479155439343,-0.061714804701599554,-55.17056006979977
130.39,0.120862001976428,-0.06171247609860024,-53.738391735490055
130.4,0.120244974052565,-0.06168968612866738,-51.639216265542636
130.41,0.11962827375129,-0.06164720649889967,-48.43070269083455
130.42,0.119012091973679,-0.06158614653270836,-45.98762652367897
130.43,0.118396610125208,-0.061507347778016454,-44.88405510134395
130.44,0.117782002627834,-0.06141121263933322,-42.337702208899216
130.45,0.117168440717892,-0.06129860366365069,-39.322822948353554
130.46,0.116556082231871,-0.06117054994233262,-37.86742571167913
130.47,0.115945079397142,-0.06102758163514163,-35.9478056571007
130.48,0.115335578054914,-0.06087036629473404,-33.86683901472333
130.49,0.114727717098453,-0.06069964836814118,-31.990127711143103
130.5,0.114121627797727,-0.060516120866417264,-30.190032764517845
130.51,0.113517435143823,-0.06032046000142543,-28.51553372494108
130.52,0.112915256921844,-0.060113308337324256,-27.010277167683157
130.53,0.11231520529156,-0.0598952614324583,-25.46672191591978
130.54,0.111717385980102,-0.05966693614371625,-24.151034400229978
130.55,0.111121898981782,-0.05942888314825039,-22.750381740407416
130.56,0.110528838780866,-0.05918169364938358,-21.40049592042406
130.57,0.109938293675462,-0.058925948787491,-20.332287604885664
130.58,0.109350346767468,-0.05866212604250844,-19.522806463261688
130.59,0.108765076729097,-0.058390614102600435,-18.343869927722256
130.6,0.108182558335047,-0.05811194882219088,-17.211514451593125
130.61,0.107602859908406,-0.057826656539734095,-16.496401400107395
130.62,0.107026046060603,-0.057535106714683384,-15.704413327816123
130.63,0.106452177318313,-0.057237693898941,-14.925342708698219
130.64,0.105881310420065,-0.0569348129794086,-14.225061372771368
130.65,0.105313498051975,-0.05662683201936696,-13.541905682209448
130.66,0.104748789487428,-0.056314124578791515,-12.471772967052354
130.67,0.104187229699541,-0.055997207758775105,-12.070590015195403
130.68,0.103628858550048,-0.0556763336034082,-11.801471033891916
130.69,0.103073715483988,-0.055351698211241154,-11.017151337275836
130.7,0.102521835795413,-0.055023703327250484,-10.337520826207863
130.71,0.10197325144781,-0.05469271546013367,-9.938050836735005
130.72,0.101427990659894,-0.0543589808772834,-9.623279520629435
130.73,0.100886080255052,-0.05402270935248495,-9.084205712676212
130.74,0.100347543958623,-0.05368419668105261,-8.651610526609566
130.75,0.0998124029599402,-0.05334369806142894,-8.296193534603432
130.76,0.099280675900726,-0.05300143165086757,-7.992398215201864
130.77,0.0987523795592475,-0.05265759265951353,-7.640040168919704
130.78,0.0982275285511854,-0.05231239718375853,-7.130520309875254
130.79,0.0977061352827569,-0.05196611645781925,-6.911596239349458
130.8,0.0971882093508522,-0.0516189028017777,-6.7991343442779675
130.81,0.0966737599315203,-0.05127086439463274,-6.4284388427331765
130.82,0.0961627940775059,-0.05092221341729773,-5.831574613827563
130.83,0.0956553168233424,-0.05057324126856051,-5.779134084616076
130.84,0.0951513300955047,-0.050224022772880794,-5.839319050174564
130.85,0.0946508370277379,-0.049874586347428584,-5.4377930340386165
130.86,0.0941538384454156,-0.04952513016923029,-5.286254362531931
130.87,0.093660333984321,-0.049175782399983256,-4.427153943734782
130.88,0.0931703213684771,-0.048826908168388486,-4.557740355108023
130.89,0.0926837943002279,-0.04847850044427532,-4.885135593390421
130.9,0.0922007499528774,-0.04813047793613724,-4.323338556214565
130.91,0.0917211827128365,-0.04778307515504905,-4.236594631298656
130.92,0.0912450860216824,-0.04743638275957948,-3.545838474731414
130.93,0.0907724518692737,-0.04709068048974914,-3.6289232021172477
130.94,0.0903032691355246,-0.04674596925374903,-3.8769956519785076
130.95,0.089837529282344,-0.04640219082512274,-3.4153623044877413
130.96,0.0893752216366946,-0.04605952659324936,-3.3361607100592368
130.97,0.0889163347776485,-0.045718044211956584,-2.8841409030894405
130.98,0.0884608562891506,-0.04537791992085666,-2.890115773002288
130.99,0.0880087718074267,-0.04503917223636714,-3.0023192041800333
131.0,0.087560068265423,-0.044701782923592163,-2.6973973257535007
131.01,0.0871147312561917,-0.04436586629485914,-2.6239957085617993
131.02,0.0866727458301016,-0.04403147309701023,-2.2041554603334053
131.03,0.0862340962802386,-0.04369875142914368,-2.2242850416543436
131.04,0.0857987652294395,-0.04336770611153331,-2.3520437933646274
131.05,0.0853667366223921,-0.04303830731015301,-2.0727258554758436
131.06,0.0849379933007135,-0.04271064717707464,-2.0220875937301717
131.07,0.084512517727649,-0.04238476074004255,-1.5340265615621658
131.08,0.0840902917327437,-0.042060800378412866,-1.5943732044520678
131.09,0.0836712953674388,-0.04173875127838993,-1.793641009205303
131.1,0.0832555104644414,-0.04141855779869047,-1.46562920922592
131.11,0.0828429177346375,-0.04110031281832893,-1.4260784361948535
131.12,0.0824334976061762,-0.040784039174333875,-1.0034529969572157
131.13,0.0820272300395166,-0.04046985459772237,-1.0347641485524481
131.14,0.0816240936043943,-0.04015774736016199,-1.1864544417971048
131.15,0.0812240682721089,-0.039847672737414304,-0.8924190205584763
131.16,0.080827133150134,-0.03953970279739552,-0.838482224299433
131.17,0.080433267133924,-0.03923385318770646,-0.5730214862432065
131.18,0.0800424488346025,-0.03893018672511973,-0.5424088007658351
131.19,0.0796546561303817,-0.03862870331620474,-0.5778890622144063
131.2,0.0792698675288099,-0.03832938542705905,-0.38391824100194616
131.21,0.0788880610855278,-0.03803227074333967,-0.3187172321490655
131.22,0.0785092147270184,-0.037737368944823727,-0.09373276758382791
131.23,0.0781333062052504,-0.037444723187102354,-0.05428395406597078
131.24,0.0777603127599695,-0.03715433024318535,-0.06984562184228156
131.25,0.0773902121315889,-0.036866173321680254,0.0954529432396278
131.26,0.0770229817669087,-0.036580275787108145,0.1508074160995329
131.27,0.0766585990593656,-0.036296640256327256,0.4492309421238574
131.28,0.0762970412766361,-0.03601531821149917,0.45973816672495416
131.29,0.0759382850401674,-0.035736295161049064,0.3828687534349156
131.3,0.075582307798703,-0.035459537553473336,0.5979188739027766
131.31,0.0752290866552267,-0.03518507241305954,0.6472598348591111
131.32,0.0748785987035273,-0.0349128968985647,0.9405497639099849
131.33,0.074530820968329,-0.03464305300114462,0.9605111706427791
131.34,0.0741857299313491,-0.03437552498539362,0.8948551592405827
131.35,0.0738433028379385,-0.03411027997518556,1.1123023740498725
131.36,0.0735035166586505,-0.03384733923638498,1.177888389001065
131.37,0.0731663483837625,-0.03358669757357232,1.3635211617327476
131.38,0.0728317750063073,-0.033328369085490125,1.4272476923004227
131.39,0.0724997733280216,-0.033072343831186055,1.451065001545527
131.4,0.0721703205029821,-0.032818604127986956,1.6004205222399106
131.41,0.0718433936169032,-0.03256715397867057,1.6788233736674145
131.42,0.0715189698127186,-0.03231798591194826,1.8373168545774148
131.43,0.0711970262833541,-0.032071104378861987,1.9088920745463427
131.44,0.0708775401440231,-0.031826497904209605,1.950680654834399
131.45,0.0705604887928026,-0.03158414959339266,2.081126815678184
131.46,0.0702458496368118,-0.03134405642659828,2.145687324074165
131.47,0.0699336001768708,-0.03110620664200393,2.397175172599541
131.48,0.0696237179877604,-0.03087061581679984,2.44136101148266
131.49,0.0693161803974319,-0.03063726542711307,2.4094120327993873
131.5,0.0690109652993166,-0.030406125217385487,2.6021790316497087
131.51,0.068708050520574,-0.030177198119293175,2.655589197703647
131.52,0.0684074139989834,-0.029950469292139757,2.937502934828308
131.53,0.0681090337690814,-0.029725954369988483,2.9854921630645723
131.54,0.0678128876024326,-0.02950363382616788,2.94122099736802
131.55,0.0675189538725663,-0.029283475228617427,3.1582647683387766
131.56,0.0672272108860028,-0.029065481769459736,3.254467085724139
131.57,0.066937637065077,-0.028849640777985887,3.313333162913473
131.58,0.0666502109548533,-0.028635933593998526,3.4289535292774933
131.59,0.0663649113167286,-0.028424349047132445,3.5682725265639936
131.6,0.0660817169304955,-0.028214878566303985,3.640660661341746
131.61,0.0658006067558705,-0.02800750466119886,3.7122257493731206
131.62,0.065521559895945,-0.027802210675203824,3.9782605300574656
131.63,0.0652445555996685,-0.027599002612449172,4.038406884918846
131.64,0.064969572961904,-0.02739786045284666,4.004926219936226
131.65,0.0646965915970364,-0.027198753264445416,4.211319133359835
131.66,0.0644255911292298,-0.027001677464223023,4.283118724559739
131.67,0.0641565513300083,-0.02680661578111585,4.477647994316837
131.68,0.063889452121386,-0.02661356325563552,4.565137778628192
131.69,0.0636242734280199,-0.026422502525230707,4.598581503323194
131.7,0.0633609955039989,-0.026233410374930148,4.759166543155725
131.71,0.0630995986939392,-0.026046276740270918,4.837643135575525
131.72,0.062840063493732,-0.02586108428339502,5.062183554952257
131.73,0.0625823705547172,-0.025677829593099763,5.153985022606226
131.74,0.0623265005042303,-0.02549649513659593,5.168409042030893
131.75,0.0620724343290976,-0.025317055770011112,5.346225601608162
131.76,0.0618201531051667,-0.025139502040837324,5.4574619090245315
131.77,0.0615696380546097,-0.024963818596456373,5.562434040059756
131.78,0.0613208705532276,-0.024789989053373984,5.678066641326738
131.79,0.0610738321451596,-0.024617997974379337,5.799838952129694
131.8,0.0608285045159708,-0.02444783038358008,5.907469179985827
131.81,0.0605848695134808,-0.024279469983638318,6.0212908455187435
131.82,0.0603429091458268,-0.02411290085066071,6.1239045623307575
131.83,0.0601026055820442,-0.023948106051560152,6.224531893586563
131.84,0.0598639411665573,-0.02378506854652281,6.343507678397393
131.85,0.059626898405512,-0.023623772826172607,6.4523527490674395
131.86,0.0593914599591519,-0.023464202495603048,6.541536689975462
131.87,0.0591576086619417,-0.02330633969142478,6.647673893103337
131.88,0.0589253275174673,-0.023150169270731772,7.013207978322659
131.89,0.0586945996350062,-0.02299569485761325,7.0002771774905845
131.9,0.0584654080561557,-0.02284289033550573,6.918696973567082
131.91,0.0582377363543625,-0.02269172486000018,7.201305219264509
131.92,0.0580115681125784,-0.02254219451600266,7.2931626757898576
131.93,0.0577868870695878,-0.02239428259100968,7.4015807002766385
131.94,0.0575636771198784,-0.022247972841203265,7.518138388015178
131.95,0.0573419223236837,-0.02210324975005449,7.641873952358703
131.96,0.05712160688629,-0.021960098332675083,7.752305246730582
131.97,0.0569027151708871,-0.0218185027400858,7.8599296564749075
131.98,0.0566852316974266,-0.021678447094404356,7.99759484511344
131.99,0.0564691411415868,-0.021539917652884055,8.144723748235739
132.0,0.0562544283032161,-0.021402901102624168,8.220032078877406
132.01,0.0560410781355492,-0.02126737957797396,8.319059231262306
132.02,0.0558290757814407,-0.021133336799552517,8.456375313060212
132.03,0.0556184065167405,-0.021000759009192314,8.565520809138157
132.04,0.0554090557686928,-0.02086963094301743,8.684559913458884
132.05,0.0552010091146691,-0.02073993789603549,8.79373158982852
132.06,0.0549942522780316,-0.020611664678949045,8.899809103981768
132.07,0.0547887711389751,-0.02048479603231739,9.013272990277617
132.08,0.0545845517246147,-0.020359317231999526,9.12663515011425
132.09,0.054381580211212,-0.02023521356051382,9.20575166905648
132.1,0.0541798429237667,-0.020112468588775446,9.309645309148152
132.11,0.0539793263594528,-0.019991067435615937,9.438543727497265
132.12,0.0537800171411942,-0.019870996658799142,9.528282562002085
132.13,0.0535819020429059,-0.019752240871986383,9.603422919186935
132.14,0.0533849679904474,-0.019634784355415023,9.784420788018778
132.15,0.0531892020581168,-0.019518617122953632,10.000264774697593
132.16,0.0529945913855312,-0.019403730290433407,9.932486708297054
132.17,0.0528011232583307,-0.01929010108421402,9.966161479003185
132.18,0.0526087852270106,-0.019177711902811555,10.163268036381242
132.19,0.0524175649200577,-0.01906655331254849,10.240928634042316
132.2,0.0522274501076846,-0.018956610634732834,10.290746653658742
132.21,0.0520384287012285,-0.018847868484163078,10.582587648158627
132.22,0.0518504887525449,-0.0187403226030798,10.80141930481277
132.23,0.0516636182970397,-0.018633964557832467,10.601659367967601
132.24,0.0514778055865438,-0.018528767606266462,10.675683998936572
132.25,0.0512930391201596,-0.018424717100016565,10.899833410333743
132.26,0.0511093074502561,-0.018321805506472482,10.972750082328036
132.27,0.0509265992587401,-0.018220019281757368,11.078382789552727
132.28,0.0507449033559645,-0.01811934587585412,11.128288937225626
132.29,0.0505642086796377,-0.018019770723996797,11.212789279444374
132.3,0.0503845043225394,-0.017921280949719766,11.356616076826915
132.31,0.0502057794782189,-0.01782386616957539,11.434747884642045
132.32,0.0500280234585805,-0.01772751359922989,11.5081009091528
132.33,0.0498512257083155,-0.01763221031533547,11.594511002799967
132.34,0.0496753757952198,-0.017537944130685892,11.718582097415977
132.35,0.0495004634091736,-0.017444703865610152,11.588110735921012
132.36,0.0493264783611276,-0.017352469536390434,11.68707230991245
132.37,0.0491534106994511,-0.017261230070051623,11.975536388559055
132.38,0.0489812504618067,-0.01717098123192439,11.945360500122959
132.39,0.0488099878230126,-0.0170817077917543,11.988472651178716
132.4,0.0486396130974505,-0.01699339673939335,12.058853443120874
132.41,0.048470116719612,-0.01690603625802145,12.046596641530982
132.42,0.0483014892433291,-0.016819612927835837,12.481484088346635
132.43,0.048133721341004,-0.016734127585375215,12.424334562667884
132.44,0.0479668036199268,-0.01664956459275924,12.142840663967265
132.45,0.0478007270426386,-0.016565901434354054,12.436443403925749
132.46,0.047635482607537,-0.01648313399790751,12.478594772867362
132.47,0.0474710614140081,-0.016401251222400437,12.534251164841121
132.48,0.0473074546706317,-0.016320242143866986,12.567226149713214
132.49,0.0471446536940843,-0.01624009561917751,12.778370491133884
132.5,0.0469826499054106,-0.01616080573530176,12.76538867493592
132.51,0.0468214347665406,-0.016082359899572546,12.689552936092115
132.52,0.0466609999385183,-0.016004743914165648,12.85204713793539
132.53,0.0465013371468946,-0.01592795062920257,12.887645564605709
132.54,0.0463424382179425,-0.01585196972144996,12.945749738227686
132.55,0.0461842950774385,-0.01577679144137041,13.008836242307884
132.56,0.0460268997494435,-0.015702405824532042,12.776475936981871
132.57,0.0458702443718671,-0.015628795486660164,12.972647112892211
132.58,0.0457143212723151,-0.015555955125886797,13.233767463175957
132.59,0.0455591227188105,-0.015483881220935044,13.06943805655661
132.6,0.0454046411400971,-0.015412559105708903,13.13350494051643
132.61,0.0452508690606353,-0.015341979792149175,13.164531692876777
132.62,0.0450977990995986,-0.015272133911626377,13.185971003612798
132.63,0.0449454239698804,-0.015203011881904465,13.156254521780813
132.64,0.0447937364834531,-0.015134603099120163,13.219524434641023
132.65,0.0446427295572998,-0.015066899478800681,13.27975735479567
132.66,0.0444923961708482,-0.014999892991561861,13.255201247220306
132.67,0.0443427294064973,-0.014933573674430548,13.27675094078445
132.68,0.0441937224360205,-0.014867932743024028,13.288904174284573
132.69,0.0440453685196099,-0.014802961403691771,13.29916115747677
132.7,0.0438976610049119,-0.014738650958533047,13.30737814496993
132.71,0.0437505933260715,-0.01467499280809921,13.313331371102437
132.72,0.0436041590027373,-0.01461197844561327,13.317131968500394
132.73,0.043458351639185,-0.014549599458979086,13.319036766905302
132.74,0.0433131649232935,-0.014487847535761891,13.318839382243118
132.75,0.0431685926255986,-0.014426714457929068,13.317106923662044
132.76,0.0430246285983375,-0.01436619210332726,13.303053682393214
132.77,0.0428812667744885,-0.014306272302950888,13.347208896059715
132.78,0.042738501166812,-0.014246948248967939,13.348938433927136
132.79,0.0425963258497487,-0.01418821228347476,13.279689031877393
132.8,0.0424547349902952,-0.014130055382651347,13.282047696198145
132.81,0.0423137228363711,-0.01407247014454666,13.287996196559924
132.82,0.0421732837057094,-0.014015449444565686,13.272223476376322
132.83,0.0420334119904079,-0.01395898584957914,13.272292362896922
132.84,0.0418941021559375,-0.013903072257538096,13.20654027936583
132.85,0.0417553487401454,-0.013847700266317205,13.073740020832128
132.86,0.041617146374514,-0.013792860511290667,13.182705788093484
132.87,0.0414794897709779,-0.01373854854691374,13.231133635915468
132.88,0.0413423736639524,-0.013684758855910667,13.110561507728931
132.89,0.0412057928812823,-0.013631482725681016,13.099399315406568
132.9,0.0410697423196585,-0.013578713514366137,13.072944178137563
132.91,0.0409342169437084,-0.01352644453250634,13.060789231619365
132.92,0.0407992117850851,-0.013474669161531058,12.796165096769588
132.93,0.0406647219485959,-0.013423376554111527,12.885526873123089
132.94,0.0405307426581422,-0.013372562553667054,13.033931384861468
132.95,0.0403972691146586,-0.01332222413766189,12.825134977953875
132.96,0.0402642966200268,-0.01327235201614256,12.808013553052076
132.97,0.0401318205401921,-0.01322294012415584,12.76070384616545
132.98,0.0399998363043473,-0.013173982177487494,12.723141682311507
132.99,0.0398683394041213,-0.013125472082623399,12.623615827364974
133.0,0.0397373253927589,-0.013077402826919098,12.581828158202596
133.01,0.0396067898973997,-0.01302976852747938,12.58033109768411
133.02,0.0394767285898048,-0.012982564082605202,12.50079006236528
133.03,0.039347137203786,-0.012935783191832598,12.441682944400062
133.04,0.0392180115337619,-0.012889419933978345,12.385909940375749
133.05,0.0390893474320764,-0.012843468571936863,12.336050159290552
133.06,0.0389611408082054,-0.012797923520421924,12.24014279985298
133.07,0.0388333876279664,-0.012752778534583925,12.149340965788198
133.08,0.0387060839233325,-0.01270802761741315,12.1473045202395
133.09,0.0385792257772433,-0.012663666288622682,12.093751626505867
133.1,0.0384528093165102,-0.012619689349781886,11.99927915955036
133.11,0.0383268307280227,-0.012576091012030284,11.938377098209521
133.12,0.0382012862515415,-0.012532866079995389,11.880199491459848
133.13,0.0380761721789373,-0.01249000948235843,11.793706091940873
133.14,0.0379514848534265,-0.012447515630538536,11.544916826148652
133.15,0.0378272206809857,-0.012405376798091164,11.610535433853402
133.16,0.0377033761435933,-0.012363590115155136,11.670217093174859
133.17,0.0375799477160427,-0.01232215268965013,11.457121990105463
133.18,0.0374569319477011,-0.012281057672192236,11.40323821680167
133.19,0.0373343254366061,-0.012240300440912594,11.323513307171702
133.2,0.0372121248287636,-0.01219987623379421,11.276237251404078
133.21,0.0370903268174522,-0.012159780648801518,11.040243436585875
133.22,0.0369689281425252,-0.01212000674873671,10.951941962219442
133.23,0.0368479256245551,-0.012080549895351612,11.050607972597922
133.24,0.0367273160954352,-0.012041408155500043,10.914440510200942
133.25,0.0366070964281744,-0.012002576422230916,10.78924470963241
133.26,0.0364872635501396,-0.011964049653964925,10.710396575490899
133.27,0.036367814432858,-0.01192582354620584,10.625694668160486
133.28,0.0362487460913798,-0.01188789381666901,10.536048064640754
133.29,0.0361300555836407,-0.011850256081265508,10.334605404490372
133.3,0.0360117400144015,-0.011812904643548373,10.318173829493608
133.31,0.0358937965467835,-0.011775836367970116,10.3136036671619
133.32,0.035776222353748,-0.011739048334187483,10.137390972954517
133.33,0.0356590146625691,-0.011702535437512276,10.058003520985896
133.34,0.0355421707407888,-0.011666293793456453,9.963117645083063
133.35,0.0354256878956114,-0.011630319465883582,9.890643364628989
133.36,0.0353095634733012,-0.011594608757861669,9.692139725243125
133.37,0.0351937948585743,-0.011559156460036468,9.572206241703496
133.38,0.0350783794954354,-0.011523958512355166,9.609945658645637
133.39,0.0349633148478894,-0.011489012901673597,9.494228911526521
133.4,0.0348485984093046,-0.011454315776864763,9.355413860594123
133.41,0.0347342277177287,-0.01141986296342151,9.265051670849791
133.42,0.0346202003473736,-0.011385650939380276,9.16998861365225
133.43,0.034506513908052,-0.011351676215301648,9.085579522720028
133.44,0.0343931660446166,-0.011317935294942403,8.76121226009032
133.45,0.0342801544415089,-0.011284422049645642,8.79031153400789
133.46,0.0341674768504219,-0.011251134680139292,8.868641643580748
133.47,0.0340551310004519,-0.011218072011514858,8.601360048307065
133.48,0.0339431146777773,-0.01118522886353751,8.52434051527499
133.49,0.0338314257017339,-0.011152602141241709,8.418705085995951
133.5,0.0337200619243024,-0.011120188605499848,8.334584632407093
133.51,0.0336090212296017,-0.011087985217590688,8.13790059125331
133.52,0.0334983015333797,-0.011055987702272667,7.988107457050436
133.53,0.0333879008004632,-0.011024192462153495,8.01698578492349
133.54,0.0332778170154671,-0.010992597982900008,7.912512741008315
133.55,0.0331680481817593,-0.010961201309250766,7.752181486578719
133.56,0.0330585923416965,-0.010929998830528156,7.655377566056345
133.57,0.0329494475674085,-0.010898987666027883,7.548987276044852
133.58,0.0328406119603241,-0.010868164921429974,7.460011515262515
133.59,0.0327320836507034,-0.010837527822208972,7.212170210578164
133.6,0.0326238607986273,-0.01080707201412372,7.177075828109927
133.61,0.0325159416124992,-0.010776795516210849,7.185863260105142
133.62,0.0324083242963853,-0.010746696854519653,6.977064779999935
133.63,0.0323010070947127,-0.01071677228637683,6.885735540063128
133.64,0.0321939882788777,-0.010687019244892624,6.776953309276475
133.65,0.0320872661468036,-0.010657435099424573,6.690067423512816
133.66,0.0319808390224996,-0.010628017403735944,6.492033573101431
133.67,0.0318747052556189,-0.010598762578115789,6.313679145956305
133.68,0.0317688632378484,-0.010569667393276553,6.359901954203495
133.69,0.0316633113789679,-0.01054073098677785,6.275382098639476
133.7,0.0315580480964848,-0.010511951204806788,6.091753531418682
133.71,0.0314530718431234,-0.01048332485098213,5.997634074031696
133.72,0.0313483810956692,-0.010454849629165652,5.888482505326569
133.73,0.031243974354561,-0.010426523194271021,5.811651971796648
133.74,0.0311398501434855,-0.010398343440015667,5.560419646310262
133.75,0.0310360070089663,-0.010370306579547683,5.398626137828487
133.76,0.0309324435437135,-0.010342409861087623,5.494939044726763
133.77,0.0308291583459307,-0.01031465311502151,5.378010528705903
133.78,0.0307261500225312,-0.010287034140599144,5.193973923718548
133.79,0.0306234172133105,-0.010259550011228163,5.0999911417170205
133.8,0.0305209585796238,-0.010232198680608432,4.990506843240692
133.81,0.0304187728040189,-0.010204978047702491,4.907964438365784
133.82,0.0303168585898714,-0.010177886202414853,4.6771120098412675
133.83,0.0302152146610156,-0.010150919894324258,4.557732760951758
133.84,0.0301138397798872,-0.010124077024431782,4.602080853871505
133.85,0.0300127327114642,-0.010097357064411661,4.460346919376507
133.86,0.029911892236392,-0.010070757795463289,4.314640730666539
133.87,0.0298113171607834,-0.010044276902457528,4.21588884757034
133.88,0.0297110063098964,-0.010017912537737516,4.10840432892125
133.89,0.0296109585277943,-0.009991662837682507,4.02797648934572
133.9,0.0295111726770077,-0.009965526120388434,3.793973818711389
133.91,0.0294116476381957,-0.009939499389873218,3.702620892748547
133.92,0.0293123823275542,-0.009913581013772592,3.7378290559380716
133.93,0.0292133756589511,-0.00988777052257827,3.5767171516615357
133.94,0.0291146265647036,-0.00986206573797488,3.4522736207202693
133.95,0.0290161339981003,-0.009836464743986946,3.353608344577298
133.96,0.0289178969293048,-0.009810965900457387,3.248732231230586
133.97,0.0288199143450391,-0.009785567567309212,3.187262115540158
133.98,0.0287221852482689,-0.009760268365384175,2.869788753961373
133.99,0.0286247086578902,-0.00973506481978835,2.823957900064171
134.0,0.0285274836359597,-0.009709955882337425,2.93276881679839
134.01,0.0284305092249401,-0.009684941854446716,2.709738668175434
134.02,0.0283337844905486,-0.00966002025410828,2.599396532893887
134.03,0.028237308517135,-0.009635189437713285,2.501873282587824
134.04,0.0281410804040119,-0.009610447951333406,2.398964048620151
134.05,0.0280450992651721,-0.00958579434112928,2.33869986284712
134.06,0.0279493642290054,-0.009561227396385753,2.0228683700390486
134.07,0.0278538744380185,-0.009536743915099899,2.0057571231634648
134.08,0.0277586290743494,-0.009512343225214197,2.098922675676267
134.09,0.0276636272977361,-0.009488025577961915,1.8571916645848938
134.1,0.0275688682937719,-0.009463788530859133,1.769423075781681
134.11,0.0274743512627539,-0.009439630778755911,1.6709994850670273
134.12,0.0273800754181949,-0.009415551022979158,1.5717117040292627
134.13,0.0272860399865708,-0.009391547982186596,1.4968357516224675
134.14,0.0271922442070646,-0.009367620509309848,1.2631174504890343
134.15,0.0270986873315739,-0.009343766283802322,1.2313452819922628
134.16,0.0270053686393369,-0.009319984621891826,1.2493227090573766
134.17,0.0269122873988055,-0.009296275246635887,1.055186696145565
134.18,0.0268194428995444,-0.0092726362489481,0.9752150267229494
134.19,0.0267268344428302,-0.009249066546153345,0.8796670155216231
134.2,0.0266344613414083,-0.009225565003290973,0.7874050973068392
134.21,0.0265423229192551,-0.009202130524560832,0.7130190868591242
134.22,0.0264504185113385,-0.009178762067888301,0.43337875555147265
134.23,0.0263587474652191,-0.009155457142328172,0.44820549470486065
134.24,0.0262673091572669,-0.009132215536533449,0.5091698165342603
134.25,0.0261761029437617,-0.009109037400763242,0.2779329877181445
134.26,0.0260851282040633,-0.009085920711907378,0.20913539109259963
134.27,0.0259943843276819,-0.009062864571872503,0.1177103923194454
134.28,0.0259038707140574,-0.009039867998701021,0.026225875270909124
134.29,0.0258135867723392,-0.009016930032454783,-0.016465353148027603
134.3,0.0257235319211658,-0.0089940499551475,-0.3473772292908121
134.31,0.0256337055884437,-0.00897122504014755,-0.38132254241458846
134.32,0.0255441072375111,-0.008948454807363386,-0.2222848249483626
134.33,0.0254547363079193,-0.008925740194685918,-0.43910675042700936
134.34,0.0253655922538542,-0.008903079461547477,-0.5466756617590792
134.35,0.0252766745425508,-0.008880471531834931,-0.6283559609310663
134.36,0.0251879826499488,-0.008857915579509799,-0.7167537276288926
134.37,0.0250995160604963,-0.008835410763275889,-0.7861150199937751
134.38,0.0250112742669594,-0.008812956342266545,-0.9522019743589261
134.39,0.0249232567702287,-0.008790550903714183,-1.0889081573469617
134.4,0.02483546308888,-0.008768193311638427,-1.044486943001599
134.41,0.0247478927443068,-0.008745883715324029,-1.1177368035706963
134.42,0.0246605452569808,-0.008723621466753269,-1.2621117753945923
134.43,0.024573420160874,-0.008701405395753186,-1.3354148261850267
134.44,0.024486516997428,-0.008679234813123236,-1.4194505039795808
134.45,0.0243998353153748,-0.00865710899858174,-1.4971916124376363
134.46,0.024313374670562,-0.008635027272998452,-1.5919381307875788
134.47,0.0242271346257758,-0.008612988822550809,-1.7493278502955945
134.48,0.0241411147533958,-0.008590992467361695,-1.7615786380356504
134.49,0.0240553146367513,-0.00856903802077816,-1.7862807766354647
134.5,0.0239697338544494,-0.008547125224750055,-1.9277580246365207
134.51,0.023884371996698,-0.008525253050095776,-1.9959768505563933
134.52,0.0237992286599394,-0.008503420925079209,-2.0740949040820933
134.53,0.0237143034466828,-0.008481628251363345,-2.1517949679260346
134.54,0.0236295959653373,-0.008459874452349317,-2.181828161831891
134.55,0.0235451058300448,-0.008438159138954005,-2.541421186666017
134.56,0.0234608326611173,-0.008416479926071896,-2.4750684132832523
134.57,0.0233767761095973,-0.008394837212346608,-2.312350210627629
134.58,0.0232929357928859,-0.008373232018596757,-2.5953458658847306
134.59,0.0232093113496752,-0.008351662555567489,-2.6377940761741754
134.6,0.0231259024239721,-0.00833012843085322,-2.71417447250311
134.61,0.023042708664955,-0.008308629134661568,-2.7898250424672875
134.62,0.0229597297268267,-0.008287164171721553,-2.827494085884566
134.63,0.0228769652686714,-0.008265733206811622,-3.0848424608574385
134.64,0.0227944149543099,-0.008244334594812523,-3.144562646421192
134.65,0.022712078469638,-0.008222967977245123,-3.0102756658059517
134.66,0.022629955485937,-0.00820163420345062,-3.159031114543149
134.67,0.0225480456789576,-0.008180332412566622,-3.268415614963672
134.68,0.0224663487332808,-0.008159061905239386,-3.332960647563269
134.69,0.0223848643378964,-0.00813782228275851,-3.405735948425738
134.7,0.0223035921860761,-0.008116613123078088,-3.475447281714184
134.71,0.022222531975251,-0.008095434023962553,-3.5542960952648364
134.72,0.022141683406887,-0.008074284534440816,-3.6334597753107265
134.73,0.0220610461872591,-0.008053164216058398,-3.6869781704942315
134.74,0.0219806200262738,-0.00803207279076659,-3.751224848536162
134.75,0.0219004046362724,-0.008011009925318075,-3.8280365254291246
134.76,0.0218203997338854,-0.007989975216436887,-3.893352553790956
134.77,0.0217406050391901,-0.007968968331583358,-3.9596680034404117
134.78,0.0216610202755878,-0.007947988944471615,-4.02041975820883
134.79,0.0215816451696816,-0.007927036761008234,-4.090730840449813
134.8,0.021502479451154,-0.007906111396602534,-4.27040954681055
134.81,0.0214235228550407,-0.007885211902934272,-4.244585380016542
134.82,0.0213447751260529,-0.007864338518188905,-4.21844921609716
134.83,0.0212662359972249,-0.007843491488393299,-4.37315700432148
134.84,0.0211879052108103,-0.007822670045305968,-4.419747840815203
134.85,0.0211097825117071,-0.007801873983827602,-4.4813342200873505
134.86,0.0210318676473472,-0.007781103056415882,-4.543434412614977
134.87,0.0209541603675794,-0.0077603570269441785,-4.555457585643412
134.88,0.0208766604245586,-0.00773963584372421,-4.843461838472991
134.89,0.0207993675726316,-0.007718937960332484,-4.993862084515838
134.9,0.0207222815890117,-0.0076982626964800715,-4.715703216623857
134.91,0.0206454022384441,-0.007677611720617537,-4.785101304394625
134.92,0.0205687292746362,-0.00765698484368341,-4.978772131357431
134.93,0.0204922624641017,-0.007636381117909931,-5.0154138864200775
134.94,0.0204160015755145,-0.007615800419736533,-5.077588489310096
134.95,0.0203399463796197,-0.007595242546315842,-5.139185817474646
134.96,0.0202640966491486,-0.0075747073033225155,-5.172420248694921
134.97,0.0201884521587324,-0.007554194595232588,-5.378295176807061
134.98,0.0201130126848148,-0.007533703478970784,-5.367770725018569
134.99,0.0200377780163772,-0.007513234158897647,-5.301510883602962
135.0,0.0199627479277835,-0.007492787130811834,-5.46664336009399
135.01,0.0198879222015497,-0.007472361711002475,-5.509475187466185
135.02,0.0198133006218922,-0.007451957790579183,-5.568239609971203
135.03,0.0197388829745671,-0.007431575220150754,-5.625284654711616
135.04,0.0196646690467922,-0.0074112138575023875,-5.693822811558876
135.05,0.0195906586271678,-0.00739087352655757,-5.706444484395913
135.06,0.0195168515055981,-0.0073705543676157925,-5.644075609852391
135.07,0.0194432474682012,-0.007350256842139173,-5.8317300882605885
135.08,0.0193698462991733,-0.007329980158918224,-5.960107535045988
135.09,0.0192966477968261,-0.007309723822876627,-5.906973074483599
135.1,0.0192236517536675,-0.007289488254696014,-5.973077862749114
135.11,0.0191508579629,-0.007269273334663292,-6.01974265676779
135.12,0.019078266218328,-0.007249079007022568,-6.0695825608540535
135.13,0.0190058763142697,-0.007228905224835955,-6.03840705694917
135.14,0.0189336880454678,-0.007208752192579069,-6.482460489329833
135.15,0.0188617012069987,-0.007188617916682507,-6.496366375625814
135.16,0.0187899156232695,-0.007168502557418586,-6.090517270997173
135.17,0.0187183310866852,-0.007148408280380012,-6.3041161704789594
135.18,0.01864694738985,-0.007128334349150763,-6.433954332320822
135.19,0.0185757643332883,-0.007108280279493421,-6.464700199687132
135.2,0.0185047817179924,-0.007088246089163488,-6.515212119978733
135.21,0.0184339993453636,-0.007068231740245921,-6.556449728806804
135.22,0.018363417017152,-0.007048237234081578,-6.578767919382676
135.23,0.0182930345353946,-0.0070282625214691,-7.07956300730639
135.24,0.0182228517063302,-0.007008305521055894,-6.842238886571061
135.25,0.0181528683613655,-0.006988367556886709,-6.5297916548932
135.26,0.0180830842874459,-0.00696845029111252,-6.929511469615898
135.27,0.0180134992911466,-0.006948552184370908,-6.927235251008752
135.28,0.0179441131795125,-0.0069286733508290566,-6.98396878098613
135.29,0.0178749257600228,-0.006908813748855916,-7.034277348397327
135.3,0.017805936840555,-0.006888973340417673,-7.170675394749134
135.31,0.0177371462293493,-0.006869151843710784,-6.844199471117264
135.32,0.0176685537349746,-0.006849351045671645,-6.56575957648981
135.33,0.0176001591366249,-0.00682957231873752,-7.294443927163902
135.34,0.0175319622242404,-0.006809812626934244,-7.459946644995101
135.35,0.0174639628217242,-0.006790071354463203,-7.139750751188303
135.36,0.0173961607310011,-0.006770350103236632,-7.237379084353222
135.37,0.0173285557532461,-0.006750648774677456,-7.266563766390202
135.38,0.017261147688804,-0.006730967455830887,-7.3075244315727765
135.39,0.0171939363371087,-0.006711306241868424,-7.103672050618348
135.4,0.0171269214966016,-0.006691665871698307,-8.400142588213175
135.41,0.0170601029646511,-0.006672041128557519,-7.976917493521876
135.42,0.016993480613747,-0.006652434103954884,-6.828707655329733
135.43,0.0169270542096988,-0.006632849881154189,-7.675747124033534
135.44,0.0168608235494578,-0.006613285396737511,-7.698524709931381
135.45,0.016794788436076,-0.0065937405657959195,-7.732482275596947
135.46,0.0167289486723731,-0.006574215465164248,-7.780327014328271
135.47,0.0166633040609167,-0.006554710121028234,-7.850581634761641
135.48,0.0165978544040031,-0.006535224493739184,-7.8424907269881485
135.49,0.0165325995036394,-0.006515758959919962,-7.47780511463677
135.5,0.0164675391534034,-0.006496315189660791,-7.830790034708888
135.51,0.0164026731313095,-0.006476891976675009,-8.160417455041133
135.52,0.0163380012481232,-0.006457488204516764,-7.885463493667318
135.53,0.0162735232985988,-0.006438105141054907,-7.965097560378756
135.54,0.0162092390762598,-0.0064187427891075274,-7.969977287080589
135.55,0.0161451483733289,-0.006399401346606603,-7.996688408944782
135.56,0.0160812509806569,-0.00638008075914678,-8.722561168573398
135.57,0.0160175466953684,-0.006360778487602496,-8.325083481093987
135.58,0.0159540353436734,-0.006341496330788318,-7.827545342462716
135.59,0.0158907166959732,-0.006322236468446803,-8.374465779738875
135.6,0.0158275905451899,-0.006302997148372366,-8.338763887848934
135.61,0.015764656683714,-0.006283778615852303,-8.389912910792825
135.62,0.0157019149034045,-0.00626458091935927,-8.447363749304618
135.63,0.0156393649955923,-0.006245404100112522,-8.38593663560106
135.64,0.0155770067505394,-0.006226248611674914,-8.487511535533725
135.65,0.0155148399528067,-0.006207114303325052,-8.620401465287493
135.66,0.0154528643945207,-0.006188000911973403,-8.589552808662914
135.67,0.0153910798638417,-0.0061689087656631855,-8.64669871864367
135.68,0.0153294861482562,-0.0061498379045950265,-8.685375127823134
135.69,0.0152680830345703,-0.006130788391024205,-8.909577159405957
135.7,0.0152068703089009,-0.006111759899725761,-7.900476146385044
135.71,0.0151458477559222,-0.006092756238025866,-8.382771949168692
135.72,0.0150850151070385,-0.006073775886777485,-9.28058499467552
135.73,0.0150243721682342,-0.006054815882755033,-8.574472594440898
135.74,0.0149639187138102,-0.006035878796991698,-8.700338464930747
135.75,0.0149036545160264,-0.006016964590151612,-8.71612234968226
135.76,0.0148435793450151,-0.0059980734794507495,-8.442074629311195
135.77,0.0147836929686916,-0.005979206313900899,-9.954392648159423
135.78,0.0147239951526659,-0.0059603581537083766,-9.50036239543401
135.79,0.0146644857349009,-0.005941530851196614,-8.180352831793817
135.8,0.0146051644531345,-0.005922729166833368,-9.13605439711047
135.81,0.014546031074584,-0.005903950325465889,-9.126654988514122
135.82,0.0144870853701507,-0.005885194390629134,-9.159279297395862
135.83,0.0144283271100864,-0.005866461461869211,-9.324581082089706
135.84,0.0143697560640292,-0.005847751351339955,-8.768629880508223
135.85,0.0143113720010363,-0.005829066134054184,-8.90882690663578
135.86,0.0142531746599107,-0.00581040554674253,-9.552621158355224
135.87,0.0141951638132249,-0.005791767695243255,-9.296707220947294
135.88,0.0141373392271471,-0.0057731535449026365,-9.285525411223928
135.89,0.0140797006623567,-0.005754563421521651,-9.343625286795843
135.9,0.0140222478783534,-0.005735997389375762,-9.33396602593485
135.91,0.0139649806334579,-0.0057174557074499924,-9.364986846399297
135.92,0.0139078986826818,-0.005698938502030114,-9.447892197547457
135.93,0.0138510017818779,-0.005680445736641601,-9.468277433413299
135.94,0.013794289685957,-0.005661977566528296,-9.491414398979225
135.95,0.0137377621480565,-0.005643534148274176,-9.526652191845745
135.96,0.013681418920094,-0.0056251155997366865,-9.560897518441129
135.97,0.0136252597527668,-0.005606722039381756,-9.594598467994784
135.98,0.0135692843956078,-0.00558835358788989,-9.626356266276646
135.99,0.0135134925968927,-0.005570010371804988,-9.659654069654547
136.0,0.013457884103648,-0.005551692513078285,-9.69266518835518
136.01,0.013402458661705,-0.00553340013199659,-9.741825184181698
136.02,0.0133472160156756,-0.005515133318394986,-9.701228863687057
136.03,0.0132921559089531,-0.005496892430254105,-9.669014249787555
136.04,0.0132372780798402,-0.005478677776035911,-9.82065683589479
136.05,0.0131825822666523,-0.00546048912514422,-9.875064281249978
136.06,0.0131280682103935,-0.005442326523944939,-9.845002507048125
136.07,0.0130737356483968,-0.005424190275277504,-9.888459977694525
136.08,0.0130195843166696,-0.005406080485465805,-9.903422974637738
136.09,0.0129656139498944,-0.005387997332284089,-9.9084525520632
136.1,0.0129118242806302,-0.005369941015448366,-9.96706955135387
136.11,0.0128582150399557,-0.005351911582692516,-10.009104290201703
136.12,0.0128047859590138,-0.005333909126900007,-10.017525460210997
136.13,0.0127515367668863,-0.005315933836437511,-10.045995604245642
136.14,0.012698467191303,-0.005297985845915823,-10.082630709016943
136.15,0.0126455769586418,-0.005280065258486663,-10.143211239164964
136.16,0.0125928657945677,-0.005262172120169077,-10.140690493948375
136.17,0.0125403334240223,-0.005244306648724175,-10.146097522388235
136.18,0.0124879795687673,-0.005226469040513317,-10.199155903986147
136.19,0.0124358039500855,-0.005208659363226612,-10.220982776346622
136.2,0.0123838062879349,-0.0051908777596457525,-10.251973495567116
136.21,0.0123319863009503,-0.0051731243465642065,-10.31544762374778
136.22,0.0122803437068432,-0.005155399162296782,-10.317321981363037
136.23,0.0122288782229396,-0.005137702406728306,-10.317953029089534
136.24,0.0121775895633249,-0.0051200342824641015,-10.371721772150357
136.25,0.0121264774416113,-0.0051023948550292,-10.394325998042346
136.26,0.0120755415701125,-0.00508478426220994,-10.42082184970057
136.27,0.0120247816598439,-0.00506720263202913,-10.47041753778478
136.28,0.0119741974206509,-0.005049650037448388,-10.484410184391159
136.29,0.011923788561762,-0.005032126641116644,-10.493253031667859
136.3,0.0118735547899511,-0.005014632617775774,-10.535844733554972
136.31,0.0118234958111795,-0.004997168058580841,-10.55965154382677
136.32,0.011773611330124,-0.004979733096320766,-10.58359639610459
136.33,0.0117239010501749,-0.004962327862351772,-10.627343440268183
136.34,0.0116743646734728,-0.004944952442053364,-10.644776595044593
136.35,0.0116250019014521,-0.004927606984385727,-10.655636407426984
136.36,0.011575812433388,-0.004910291653199131,-10.693199625228898
136.37,0.0115267959676228,-0.004893006548739963,-10.717015903060997
136.38,0.0114779522012223,-0.004875751801550864,-10.726086343448351
136.39,0.0114292808299753,-0.004858527563258361,-10.836546794711527
136.4,0.0113807815483941,-0.004841333760776658,-10.829113644686505
136.41,0.0113324540525882,-0.004824170597973367,-10.779667450628462
136.42,0.0112842980334187,-0.004807038373862496,-10.860369539729719
136.43,0.0112363131819289,-0.004789937092530868,-10.87898851864918
136.44,0.0111884991879832,-0.00477286688618086,-10.87961780645517
136.45,0.0111408557402079,-0.004755827914004983,-11.030537766082258
136.46,0.0110933825259924,-0.004738820012039168,-11.026445549110717
136.47,0.0110460792356831,-0.004721843370489194,-10.930367449888056
136.48,0.0109989455532295,-0.004704898382049142,-11.023423608059636
136.49,0.0109519811625634,-0.0046879850276100215,-11.052273899274242
136.5,0.0109051857468807,-0.004671103408520015,-11.060060138541084
136.51,0.0108585589882059,-0.004654253667254969,-11.161547813193142
136.52,0.0108121005673919,-0.004637435749809153,-11.194569766308014
136.53,0.0107658101667236,-0.004620649755874163,-11.141515375443625
136.54,0.0107196874649994,-0.004603895968658322,-11.191044634870634
136.55,0.0106737321397708,-0.004587174456655886,-11.237508057493086
136.56,0.0106279438680085,-0.004570485288441804,-11.226382555526413
136.57,0.0105823223255951,-0.004553828651251603,-11.251403018403886
136.58,0.0105368671862068,-0.004537204655729113,-11.310272029078842
136.59,0.0104915781235074,-0.004520613341415823,-11.322645200867072
136.6,0.0104464548099944,-0.0045040548426858425,-11.318667461783832
136.61,0.0104014969168658,-0.0044875293127875915,-11.463155788105823
136.62,0.0103567041141963,-0.004471036613586674,-11.480511788185243
136.63,0.0103120760746571,-0.004454576869424151,-11.390733599324689
136.64,0.0102676124659552,-0.004438150417838382,-11.46779490184407
136.65,0.0102233129552679,-0.004421757271930895,-11.490847826592809
136.66,0.0101791772092233,-0.004405397524749148,-11.573394491835852
136.67,0.0101352048934336,-0.0043890711633149965,-11.592314596242215
136.68,0.0100913956742507,-0.0043727783026899746,-11.563760822753775
136.69,0.0100477492150849,-0.004356519148366693,-11.619443617584439
136.7,0.0100042651787565,-0.004340293748950758,-11.619451111881173
136.71,0.009960943227284,-0.00432410222920834,-11.791494318202549
136.72,0.0099177830217176,-0.00430794440600166,-11.792163397914065
136.73,0.0098747842262787,-0.004291820424954119,-11.689882403804894
136.74,0.0098319464994343,-0.004275730622217584,-11.795519424600972
136.75,0.0097892695000121,-0.004259674955978367,-11.814419430834993
136.76,0.0097467528862509,-0.004243653517203213,-11.889310974356952
136.77,0.0097043963155289,-0.004227666307350013,-11.907537072337387
136.78,0.0096621994456331,-0.0042117134323249655,-11.896282003939756
136.79,0.0096201619319517,-0.004195795049997475,-11.952819378541717
136.8,0.0095782834295123,-0.004179911200026618,-11.9598126791287
136.81,0.0095365635925622,-0.004164061989209142,-12.095062960407189
136.82,0.0094950020745203,-0.004148247311831719,-12.09410597039133
136.83,0.0094535985307208,-0.004132467303575834,-12.035189967053993
136.84,0.0094123526122009,-0.004116722199439055,-12.130239686631517
136.85,0.0093712639704361,-0.004101011974352474,-12.127764792712705
136.86,0.0093303322561754,-0.0040853367388359735,-12.297117896345636
136.87,0.0092895571194391,-0.0040696963321558595,-12.283700616244722
136.88,0.0092489382128852,-0.004054090905574107,-12.202192939401012
136.89,0.0092084751839732,-0.004038520722941707,-12.320878527951539
136.9,0.0091681676811171,-0.004022985719339944,-12.342600596923996
136.91,0.0091280153520473,-0.004007485974560837,-12.360903931369595
136.92,0.0090880178437988,-0.003992021581415807,-12.395981561542918
136.93,0.0090481748023741,-0.003976592603304226,-12.44235941387472
136.94,0.0090084858735014,-0.003961199091055791,-12.376657542395927
136.95,0.0089689507020646,-0.003945841218809098,-12.871708848932972
136.96,0.0089295689322495,-0.003930518305291705,-12.824902178338112
136.97,0.008890340218616,-0.003915230541530045,-12.503984918051275
136.98,0.0088512642025476,-0.0038999785473192343,-12.82839138279133
136.99,0.008812340529433,-0.003884761967006655,-12.737524044389332
137.0,0.0087735688444638,-0.0038695810316040735,-12.800846017487967
137.01,0.0087349487899864,-0.0038544357553658287,-12.939152585086488
137.02,0.0086964800107673,-0.003839326031685834,-12.991201319611447
137.03,0.0086581621505049,-0.0038242519127108018,-12.757303780922655
137.04,0.0086199948524141,-0.003809213875841707,-12.793993912300877
137.05,0.0085819777526861,-0.003794211974498362,-13.078361278384023
137.06,0.0085441104933179,-0.0037792458960458505,-12.942887141683329
137.07,0.0085063927146751,-0.0037643159043941467,-13.225912970036289
137.08,0.0084688240558516,-0.0037494216892899803,-13.302373863168935
137.09,0.008431404161483,-0.0037345632468265668,-13.098866346343335
137.1,0.0083941326704959,-0.003719740981848408,-13.141889028285462
137.11,0.0083570092214487,-0.003704954913013366,-13.61336128498413
137.12,0.008320033453399,-0.003690204436351645,-13.780846755601782
137.13,0.0082832050142694,-0.003675489410095859,-13.457688341325518
137.14,0.0082465235454237,-0.003660810386802548,-13.629198839730577
137.15,0.0082099886868578,-0.0036461672583858185,-13.682525592463554
137.16,0.0081736000805225,-0.0036315600455932243,-13.691473324819498
137.17,0.0081373573660661,-0.003616988823250877,-13.87507492804974
137.18,0.0081012601845613,-0.003602453432612598,-13.989843494851028
137.19,0.0080653081779583,-0.003587953827254989,-13.80430096676717
137.2,0.0080295009875736,-0.003573490374619067,-13.711264127039144
137.21,0.0079938382494351,-0.0035590632976299687,-14.025759399886809
137.22,0.00795831960133,-0.003544672275522535,-14.060026364415547
137.23,0.0079229446837251,-0.0035303173264140723,-14.187332495692871
137.24,0.0078877131349563,-0.003515998350899216,-14.502489512778283
137.25,0.0078526245976152,-0.003501715036050056,-14.363221791624447
137.26,0.0078176787145587,-0.003487467647514976,-14.352301111728309
137.27,0.0077828751248703,-0.003473256271636655,-14.856686287733616
137.28,0.0077482134706989,-0.0034590803544607878,-14.86981757905068
137.29,0.0077136933993332,-0.0034449399509975213,-14.83093114962435
137.3,0.0076793145527972,-0.003430835218528293,-14.841234568149543
137.31,0.0076450765757764,-0.003416766254249984,-14.867695282618506
137.32,0.0076109791084679,-0.003402733102486708,-15.193051400856863
137.33,0.0075770217952088,-0.0033887354592149936,-15.179984593689305
137.34,0.0075432042805548,-0.003374773426163347,-15.13479042772823
137.35,0.0075095262075774,-0.003360847154523364,-15.283675870391226
137.36,0.0074759872185563,-0.0033469565612357895,-15.356911044592996
137.37,0.0074425869577636,-0.0033331016029624475,-15.913110359282808
137.38,0.0074093250693927,-0.00331928170055833,-15.95585173352318
137.39,0.0073762012066241,-0.0033054968940242086,-15.647483559418696
137.4,0.0073432150135073,-0.003291747606810031,-16.247831041675525
137.41,0.0073103661379633,-0.003278033238510849,-16.49396363646808
137.42,0.0072776542329235,-0.0032643535683591837,-16.465067983658482
137.43,0.007245078950575,-0.0032507087151449664,-16.591977325926837
137.44,0.007212639942604,-0.003237098652092502,-16.541859744908695
137.45,0.0071803368612247,-0.0032235235224308094,-16.783666191016934
137.46,0.0071481693563722,-0.003209983138679996,-17.139605624229304
137.47,0.0071161370834123,-0.0031964772054575287,-16.995327725710567
137.48,0.0070842396967464,-0.003183005961455857,-17.16569154823221
137.49,0.0070524768488732,-0.0031695693248416923,-17.360726782107307
137.5,0.0070208481954341,-0.0031561671559792344,-17.686819524019533
137.51,0.0069893533918949,-0.0031427991583124816,-18.20698621460489
137.52,0.0069579920996375,-0.003129464870076635,-18.07936143357401
137.53,0.0069267639814979,-0.0031161645098833402,-18.112385360354875
137.54,0.0068956686966673,-0.003102898096760836,-19.12032378197486
137.55,0.0068647059093193,-0.003089664661275822,-19.357785235427894
137.56,0.00683387529382,-0.0030764640345608465,-19.132617350087358
137.57,0.0068031765180726,-0.0030632965826508742,-18.961041573830496
137.58,0.006772609250841,-0.0030501626061216593,-19.35226704103252
137.59,0.0067421731554054,-0.0030370618069724504,-19.877831213095448
137.6,0.006711867905217,-0.003023993770286694,-19.65848477148239
137.61,0.0066816931699173,-0.0030109588067708413,-19.780895775978614
137.62,0.0066516486193706,-0.0029979568672074855,-20.79175689005542
137.63,0.0066217339254467,-0.0029849870196600593,-21.466535215700052
137.64,0.0065919487735171,-0.00297204869627581,-21.06474743188984
137.65,0.0065622928454485,-0.0029591423309066438,-22.019593587327844
137.66,0.0065327658229381,-0.0029462671224966446,-22.622152290152812
137.67,0.0065033674005235,-0.002933422581774999,-22.717466669006633
137.68,0.0064740972688167,-0.002920608753556677,-22.529201727912227
137.69,0.0064449551222903,-0.002907825949639141,-22.95348294139688
137.7,0.0064159406474993,-0.0028950738865966773,-23.841052109704542
137.71,0.006387053543941,-0.0028823518918617004,-23.54608316836468
137.72,0.0063582935084139,-0.0028696603353791554,-23.884166278606056
137.73,0.0063296602366305,-0.00285699903402499,-24.743779318642495
137.74,0.0063011534292608,-0.002844367286109182,-25.79148252133362
137.75,0.0062727727947992,-0.0028317642648258683,-25.78182222950529
137.76,0.0062445180480966,-0.0028191900655325317,-26.410286771526025
137.77,0.006216388899096,-0.0028066442403441197,-27.631558370031343
137.78,0.0061883850714991,-0.0027941258541541334,-27.84618651492685
137.79,0.0061605062908605,-0.0027816348277241707,-28.317959693944378
137.8,0.0061327522847111,-0.002769170903111685,-29.072968481266017
137.81,0.0061051227841189,-0.002756733569520851,-29.986163422853135
137.82,0.0060776175259397,-0.0027443222814433252,-29.071455214538087
137.83,0.0060502362490318,-0.0027319379761533676,-29.58520768573453
137.84,0.0060229786777875,-0.002719580396720846,-31.183408952512977
137.85,0.0059958445560397,-0.0027072483182874808,-32.626778624675865
137.86,0.0059688336296094,-0.0026949406644816705,-33.028472283729535
137.87,0.0059419456618015,-0.0026826572744391387,-33.093894597578874
137.88,0.0059151804036197,-0.002670398212680808,-35.24729742081381
137.89,0.0058885376210548,-0.002658161964109197,-35.60321542288733
137.9,0.0058620170891575,-0.0026459483392749458,-36.835004241710116
137.91,0.005835618581797,-0.0026337565101108174,-38.719708172683134
137.92,0.0058093418902703,-0.00262158516684337,-39.72167724575882
137.93,0.0057831868111705,-0.002609433808100787,-38.54968544999341
137.94,0.0057571531441667,-0.0025973036047691554,-39.17667797202802
137.95,0.0057312406699403,-0.0025851943329433576,-41.24974529990338
137.96,0.005705449193001,-0.0025731045142607725,-44.513869348511136
137.97,0.0056797785217981,-0.0025610318237574876,-45.59877315024419
137.98,0.0056542285007404,-0.0025489756889966715,-44.85115115214341
137.99,0.0056287989507064,-0.0025369369273200255,-46.39278321367023
138.0,0.005603489706947,-0.002524914754805838,-47.45213302387245
138.01,0.0055783006027293,-0.0025129085763108314,-49.896015761786494
138.02,0.0055532314875003,-0.0025009167958266318,-52.73021594736269
138.03,0.0055282822242901,-0.0024889375967983617,-53.69161321511692
138.04,0.0055034526949326,-0.002476970560515815,-54.43353278764897
138.05,0.0054787427738035,-0.00246501544625667,-56.947246375772934
138.06,0.0054541523508694,-0.0024530708180058904,-58.563990786178785
138.07,0.0054296813253353,-0.0024411358207241437,-60.324249346778785
138.08,0.0054053296053477,-0.0024292095598500013,-62.164835400821765
138.09,0.0053810971081168,-0.0024172911107800212,-63.83408755686887
138.1,0.0053569837603034,-0.0024053796206991913,-67.03956436037599
138.11,0.0053329894982745,-0.002393473265001695,-69.07203103917266
138.12,0.0053091142810932,-0.002381571033613296,-70.29807758537179
138.13,0.0052853580662354,-0.0023696724132225527,-74.40680332526847
138.14,0.0052617208280242,-0.0023577750960300705,-76.51995099079899
138.15,0.0052382025633092,-0.0023458780522674417,-78.32452750088389
138.16,0.0052148032692072,-0.0023339804799316064,-82.18946281758338
138.17,0.0051915229619715,-0.0023220803303333516,-84.49996537509065
138.18,0.0051683616749144,-0.0023101765135541785,-87.28366722772799
138.19,0.0051453194486068,-0.002298267686561682,-91.03672918255147
138.2,0.0051223963439161,-0.0022863519572125044,-93.43659502219684
138.21,0.0050995924363725,-0.0022744282473816796,-97.26151179999086
138.22,0.0050769078119055,-0.002262494655567458,-101.16599287112346
138.23,0.0050543425822078,-0.0022505492858658103,-103.49284615857285
138.24,0.0050318968692666,-0.0022385911650766796,-108.54988716679206
138.25,0.0050095708095652,-0.002226617761259986,-112.33991965002893
138.26,0.0049873645705739,-0.0022146273278525258,-114.97977382592258
138.27,0.0049652783240174,-0.00220261879102915,-120.8073817123986
138.28,0.0049433122642265,-0.002190589285737471,-124.59877682314067
138.29,0.0049214666137095,-0.0021785371385333228,-128.11068356510376
138.3,0.0048997416023992,-0.0021664608646608753,-134.16606334020594
138.31,0.004878137486023,-0.0021543575833383247,-138.14259134511136
138.32,0.0048566545464938,-0.0021422256034116976,-142.64507768600222
138.33,0.0048352930764669,-0.002130062973339209,-148.89430950600664
138.34,0.0048140533983598,-0.0021178668188216445,-153.01066787257508
138.35,0.0047929358577517,-0.0021056354570816197,-158.6996345079342
138.36,0.0047719408150308,-0.0020933663819300273,-164.97227973966105
138.37,0.0047510686646847,-0.00208105682129584,-169.21496578666168
138.38,0.0047303198196554,-0.002068705109381696,-176.30154391209282
138.39,0.004709694713304,-0.0020563080897524856,-182.3484494116378
138.4,0.004689193817111,-0.002043863216042486,-186.99556988770834
138.41,0.0046688176150998,-0.002031368704048335,-195.03935961190916
138.42,0.0046485666199469,-0.0020188209977216294,-201.04113675737955
138.43,0.004628441380477,-0.002006217660380025,-206.54795074841553
138.44,0.0046084424598552,-0.001993556549820014,-214.85530158580502
138.45,0.0045885704536118,-0.0019808340795124464,-221.04837578521446
138.46,0.0045688259910037,-0.001968047799311666,-227.51615675697954
138.47,0.0045492097192065,-0.0019551951509850325,-235.85447496850287
138.48,0.0045297223205302,-0.0019422726307599626,-242.25241453099136
138.49,0.004510364507942,-0.0019292777617033736,-249.7114650560461
138.5,0.0044911370165789,-0.0019162075491499784,-257.9285634318266
138.51,0.0044720406190005,-0.0019030586356400098,-264.5193057118453
138.52,0.0044530761148962,-0.0018898285124591954,-272.9232184038632
138.53,0.0044342443307572,-0.0018765137614033176,-280.89039667800563
138.54,0.0044155461321276,-0.0018631112134816696,-287.782642529748
138.55,0.0043969824082201,-0.0018496182609750028,-296.7241968887293
138.56,0.0043785540802172,-0.001836031253050838,-304.5535751019242
138.57,0.004360262106791,-0.0018223471219483438,-311.8966211036544
138.58,0.0043421074710609,-0.0018085630760800006,-320.4422436826439
138.59,0.0043240911896035,-0.0017946757022824801,-328.3341030977239
138.6,0.0043062143118468,-0.0017806819004316464,-336.4358107817148
138.61,0.0042884779173521,-0.00176657843348169,-345.4979586418879
138.62,0.0042708831211015,-0.0017523615352916457,-353.7707392042057
138.63,0.0042534310756589,-0.0017380278659641585,-361.18494505415856
138.64,0.0042361229625362,-0.0017235745771283554,-368.63680281149954
138.65,0.0042189599927454,-0.0017089987720999905,-377.05419186199526
138.66,0.0042019434070489,-0.001694296973393346,-385.2532709510673
138.67,0.0041850744844125,-0.0016794657804591493,-392.5777797178057
138.68,0.0041683545326802,-0.0016645022392975306,-400.17712516256034
138.69,0.0041517848914509,-0.00164940319629589,-408.2795383675315
138.7,0.0041353669320718,-0.0016341651394849459,-415.9865531586481
138.71,0.0041191020631008,-0.0016187847147258422,-423.06268401165784
138.72,0.0041029917226176,-0.0016032588595208189,-430.3710158107007
138.73,0.0040870373815844,-0.0015875843109599906,-437.57488121684884
138.74,0.0040712405430831,-0.0015717577572708717,-444.7217275861472
138.75,0.00405560274414,-0.0015557758445524873,-450.9661265701502
138.76,0.0040401255539349,-0.0015396356402733124,-457.50264759737877
138.77,0.0040248105697451,-0.0015233339337383483,-464.1091274903288
138.78,0.0040096594247567,-0.0015068673444250044,-469.9917394950369
138.79,0.003994673782763,-0.0014902327897941669,-475.80828635590075
138.8,0.0039798553394091,-0.001473427106380809,-481.393332104979
138.81,0.0039652058217396,-0.0014564471080133494,-486.95591666370467
138.82,0.0039507269893352,-0.0014392894639591728,-491.9812788858089
138.83,0.0039364206351334,-0.0014219510138607711,-496.6866130935147
138.84,0.0039222885822346,-0.0014044286280341758,-501.3324755029568
138.85,0.0039083326865981,-0.0013867190270475175,-505.54953552679456
138.86,0.0038945548364169,-0.001368819007854996,-509.4562854611974
138.87,0.0038809569518375,-0.001350725371567476,-513.0633742812423
138.88,0.0038675409850924,-0.0013324349046658435,-516.3214241464152
138.89,0.0038543089205902,-0.0013139443986450229,-519.3979872126941
138.9,0.0038412627749984,-0.0012952505257183057,-522.0830921735329
138.91,0.0038284045989229,-0.0012763499881883302,-524.2377945630444
138.92,0.0038157364748402,-0.0012572396068875119,-526.4483161925738
138.93,0.0038032605179072,-0.001237915877379154,-528.1215767876824
138.94,0.0037909788796993,-0.001218375412987486,-529.2346951326518
138.95,0.0037788937430812,-0.0011986149640966501,-530.4376783595987
138.96,0.0037670073257907,-0.001178630888597499,-531.0355745428909
138.97,0.00375532188233,-0.0011584197047858529,-531.1814216415762
138.98,0.0037438397003214,-0.001137977974301692,-531.3083474660189
138.99,0.0037325631039011,-0.0011173019111666523,-530.8297339304372
139.0,0.0037214944552757,-0.0010963878989791699,-529.9198965722264
139.01,0.0037106361513044,-0.0010752323323591799,-529.1008691596979
139.02,0.0036999906274253,-0.0010538310987933182,-527.5753956391887
139.03,0.003689560360981,-0.0010321803678158188,-525.5622227898473
139.04,0.0036793478645437,-0.0010102763800233353,-523.7797826451531
139.05,0.0036693556923895,-0.0009881146548733287,-521.241937355526
139.06,0.0036595864442961,-0.0009656910708566678,-518.2162648108027
139.07,0.003650042757585,-0.0009430015965050187,-515.4020630884058
139.08,0.0036407273146105,-0.00092004141794667,-511.88886528193376
139.09,0.0036316428464853,-0.0008968060608950046,-507.91675353475614
139.1,0.0036227921256521,-0.0008732911261799898,-504.12185298078555
139.11,0.0036141779732252,-0.0008494913822283238,-499.67750728952643
139.12,0.0036058032636713,-0.0008254019384575002,-494.7852754036549
139.13,0.0035976709165063,-0.0008010179982716764,-490.0982205626549
139.14,0.0035897839045158,-0.0007763337803416754,-484.7844391185295
139.15,0.0035821452597738,-0.0007513438964308161,-479.0377927631348
139.16,0.0035747580634523,-0.0007260430894341439,-473.50608157111935
139.17,0.00356762545557,-0.0007004249714199964,-467.3982775367888
139.18,0.0035607506416175,-0.0006744835724783402,-460.8947756936282
139.19,0.0035541368816658,-0.0006482130658449954,-454.60919408684236
139.2,0.0035477875009161,-0.0006216063267841926,-447.77801132356456
139.21,0.0035417058978602,-0.0005946567589525059,-440.585896580754
139.22,0.0035358955303868,-0.0005673579705766376,-433.5867528951461
139.23,0.0035303599285057,-0.0005397021568008134,-426.2193420680073
139.24,0.0035251027025493,-0.0005116817171541802,-418.48804583964954
139.25,0.0035201275339763,-0.0004832894679574934,-410.78871527590553
139.26,0.0035154381802101,-0.0004545172192224966,-403.02653823170715
139.27,0.003511038485947,-0.00042535598821166136,-394.88494162115956
139.28,0.0035069323846216,-0.0003957975550382951,-386.6219087023762
139.29,0.0035031238878537,-0.00036583343290751916,-378.48213915238046
139.3,0.0034996171020683,-0.0003354534052441927,-370.0399570317943
139.31,0.0034964162374695,-0.00030464806130831154,-361.4515624238679
139.32,0.0034935255901773,-0.0002734081682724861,-352.99400142245423
139.33,0.0034909495600827,-0.00024172243904501236,-344.35387026839305
139.34,0.0034886926631666,-0.0002095801542866503,-335.60970372062263
139.35,0.0034867595140693,-0.00017697096891584858,-326.93654295116824
139.36,0.0034851548405845,-0.00014388281706249418,-318.22030806608836
139.37,0.0034838834956958,-0.00011030321161332318,-309.4466557454515
139.38,0.0034829504542261,-7.622036439834394e-05,-300.7027488110476
139.39,0.0034823608085957,-4.162169541834322e-05,-291.9951932812379
139.4,0.0034821197875115,-6.4927773066520734e-06,-283.2946413119247
139.41,0.0034822327654292,2.9179826287502812e-05,-274.6508849309103
139.42,0.0034827052421709,6.540946601583624e-05,-266.02437558727945
139.43,0.0034835428667164,0.00010221289461165613,-257.50131069176183
139.44,0.0034847514618872,0.00013960491210999538,-249.0846366899802
139.45,0.0034863369758062,0.00017759986602502103,-240.73626086504657
139.46,0.0034883055254361,0.00021621434677665993,-232.37854580727588
139.47,0.0034906633911846,0.00025546748571249247,-224.19433986283738
139.48,0.0034934170633012,0.0002953773466124935,-216.27936899311652
139.49,0.0034965731804415,0.00033595952051498673,-208.395423506738
139.5,0.0035001385578978,0.00037723250884249426,-200.5095649305493
139.51,0.0035041202054956,0.0004192178090950239,-192.69334743376413
139.52,0.0035085253626729,0.0004619382326658085,-185.38213606799624
139.53,0.0035133614815509,0.0005054118799416553,-178.16891484311256
139.54,0.0035186361784203,0.0005496583596241698,-170.89394908985938
139.55,0.0035243573058818,0.0005947016346183195,-163.6109209451635
139.56,0.0035305329541652,0.0006405683664799848,-156.90672934581895
139.57,0.0035371714913559,0.0006872805901866904,-150.45013186890748
139.58,0.0035442814582355,0.0007348598094091698,-143.8938697593766
139.59,0.0035518716676218,0.0007833325061666518,-137.23000131301785
139.6,0.0035599511871633,0.0008327294027916592,-131.20001666243775
139.61,0.0035685294220383,0.0008830764356666719,-125.54789530632127
139.62,0.0035776159652325,0.0009343974357725127,-119.67198002317824
139.63,0.0035872207198954,0.0009867227425791878,-113.84433607492646
139.64,0.0035973538777274,0.0010400855091458325,-108.37099839059209
139.65,0.003608025992888,0.0010945175814808185,-103.44826159660725
139.66,0.0036192478880758,0.0011500466692141575,-98.4289368006284
139.67,0.0036310306929049,0.001206705146368344,-93.40288581626463
139.68,0.0036433858775569,0.001264529371980004,-88.49981809969815
139.69,0.0036563252911726,0.0013235574694441636,-84.23679940573035
139.7,0.0036698611495798,0.0013838221092441513,-80.06964069119532
139.71,0.0036840059727548,0.0014453577685708363,-75.79834475635509
139.72,0.0036987726771052,0.0015082045714333535,-71.51042100606084
139.73,0.0037141745791473,0.0015724065799199876,-67.87866551633182
139.74,0.0037302254521478,0.0016380016617708415,-64.477205694814
139.75,0.0037469393835052,0.0017050271351191741,-60.89607146341006
139.76,0.0037643309125559,0.0017735273523841622,-57.334039833417066
139.77,0.0037824150061978,0.0018435505067433211,-54.11686580198991
139.78,0.0038012071514025,0.0019151428204733302,-51.3756688272052
139.79,0.0038207232334688,0.0019883455952883432,-48.47595658502758
139.8,0.0038409795922671,0.0020632065677249766,-45.6910145246683
139.81,0.00386199306168,0.0021397759868599904,-42.839672909729394
139.82,0.0038837809889651,0.002218109243515826,-40.52503866503001
139.83,0.0039063612886296,0.0022982551119483264,-38.372864121143174
139.84,0.003929752298642,0.0023802622050508393,-36.05897722171276
139.85,0.0039539729256614,0.0024641868383150417,-33.86312274927869
139.86,0.0039790426206134,0.0025500871338091586,-31.878795551769976
139.87,0.004004981443803,0.0026380202919574847,-30.14387872212254
139.88,0.0040318099877177,0.002728041206359994,-28.36088317548461
139.89,0.0040595494274609,0.0028202097294958363,-26.695334936538643
139.9,0.0040882215451134,0.0029145869264199783,-25.140514791607067
139.91,0.0041178487354291,0.0030112347951333582,-23.691524980072252
139.92,0.0041484540202929,0.0031102162439191738,-22.33413884511791
139.93,0.0041800610534809,0.0032115953918916756,-21.024217292659948
139.94,0.0042126941402575,0.0033154385187500034,-19.94672779330801
139.95,0.0042463782481189,0.0034218083094116653,-18.835287858735384
139.96,0.0042811389551469,0.003530772028722495,-17.695054662090183
139.97,0.0043170025754667,0.003642402101474951,-16.740530862145008
139.98,0.0043539961155932,0.0037567679742708587,-15.886727891158344
139.99,0.0043921472795123,0.0038739378436791834,-15.288924658917939
140.0,0.0044314844305992,0.003993973156689941,-14.37227278107746
140.01,0.0044720365542732,0.004116951575834168,-13.516318638571601
140.02,0.0045138335348776,0.004242953100015004,-12.875417677304318
140.03,0.0045569059246394,0.004372049558157497,-12.719936934003039
140.04,0.004601285021527,0.004504291896874151,-12.15144101717478
140.05,0.0046470025004895,0.00463975289937754,-11.259600166533161
140.06,0.0046940911140535,0.004778527342640874,-10.915291674988389
140.07,0.0047425843169261,0.0049206838149216114,-10.616503213935209
140.08,0.0047925162719029,0.005066286666788322,-10.682292868841678
140.09,0.0048439217054941,0.005215380766068373,-10.051498002388794
140.1,0.0048968358225829,0.005368055073743348,-9.490530712233097
140.11,0.0049512950304379,0.005524400441330003,-9.273745759886907
140.12,0.0050073362626041,0.005684481670428325,-9.82442904212468
140.13,0.0050649971727041,0.00584830834378418,-9.547534531093524
140.14,0.0051243151602611,0.006015948256715011,-8.72211829017366
140.15,0.0051853292104398,0.006187518559943319,-8.813597172603401
140.16,0.0052480787736839,0.00636306465499753,-8.922134460469803
140.17,0.0053126038528933,0.006542620259502504,-9.571192431686825
140.18,0.0053789445412894,0.006726171620524994,-8.997777025821454
140.19,0.0054471409201435,0.006913813463896735,-8.555887509844144
140.2,0.0055172347172225,0.007105637384672496,-8.7068162721184
140.21,0.0055892676446905,0.007301665942849146,-9.732817686249506
140.22,0.0056632818515047,0.007501825160176689,-9.620890360959198
140.23,0.0057393180812592,0.0077061545724449445,-8.850876525459867
140.24,0.0058174191905509,0.007914775195801665,-9.308411855555489
140.25,0.0058976278083667,0.008127665850678367,-9.591335261199358
140.26,0.0059799866448685,0.008344805581828338,-10.452039679259553
140.27,0.0060645378137186,0.008566098735035822,-10.27316007355633
140.28,0.0061513225635467,0.00879157465702413,-10.038217568597885
140.29,0.006240383309588,0.009021270930529192,-10.928089725153288
140.3,0.0063317616529808,0.009255062930180857,-11.288713694305232
140.31,0.0064254980175279,0.009492884058795014,-11.31754333474174
140.32,0.0065216326754442,0.009734714449244168,-11.610172475573883
140.33,0.0066202054022398,0.009980485402941648,-12.46198599200254
140.34,0.0067212549967667,0.01023003212562417,-12.763138501265779
140.35,0.0068248183397549,0.010483264387811657,-12.840694518424522
140.36,0.0069309323204901,0.010740123568420771,-13.604522005650251
140.37,0.0070396322654896,0.011000424920854181,-14.536188055788745
140.38,0.0071509515744338,0.011263941778456674,-14.866393550849942
140.39,0.007264921380802,0.011530543398669164,-15.111500831140122
140.4,0.0073815722295745,0.011800105094878334,-16.397708630824344
140.41,0.0075009322987749,0.012072306385074135,-17.289933992237714
140.42,0.0076230263068316,0.012346882877429145,-17.712572285435982
140.43,0.0077478772326499,0.012623653905748367,-18.545343052988006
140.44,0.007875505755283,0.012902353067579161,-20.062566617527406
140.45,0.0080059294176963,0.013182579226453326,-21.03154748599593
140.46,0.0081391614190933,0.01346402627312171,-21.838710318136137
140.47,0.0082752130359579,0.013746418755147441,-23.381086932874016
140.48,0.0084140915486012,0.01402934062034843,-24.96451795923106
140.49,0.0085558002031418,0.014312365784717567,-26.415973465048335
140.5,0.0087003378821227,0.014595099067673237,-27.9742590382066
140.51,0.0088476998099638,0.014877131518190874,-30.075418121074495
140.52,0.0089978765150564,0.015157965553799115,-32.2216049041187
140.53,0.0091508534844285,0.015437109118859134,-34.47174190288936
140.54,0.0093066114113844,0.015714072515564264,-37.1107759935634
140.55,0.0094651258863247,0.015988324674196683,-40.02070757680763
140.56,0.0096263670283583,0.01625931822408079,-43.32560620940993
140.57,0.0097902994593161,0.01652647868694662,-47.13497533226702
140.58,0.0099568818084259,0.016789199863901642,-51.24341502172928
140.59,0.0101260666844319,0.017046888036355855,-55.582979750318735
140.6,0.0102978008456165,0.017298972591168364,-61.17291019932106
140.61,0.0104720251924782,0.01754477869373008,-67.84418063440393
140.62,0.0106486731618561,0.017783587270041746,-73.84858645914703
140.63,0.0108276717711011,0.018014856683804936,-81.38622426480373
140.64,0.0110089430021947,0.01823795853657504,-91.48131717195086
140.65,0.0111924011131304,0.0184521019282784,-102.57105322113924
140.66,0.0113779528737015,0.018656561488064983,-111.88263589314792
140.67,0.0115654985117621,0.018850907561795756,-126.08404690772642
140.68,0.0117549348126805,0.01903440899357082,-144.6863343514811
140.69,0.0119461477175469,0.019206173437390128,-161.1485117811075
140.7,0.0121390174407514,0.019365676845969196,-178.8299506820531
140.71,0.0123334187238425,0.019512458994875775,-203.8808345809774
140.72,0.012529221641529,0.01964575284427755,-234.17143700580957
140.73,0.0127262862443826,0.01976472352722415,-257.56098494393547
140.74,0.0129244672637589,0.01986905959751997,-286.56871717833906
140.75,0.0131236168784148,0.019958264837043396,-324.39002790621106
140.76,0.0133235795620842,0.020031544333296607,-360.0379632281472
140.77,0.0135241928505398,0.020088286610995723,-380.0675445211806
140.78,0.0137252897207633,0.02012841014306342,-409.1814898356618
140.79,0.0139267037545281,0.02015136901919263,-439.60843836953745
140.8,0.014128257576823,0.020156401993954222,-446.0757048883853
140.81,0.0143297714167143,0.02014330763719416,-442.0967441461824
140.82,0.0145310627789784,0.0201119539903816,-435.18769447960653
140.83,0.014731948455308,0.02006199009637836,-420.2920102276609
140.84,0.0149322394067268,0.019993037334825083,-390.8021215765037
140.85,0.0151317456271361,0.01990501863731076,-360.2632664976017
140.86,0.0153302756734242,0.019797761389410837,-326.7299767717142
140.87,0.0155276363524099,0.019671141269418355,-291.9676202618166
140.88,0.0157236338421879,0.019525120331013338,-259.21798047984544
140.89,0.0159180740249155,0.019359665646840094,-228.1846936727353
140.9,0.0161107626137474,0.019174831484435717,-199.24135838855003
140.91,0.0163015066472651,0.018970800181884018,-174.87825612385475
140.92,0.0164901150428524,0.01874768640138004,-153.28527004276393
140.93,0.0166763974359294,0.01850567000669937,-133.74605828807026
140.94,0.0168601665548962,0.018245087638299087,-117.53552236827515
140.95,0.0170412383428116,0.01796624529291161,-103.61512688290453
140.96,0.0172194317813141,0.01766948791270268,-91.54938665968346
140.97,0.0173945698121232,0.01735523304751153,-81.09606688834666
140.98,0.0175664797598647,0.017023973547760012,-72.34891007039819
140.99,0.017734994205515,0.016676189460264335,-64.99804197056551
141.0,0.0178999501027173,0.01631235043824562,-58.265439407487044
141.01,0.0180611898197123,0.015933094865579,-52.67247478062529
141.02,0.0182185626208536,0.015539028490708207,-48.01558147847921
141.03,0.0183719229667359,0.01513071497410351,-43.672482950936896
141.04,0.0185211318600211,0.014708884945594086,-40.04221395657597
141.05,0.0186660579361599,0.014274236794595968,-36.965154582088495
141.06,0.0188065761827743,0.013827449118130181,-34.0998685682415
141.07,0.01894256913341,0.013369333249214795,-31.747174326027743
141.08,0.0190739275438463,0.012900625367645696,-29.719550862366976
141.09,0.0192005488348301,0.012422057242843492,-27.759819224585605
141.1,0.0193223387500176,0.011934522951585123,-26.2247995112938
141.11,0.0194392119136392,0.01143877488457423,-24.898379944979084
141.12,0.0195510894201289,0.010935557204231044,-23.553624729509494
141.13,0.0196579012095716,0.010425807444259128,-22.56752489234106
141.14,0.0197595862529691,0.009910262927664866,-21.708635056280976
141.15,0.0198560896830497,0.009389661844466773,-20.813842534940648
141.16,0.0199473656566339,0.008864933661261015,-20.191967439629938
141.17,0.020033377017554,0.008336803477618285,-19.651081622541863
141.18,0.0201140928896522,0.007806007306946673,-19.10309600280181
141.19,0.0201894911298819,0.007273422460074997,-18.75465790403976
141.2,0.0202595576784235,0.0067397375818316575,-18.458781402861984
141.21,0.0203242846325154,0.0062056674526609484,-18.175005449497498
141.22,0.0203836724009004,0.005672031235726619,-18.048956352899722
141.23,0.0204377288153778,0.005139459420964073,-17.962078130314946
141.24,0.0204864673930355,0.004608620795247658,-17.89936419158403
141.25,0.0205299094390805,0.004080267217682442,-17.967331837184673
141.26,0.0205680828950923,0.003554957207196665,-18.07220676557745
141.27,0.0206010207657103,0.0030332964048323044,-18.215890731806038
141.28,0.0206287631412103,0.002515951828837721,-18.464731247787807
141.29,0.0206513558394446,0.0020034154703041838,-18.76018896318943
141.3,0.0206688492655062,0.001496221527720696,-19.11281312774228
141.31,0.020681299903641,0.000994934426467621,-19.55084074708892
141.32,0.020688769071455,0.0004999812922626818,-20.05218444019277
141.33,0.0206913221558589,1.1816876711549565e-05,-20.627394064524132
141.34,0.0206890295281779,-0.0004691002994700796,-21.282434340787965
141.35,0.0206819655322188,-0.0009424012357865085,-22.020321386831263
141.36,0.0206702081182706,-0.0014077145210142882,-22.848104490367607
141.37,0.0206538390248949,-0.0018646864380191322,-23.76849708022396
141.38,0.0206329432121084,-0.002313007576190771,-24.791197106139766
141.39,0.0206076086554835,-0.0027523896232425444,-25.921752798212204
141.4,0.0205779260721223,-0.0031825729105784224,-27.176624345286104
141.41,0.0205439886597952,-0.003603311842432372,-28.554424758464798
141.42,0.0205058919958714,-0.004014397557670942,-30.062527327041625
141.43,0.0204637334665682,-0.004415655703546787,-31.749426373324095
141.44,0.0204176122332268,-0.004806901501349838,-33.581175534876465
141.45,0.020367629243064,-0.005187999971291088,-35.57107474044939
141.46,0.0203138863879998,-0.005558854482761814,-37.824458474420766
141.47,0.0202564867013071,-0.005919336682767232,-40.24541460786533
141.48,0.020195534437103,-0.006269378689615062,-42.86080229093125
141.49,0.0201311340378217,-0.0066089519344374875,-45.863197829268906
141.5,0.0200633905228704,-0.006937979213166544,-49.0564620995538
141.51,0.0199924096195788,-0.007256451513936701,-52.491611533686374
141.52,0.0199182965967398,-0.007564398231987615,-56.48050690084175
141.53,0.0198411568104493,-0.007861789497285061,-60.686114159731595
141.54,0.0197610958376729,-0.0081486668122209,-65.19847526839064
141.55,0.0196782182867178,-0.008425106567065833,-70.47307599190584
141.56,0.0195926284243543,-0.008691122392984283,-75.99200863815305
141.57,0.0195044302919484,-0.008946798265585879,-81.89924290560906
141.58,0.0194137265666758,-0.009192248118424905,-88.82077052991676
141.59,0.0193206192171601,-0.009427523667420584,-96.0012864645441
141.6,0.0192252096002589,-0.009652743817673323,-103.6562609905744
141.61,0.0191275974007037,-0.009868052156024147,-112.61512161427599
141.62,0.0190278812931454,-0.010073532238195817,-121.8004139493006
141.63,0.018926159018975,-0.010269330782207344,-131.52152609709964
141.64,0.0188225264150128,-0.010455613984768249,-142.83640456551876
141.65,0.0187170780695078,-0.010632491312987635,-154.2370358043527
141.66,0.01860990737558,-0.010800130721738284,-166.16474854542903
141.67,0.0185011056610711,-0.010958713894143254,-179.90920061416125
141.68,0.0183907628341278,-0.011108369610094045,-193.35484609854097
141.69,0.0182789674051874,-0.011249282704191548,-206.9876784583013
141.7,0.0181658056817217,-0.01138165196940405,-222.7761180567389
141.71,0.0180513623663253,-0.011505614764385688,-237.5437420660836
141.72,0.0179357207595595,-0.011621362986700853,-251.56560137377537
141.73,0.0178189617996161,-0.011729111137316646,-268.03252596321926
141.74,0.0177011647064522,-0.011829002635281582,-282.41574808966516
141.75,0.0175824072779449,-0.011921231732588279,-294.83472664103346
141.76,0.0174627649024237,-0.012006019417782655,-309.52223079081386
141.77,0.0173423111752987,-0.012083516652194148,-321.02497036387757
141.78,0.0172211182154165,-0.012153917248529003,-329.5496963483325
141.79,0.0170992557801506,-0.012217439161816014,-339.4097813579196
141.8,0.0169767918110624,-0.012274244629322407,-345.78596764719936
141.81,0.0168537926398838,-0.012324522008237375,-348.6312547158973
141.82,0.0167303224488008,-0.01236848008024016,-351.5378729922403
141.83,0.0166064435230463,-0.012406292117216779,-351.74885711361605
141.84,0.0164822164859912,-0.012438138102919931,-348.3321087175194
141.85,0.016357699991473,-0.012464217447203177,-344.34750542391436
141.86,0.0162329507685648,-0.012484708211064321,-338.919050224547
141.87,0.0161080238772995,-0.012499782022559199,-330.38734577701945
141.88,0.0159829725579309,-0.012509628334923258,-321.24988123195226
141.89,0.0158578481491089,-0.012514424819083398,-311.9404545304614
141.9,0.0157327003432308,-0.012514335168447497,-300.3872638650963
141.91,0.0156075771379887,-0.012509538528960909,-288.41153655698554
141.92,0.015482524689183,-0.01250020924047571,-277.33698027937083
141.93,0.0153575875402018,-0.012486502566281756,-264.86125719600125
141.94,0.0152328086697927,-0.012468586419778448,-252.12792914000784
141.95,0.0151082292908201,-0.012446629087205853,-240.88832932942992
141.96,0.0149838890645028,-0.012420777932671734,-228.9094319936622
141.97,0.0148598261883473,-0.012391189823599961,-216.88201059677763
141.98,0.0147360772019309,-0.012358023805556704,-206.38319999494595
141.99,0.0146126771690769,-0.012321420294332443,-195.64146489658563
142.0,0.0144896597670064,-0.012281525500329953,-185.08592743236693
142.01,0.0143670571442712,-0.012238486746712416,-175.67368218928343
142.02,0.0142449000635249,-0.012192438718835831,-166.4735580653815
142.03,0.0141232179508304,-0.01214351658693163,-157.58516266158864
142.04,0.0140020388657403,-0.012091855176250818,-149.39415892745177
142.05,0.0138813895524262,-0.01203758283526246,-141.6879658231601
142.06,0.0137612954974414,-0.011980824271193234,-134.30567350658092
142.07,0.0136417809446707,-0.01192170300779169,-127.3993435605855
142.08,0.0135228689162395,-0.01186033872475507,-120.96872204342417
142.09,0.013404581263746,-0.011796846816214243,-114.87815370685594
142.1,0.0132869386970144,-0.011731340288265819,-109.16035608309632
142.11,0.0131699608088156,-0.011663929006342494,-103.77216810242341
142.12,0.0130536661113882,-0.011594719988262399,-98.7506792603012
142.13,0.0129380720594975,-0.011523816398257478,-94.07201478536653
142.14,0.0128231951010611,-0.01145131775454423,-89.54046544862256
142.15,0.0127090506939897,-0.011377322965676673,-85.38476602930518
142.16,0.0125956533178711,-0.011301925982839153,-81.57436893136968
142.17,0.0124830165498587,-0.011225216214443218,-77.68826978906276
142.18,0.0123711530659538,-0.011147285698331698,-74.24444638190985
142.19,0.0122600746243845,-0.011068219467658472,-71.14216462508472
142.2,0.0121497921978773,-0.010988096913512428,-68.09754055629833
142.21,0.0120403159413657,-0.01090699745034753,-64.87440693051238
142.22,0.0119316552314249,-0.010825004545933305,-62.17818780372027
142.23,0.011823818586807,-0.010742191862372474,-59.91104030604834
142.24,0.0117168139069197,-0.010658624911400773,-57.46025798649963
142.25,0.0116106483688088,-0.010574373297941676,-54.714742422652634
142.26,0.0115053284768074,-0.010489512562816697,-52.58481447527119
142.27,0.0114008599416616,-0.010404105908814933,-50.93622729718486
142.28,0.0112972479972801,-0.010318206823642562,-48.914577778945166
142.29,0.0111944972416482,-0.010231876153914205,-46.57831671391026
142.3,0.0110926116955373,-0.010145180812724938,-44.87369821474157
142.31,0.0109915946661889,-0.010058174567760883,-43.649546901455736
142.32,0.0108914490911327,-0.009970901233585766,-41.96444800390741
142.33,0.0107921773545427,-0.009883413365696677,-39.96895428394353
142.34,0.010693781350398,-0.009795769229185009,-38.588273939168175
142.35,0.0105962623441949,-0.009708014095553368,-37.66450203445005
142.36,0.0104996213158525,-0.009620183705903397,-36.25063015092346
142.37,0.0104038587696451,-0.009532322821155775,-34.51614036388742
142.38,0.010308974798708,-0.00944448182008833,-33.3876155035119
142.39,0.0102149689455776,-0.00935669832597327,-32.69849908594566
142.4,0.0101218405417231,-0.009269000894870016,-31.495887530205312
142.41,0.0100295885128827,-0.009181427261514195,-29.953698558608966
142.42,0.0099382114445332,-0.009094020859723353,-29.02430250149192
142.43,0.0098477074394401,-0.009006812483857568,-28.526311036845893
142.44,0.0097580744573491,-0.00891982423802248,-27.515891157632584
142.45,0.0096693101134728,-0.008833087320639192,-25.92998420102345
142.46,0.0095814117453575,-0.008746642316015827,-25.2565800163761
142.47,0.009494376221984,-0.008660512139838341,-25.103596577773008
142.48,0.0094082004033606,-0.008574709962792429,-23.98663541658057
142.49,0.0093228808342782,-0.008489264633851704,-23.238364705790033
142.5,0.0092384138392462,-0.008404199744879253,-21.698604011209436
142.51,0.009154795465131,-0.00831954997845662,-21.480047752591148
142.52,0.0090720214195685,-0.0082353268109291,-21.431922085125166
142.53,0.0089900874742714,-0.008151538185208283,-20.474709888369024
142.54,0.0089089891296809,-0.008068206865715017,-19.318704532121206
142.55,0.0088287217282552,-0.007985358970355,-18.310696448004535
142.56,0.0087492802753247,-0.00790301603131504,-18.536431169645283
142.57,0.0086706597158644,-0.007821179585825046,-18.040957120828203
142.58,0.0085928549543123,-0.007739861315415803,-17.477048487280836
142.59,0.008515860710455,-0.007659075218064207,-15.83588188314659
142.6,0.0084396715898994,-0.007578849906387554,-15.60225478899446
142.61,0.0083642818267289,-0.007499191656502521,-16.099410058442214
142.62,0.00828968587327,-0.007420095946945033,-14.993664930290393
142.63,0.0082158779762001,-0.0073415803040374795,-14.534325756306774
142.64,0.0081428522993024,-0.007263654355179969,-13.35111783975017
142.65,0.0080706028714726,-0.007186335738425861,-13.3382625123604
142.66,0.0079991235580716,-0.007109625359918371,-13.420001968692647
142.67,0.0079284083349648,-0.007033522451975746,-12.702672270718368
142.68,0.0078584510504302,-0.006958036812115878,-11.846623297514034
142.69,0.0077892455045785,-0.006883180040053386,-11.174035249581232
142.7,0.0077207853324351,-0.006808959900949137,-11.423484800321381
142.71,0.0076530641958104,-0.0067353722486524995,-11.05047185936918
142.72,0.0075860757683993,-0.006662420000145826,-10.691646237356467
142.73,0.0075198136621304,-0.006590106783441677,-9.384760939734802
142.74,0.0074542714630126,-0.006518446341465037,-9.288179127355079
142.75,0.0073894425667298,-0.006447437342254179,-9.785515869988165
142.76,0.0073253205661703,-0.0063770716625500224,-8.935911779377195
142.77,0.0072618989684625,-0.006307355787633325,-8.574602557689683
142.78,0.0071991712763802,-0.006238291673153314,-7.583615576925608
142.79,0.007137130942925,-0.006169886667444995,-7.70302555439698
142.8,0.0070757713626487,-0.006102135907032528,-7.85562181574552
142.81,0.0070150860587039,-0.006035034010285809,-7.281848610726039
142.82,0.0069550685114553,-0.005968583138091674,-6.535250778031433
142.83,0.0068957122146121,-0.005902787176228358,-6.031820044240582
142.84,0.0068370105864853,-0.0058376466381907955,-6.351894743028128
142.85,0.0067789571200913,-0.005773154012662503,-6.0287979041510145
142.86,0.0067215453518718,-0.0057093075053849885,-5.745053343443073
142.87,0.0066647688192236,-0.005646105593856641,-4.714202064946385
142.88,0.0066086210801899,-0.005583552773055012,-4.676271043138232
142.89,0.0065530956178989,-0.00552164420749169,-5.092427544943227
142.9,0.0064981860740408,-0.005460371206701661,-4.420488937004954
142.91,0.0064438860749298,-0.005399734042500835,-4.156156023350198
142.92,0.0063901892812413,-0.005339730165636593,-3.361511140774332
142.93,0.006337089360603,-0.0052803605010983586,-3.4788736095010715
142.94,0.0062845799793028,-0.005221618492394194,-3.63690993224375
142.95,0.0062326549195536,-0.005163497234413315,-3.178854946246668
142.96,0.0061813079719334,-0.005105994633415001,-2.62709447792773
142.97,0.0061305329697774,-0.005049109389073324,-2.1706175654322943
142.98,0.006080323737103,-0.004992838912237489,-2.4551109854802178
142.99,0.0060306741675992,-0.004937175285034965,-2.272204404802417
143.0,0.0059815782239763,-0.004882113714444977,-2.070698747408166
143.01,0.005933029898968,-0.004827649995864135,-1.1943783696661912
143.02,0.0058850232337868,-0.004773784070063356,-1.1473820074017311
143.03,0.0058375522455869,-0.0047205101114792,-1.5854691428079792
143.04,0.0057906110853351,-0.004667819320722461,-1.0212793760603
143.05,0.0057441939247319,-0.004615709013533367,-0.8877580300701422
143.06,0.0056982949854335,-0.004564174331545865,-0.20555928677714014
143.07,0.0056529085279981,-0.004513213232799993,-0.28493369542417923
143.08,0.0056080288312502,-0.004462819102308288,-0.5080963097077797
143.09,0.0055636502792015,-0.004412984564505857,-0.10538866835135703
143.1,0.0055197672873377,-0.004363705795610854,0.21529584027338305
143.11,0.0054763743244388,-0.0043149787085132885,0.622666199526882
143.12,0.0054334658886219,-0.004266799365250815,0.4318894800168516
143.13,0.0053910365344967,-0.004219160698121704,0.4626154273284072
143.14,0.005349080891631,-0.004172056770267481,0.6567638138869343
143.15,0.0053075936322862,-0.004125482696018354,1.1959951434770684
143.16,0.00526656948337,-0.00407943520827085,1.3033451195237442
143.17,0.0052260031919309,-0.0040339088057608575,0.9951748988302452
143.18,0.0051858895937811,-0.003988896136332547,1.2842841144057107
143.19,0.0051462235722663,-0.003944392553865813,1.3696856079908064
143.2,0.0051070000624131,-0.003900392830944131,2.0369574147195704
143.21,0.0050682140474508,-0.0038568940201583295,1.8371372524449747
143.22,0.0050298605349704,-0.0038138894132166735,1.440003300154735
143.23,0.0049919346351437,-0.00377137161999334,1.8963878756875308
143.24,0.0049544314935423,-0.003729336698559182,1.7874283340271264
143.25,0.0049173463104252,-0.0036877787756650253,2.1844371924033714
143.26,0.0048806743410495,-0.003646693938709124,2.728810911715862
143.27,0.0048444108682811,-0.003606078618142495,2.134301149147093
143.28,0.0048085512290346,-0.0035659250410916563,1.9049339422560339
143.29,0.0047730908484831,-0.0035262268679541603,2.305786019989406
143.3,0.0047380251875965,-0.0034869800675675373,2.051869224015157
143.31,0.0047033497609308,-0.0034481787269808064,2.970752535314764
143.32,0.0046690601367243,-0.0034098206906858384,2.9334685161183383
143.33,0.0046351518887432,-0.0033719004969958236,2.007496219471701
143.34,0.004601620692978,-0.0033344099699150016,2.401436507467066
143.35,0.0045684622705999,-0.003297345116968366,2.433819095975985
143.36,0.0045356723879677,-0.0032607010725208374,2.3343848881186724
143.37,0.004503246862697,-0.0032244727237966675,3.0718897516630235
143.38,0.0044711815584573,-0.003188657274521627,2.6839476794811663
143.39,0.0044394723613723,-0.0031532486578466383,2.0156978600450897
143.4,0.0044081152503127,-0.0031182401720125236,2.4794797620361657
143.41,0.0043771062364818,-0.003083628257219996,2.2872109758309667
143.42,0.0043464413799748,-0.003049407821813305,2.3786272602639422
143.43,0.0043161167895355,-0.0030155745214441687,2.5684025375562425
143.44,0.0042861286133599,-0.002982124246850011,2.16959283306449
143.45,0.0042564730461359,-0.002949051460785011,1.921181004393506
143.46,0.0042271463424,-0.0029163510861016633,2.0116548128714475
143.47,0.0041981447971505,-0.002884018937483319,1.7844242793411518
143.48,0.0041694647518089,-0.0028520502406649754,1.9656515284347718
143.49,0.0041411025939051,-0.0028204411591058465,1.8232852591093962
143.5,0.0041130547453166,-0.0027891871492783478,1.3389592367154648
143.51,0.0040853176843048,-0.002758283007704171,1.2954755902625494
143.52,0.0040578879329199,-0.002727724539120001,1.1406865932579688
143.53,0.004030762055656,-0.002697507426931651,0.9024086203482315
143.54,0.0040039366608206,-0.0026676272945008466,1.0752937169447925
143.55,0.0039774083987422,-0.002638080592342504,0.6932708823909622
143.56,0.0039511739529496,-0.0026088627223799657,0.15158620911464396
143.57,0.0039252300637691,-0.0025799688816366536,0.16167208610331935
143.58,0.0038995735077214,-0.0025513953593708496,-0.16446461448603655
143.59,0.003874201102713,-0.002523137959656676,-0.33668879774713284
143.6,0.0038491097076253,-0.0024951928161508173,-0.44118323278987553
143.61,0.0038242962181591,-0.0024675562138066647,-0.9421264625100346
143.62,0.0037997575692283,-0.002440223821283337,-1.3575389430187335
143.63,0.0037754907411938,-0.0024131915332008223,-1.5453089302637202
143.64,0.0037514927504569,-0.0023864556946441764,-1.923967188558932
143.65,0.003727760651972,-0.002360012435320026,-2.241300798838427
143.66,0.0037042915388112,-0.00233385804392916,-2.5156701762549947
143.67,0.0036810825402666,-0.0023079889286808253,-3.001583303279124
143.68,0.0036581308220852,-0.0022824012458691695,-3.469069423664218
143.69,0.0036354335896057,-0.002257091254333333,-3.8162982876248353
143.7,0.0036129880830283,-0.002232055457778352,-4.2638423707663256
143.71,0.0035907915783314,-0.0022072902934183267,-4.734193150845482
143.72,0.0035688413868242,-0.002182792225936644,-5.256645123473874
143.73,0.0035471348551831,-0.0021585577263116794,-5.712525747902766
143.74,0.0035256693649543,-0.0021345834236616654,-6.195825919933535
143.75,0.0035044423305296,-0.002110865977674988,-6.763948998378388
143.76,0.0034834512004356,-0.0020874020093991728,-7.2966278664684525
143.77,0.0034626934563545,-0.002064188242433332,-7.912327046404907
143.78,0.0034421666126814,-0.002041221356505001,-8.712750872220749
143.79,0.003421868217588,-0.0020184979045658152,-9.181126223488306
143.8,0.0034017958530842,-0.0019960148985941535,-9.681952543518129
143.81,0.0033819471281248,-0.0019737693713741938,-10.49594895177596
143.82,0.0033623196848071,-0.001951758075187523,-11.144786005962644
143.83,0.0033429111959361,-0.0019299779897483113,-11.894933557404324
143.84,0.0033237193645971,-0.001908426045199144,-12.918055308598937
143.85,0.0033047419252146,-0.001887098980695855,-13.495341620995077
143.86,0.003285976644459,-0.0018659940646333403,-14.080486257111485
143.87,0.0032674213125148,-0.0018451086112366644,-15.102112793295634
143.88,0.0032490737507547,-0.0018244395748508307,-15.897778648538857
143.89,0.0032309318089286,-0.0018039841696558159,-16.793779378729518
143.9,0.0032129933647515,-0.0017837395704625285,-18.06454200905891
143.91,0.0031952563248479,-0.0017637027019033495,-18.776062351242317
143.92,0.0031777186265646,-0.001743871065705824,-19.458679350344223
143.93,0.0031603782276618,-0.001724242239010842,-20.71093896983796
143.94,0.0031432331151474,-0.0017048133744224873,-21.671981880756157
143.95,0.0031262813021916,-0.0016855819095899912,-22.729201954608484
143.96,0.0031095208277337,-0.0016665452481224923,-24.377694951130763
143.97,0.003092949757503,-0.0016477004151666517,-25.198538362139654
143.98,0.0030765661874133,-0.0016290451694316792,-25.91975020905198
143.99,0.0030603682294484,-0.0016105773905833172,-27.50492998939096
144.0,0.0030443540236287,-0.0015922943679008554,-28.649329749093003
144.01,0.0030285217340962,-0.0015741937501891653,-29.8847290410939
144.02,0.0030128695487438,-0.001556273154313318,-32.08816807047615
144.03,0.0029973956803919,-0.001538529619486666,-32.941169127109234
144.04,0.0029820983725119,-0.0015209612137108332,-33.59952339074723
144.05,0.0029669758785794,-0.001503566171169988,-35.67657566063594
144.06,0.0029520264798891,-0.0014863418388208318,-37.04031111195924
144.07,0.0029372484799499,-0.0014692860565525016,-38.441234546458226
144.08,0.0029226402041344,-0.0014523967014833201,-40.41553548031104
144.09,0.0029081999993281,-0.001435671326019196,-42.7425273563822
144.1,0.0028939262390927,-0.001419107382465847,-43.490986921190036
144.11,0.0028798173187386,-0.0014027033488274697,-44.77246118008407
144.12,0.0028658716453143,-0.001386457425931679,-47.119855976681755
144.13,0.0028520876509602,-0.0013703672371583324,-48.81056277053647
144.14,0.0028384637879773,-0.001354430821112498,-50.4610688050697
144.15,0.0028249985285016,-0.001338646277859174,-53.25424186263565
144.16,0.002811690364179,-0.0013230111489741772,-55.39700254511563
144.17,0.0027985378139169,-0.0013075234240116614,-56.43889649740847
144.18,0.0027855394091766,-0.0012921817223558296,-58.76175376684445
144.19,0.0027726936993638,-0.0012769840569916736,-61.14561560330269
144.2,0.0027599992544369,-0.0012619284419674833,-63.232444085480935
144.21,0.0027474546628383,-0.0012470131142166456,-64.94603711292658
144.22,0.0027350585300087,-0.0012322365115983649,-68.15223350199902
144.23,0.0027228094776442,-0.0012175963945649949,-71.41605110330043
144.24,0.0027107061542759,-0.0012030905656549905,-73.7050313398511
144.25,0.0026987472243237,-0.0011887173309091826,-77.48498905310375
144.26,0.0026869313713233,-0.0011744746370758296,-73.11981698104385
144.27,0.0026752572937325,-0.0011603638483908183,-79.13399628185698
144.28,0.0026637236659954,-0.0011463817201483209,-88.3355095313222
144.29,0.0026523292435074,-0.0011325238139975188,-86.64136892267801
144.3,0.0026410727759403,-0.0011187902381341775,-92.4498581499176
144.31,0.0026299530309714,-0.001105178546628322,-86.72011831361534
144.32,0.0026189687942835,-0.0010916906466283069,-92.82249118919093
144.33,0.0026081188158484,-0.0010783236418366686,-104.31911285972909
144.34,0.0025974019325517,-0.0010650727149725016,-102.19795418077685
144.35,0.0025868169741374,-0.0010519382113666621,-108.26213025830872
144.36,0.0025763627863922,-0.0010389179186566888,-104.0810908115248
144.37,0.0025660382319364,-0.0010260131735566503,-108.53127911777754
144.38,0.0025558421451825,-0.0010132220592183202,-120.45699363287497
144.39,0.0025457734252866,-0.0010005401290208416,-120.88594329175332
144.4,0.0025358309803,-0.0009879669457966782,-125.77155985836758
144.41,0.0025260137283589,-0.0009755009396383049,-124.27568955213495
144.42,0.0025163206032565,-0.0009631426184508257,-127.0822402798264
144.43,0.0025067505216952,-0.0009508909173625216,-138.54751501726307
144.44,0.0024973024412045,-0.0009387420356049834,-141.97437846113638
144.45,0.0024879753420264,-0.00092669477332081,-145.85796960100083
144.46,0.0024787682101787,-0.0009147480637775099,-146.9484731668348
144.47,0.0024696800462873,-0.0009029017590916668,-148.53756992803446
144.48,0.002460709842945,-0.0008911554041266905,-159.5727531272384
144.49,0.0024518566152478,-0.0008795057729058214,-165.72011387731345
144.5,0.0024431194103579,-0.0008679511272358261,-169.296787171997
144.51,0.0024344972783392,-0.0008564906900242046,-171.15243084180477
144.52,0.0024259892829445,-0.0008451243264050067,-170.40293977199556
144.53,0.0024175944787435,-0.000833852380830813,-184.8882997653833
144.54,0.0024093119327609,-0.0008226710473208508,-194.41510728236213
144.55,0.0024011407625701,-0.0008115779694191968,-194.9012867615505
144.56,0.0023930800792358,-0.0008005732955199918,-202.0268783134855
144.57,0.002385129006873,-0.0007896555506775167,-212.34680869693392
144.58,0.0023772866826465,-0.0007788228164658428,-196.46345326738185
144.59,0.002369552255937,-0.0007680794414566464,-212.88049492746995
144.6,0.0023619248097237,-0.000757421569102511,-239.4082139814823
144.61,0.0023544035564654,-0.0007468431456516804,-230.38727854017316
144.62,0.002346987675166,-0.0007363465954333308,-240.09083494751889
144.63,0.0023396763569536,-0.0007259303261541622,-249.78098369863125
144.64,0.0023324688050813,-0.0007155927582816809,-246.48497094207607
144.65,0.0023253642349263,-0.0007053353974283327,-245.54577465697747
144.66,0.0023183618299414,-0.0006951589080508236,-271.429679513304
144.67,0.0023114608035258,-0.0006850580152133342,-282.4602971221534
144.68,0.0023046604228434,-0.0006750308051191861,-281.9500771157652
144.69,0.0022979599399679,-0.0006650780500900066,-292.1943478584414
144.7,0.0022913586180925,-0.0006551983665649914,-303.12372987418695
144.71,0.0022848557315294,-0.0006453904937375122,-288.42565056404646
144.72,0.0022784505593232,-0.0006356581802125253,-309.6194016716918
144.73,0.002272142329062,-0.0006259977010033564,-338.6815454962553
144.74,0.0022659303799788,-0.0006164039740191515,-330.91381072753705
144.75,0.0022598140208946,-0.0006068791918766481,-343.1819859737871
144.76,0.0022537925708663,-0.0005974219922208473,-355.43285445200314
144.77,0.0022478653591872,-0.0005880310300099988,-353.16714844762225
144.78,0.0022420317253861,-0.0005787077681575121,-359.1229780151068
144.79,0.0022362909806542,-0.0005694519279924787,-386.4253543320982
144.8,0.0022306424747812,-0.0005602593279566665,-396.0197942798756
144.81,0.0022250855857071,-0.0005511290888675162,-401.170497171696
144.82,0.0022196196851641,-0.0005420613325791534,-413.959624308686
144.83,0.0022142441543815,-0.0005330549025383393,-425.34076278370765
144.84,0.0022089583840859,-0.0005241090801375112,-418.75984638497863
144.85,0.0022037617653861,-0.0005152261039858262,-442.16550872743244
144.86,0.0021986536628174,-0.000506402946879995,-468.948276610272
144.87,0.0021936335167118,-0.0004976361528183291,-467.6746653245435
144.88,0.0021887007483171,-0.0004889270246458278,-482.34874572459177
144.89,0.0021838547877219,-0.0004802744455716803,-498.69123912924965
144.9,0.0021790950738557,-0.00047167714447083394,-493.42257755671045
144.91,0.0021744210544892,-0.00046313736099832864,-507.2460790414828
144.92,0.002169832139792,-0.0004546540432058428,-542.8581777056975
144.93,0.0021653277985321,-0.0004462227281724943,-549.8355221045905
144.94,0.0021609075113836,-0.00043784353679669156,-559.6405121129972
144.95,0.0021565707546027,-0.00042951640966168366,-574.9998491009214
144.96,0.0021523170127724,-0.0004212404079149917,-591.3111432822478
144.97,0.0021481457788019,-0.0004130145148433396,-601.1611333669168
144.98,0.002144056553927,-0.00040483897272165217,-593.983737868899
144.99,0.0021400488256207,-0.0003967163697924874,-631.3193922962919
145.0,0.0021361220640494,-0.0003886424185449896,-663.420147408869
145.01,0.0021322758241562,-0.00038061375311669083,-660.4021851477986
145.02,0.0021285096324364,-0.0003726323541600098,-679.8145891339573
145.03,0.0021248230230907,-0.00036469714989414954,-695.907747615045
145.04,0.0021212155380246,-0.00035680736980416104,-718.66674796077
145.05,0.0021176867268491,-0.000348961657605855,-703.1290183417359
145.06,0.0021142361468801,-0.0003411641519983261,-731.6213347582124
145.07,0.0021108632928474,-0.00033341228288497944,-780.3897537105572
145.08,0.0021075677642508,-0.000325700641613343,-777.4353985406053
145.09,0.0021043491397609,-0.0003180313092641709,-795.7781960325102
145.1,0.0021012069991817,-0.00031040369169084165,-814.0943155873174
145.11,0.0020981409294063,-0.0003028170303591586,-834.7201052006237
145.12,0.0020951505244169,-0.0002952703729383328,-842.7038809051099
145.13,0.0020922353852856,-0.0002877647525525077,-849.1054156741254
145.14,0.0020893950909687,-0.00028030124913082697,-889.1763296922468
145.15,0.002086629232127,-0.0002728759530358331,-914.3657734238075
145.16,0.0020839374490438,-0.0002654871573691665,-921.2071770052765
145.17,0.0020813193642507,-0.00025813598300251684,-942.6183308207192
145.18,0.0020787746068426,-0.0002508215709808221,-961.9874873693119
145.19,0.0020763028124777,-0.00024354324048749942,-984.6392265476318
145.2,0.0020739036233775,-0.00023630009604249722,-980.3478811077223
145.21,0.0020715766853884,-0.00022909519187833707,-1013.154948733375
145.22,0.0020693216016533,-0.00022192578781000862,-1053.1908579574706
145.23,0.0020671380617095,-0.00021478809164999162,-1055.2834602179428
145.24,0.0020650257284835,-0.00020768406933917267,-1078.0163910618933
145.25,0.002062984271028,-0.00020061283544334173,-1097.7026520381312
145.26,0.002061013364522,-0.0001935737773349792,-1119.8329338325923
145.27,0.0020591126902707,-0.00018656603233166975,-1128.7905278347926
145.28,0.0020572819357053,-0.0001795909427133319,-1146.1365356894485
145.29,0.0020555207643742,-0.00017264832917831115,-1180.9182903635112
145.3,0.0020538288704756,-0.00016573499435501544,-1198.9806452539872
145.31,0.0020522059679345,-0.00015885050872419185,-1213.7804503997852
145.32,0.0020506517635103,-0.00015199516785331717,-1234.1461556884929
145.33,0.0020491659696987,-0.00014516829060165362,-1254.0216282515296
145.34,0.0020477483047316,-0.00013836920802669212,-1272.0671967278033
145.35,0.0020463984925771,-0.00013159776695250507,-1276.8059980841651
145.36,0.0020451162515007,-0.00012485636057330734,-1308.0169287137985
145.37,0.0020439012758858,-0.00011814177998751554,-1337.3831527167195
145.38,0.00204275333447,-0.00011145105450083004,-1343.7646740382813
145.39,0.00204167216993,-0.00010478605135666944,-1363.5540687360983
145.4,0.0020406575303944,-9.814596275335304e-05,-1380.9721100605054
145.41,0.0020397091694438,-9.15302434883186e-05,-1398.04245117284
145.42,0.0020388268461108,-8.493834837332986e-05,-1415.8825606584617
145.43,0.0020380103248798,-7.836949138499925e-05,-1427.3233750455568
145.44,0.0020372593756872,-7.182482548333143e-05,-1437.5128327156012
145.45,0.0020365737450212,-6.530583710586194e-05,-1463.6659061016708
145.46,0.0020359531863,-5.8808382205011025e-05,-1481.4943673464613
145.47,0.0020353975102349,-5.2330635030828875e-05,-1489.8681221367453
145.48,0.0020349065032614,-4.587423405418128e-05,-1504.6758082847302
145.49,0.0020344799569161,-3.943842439166201e-05,-1517.8194128899756
145.5,0.0020341176678361,-3.302269597081082e-05,-1530.3560911284178
145.51,0.0020338194377595,-2.662653870500054e-05,-1542.7546886227663
145.52,0.0020335850735251,-2.0249071783341097e-05,-1551.7217372197308
145.53,0.0020334143870727,-1.3892735805844075e-05,-1563.0452586472668
145.54,0.0020333071509557,-7.557255065849279e-06,-1575.4229046231567
145.55,0.002033263185501,-1.238202009160317e-06,-1583.843689061036
145.56,0.0020332823315594,5.064375636656555e-06,-1592.1436941226937
145.57,0.0020333644161434,1.13497372508241e-05,-1599.947817653832
145.58,0.0020335092710185,1.76185130908277e-05,-1606.9381187523707
145.59,0.0020337167327037,2.387117847583289e-05,-1613.1818996251352
145.6,0.0020339866424709,3.0108208725840042e-05,-1617.325121679305
145.61,0.0020343188463455,3.633050120583675e-05,-1629.008883953002
145.62,0.0020347131951058,4.253497769334067e-05,-1630.773210827628
145.63,0.0020351694936382,4.872351756001012e-05,-1626.2150277721623
145.64,0.0020356876234893,5.4900116748336204e-05,-1633.3619798729474
145.65,0.0020362674513063,6.106315448164705e-05,-1634.9763767885934
145.66,0.0020369088424408,6.721290274917354e-05,-1635.4259842430126
145.67,0.0020376116667124,7.334985635251846e-05,-1635.2129778157546
145.68,0.0020383757984082,7.947446205917459e-05,-1634.04120257922
145.69,0.0020392011162832,8.55871969975048e-05,-1630.6821341533375
145.7,0.0020400875035601,9.168860202249645e-05,-1642.5073440495987
145.71,0.0020410348442879,9.777622107749884e-05,-1630.0840261661747
145.72,0.0020420429902031,0.00010385243550583689,-1613.4410441283267
145.73,0.0020431118628979,0.00010992016665414235,-1620.3129273767756
145.74,0.0020442413601794,0.00011597765717916066,-1612.5819268813514
145.75,0.0020454313840998,0.00012202556520002033,-1606.1471870628666
145.76,0.0020466818409568,0.0001280643152433208,-1598.9067397578674
145.77,0.0020479926412931,0.00013409433181333068,-1590.0253436372097
145.78,0.0020493636998966,0.00014011612532251238,-1584.0285597475731
145.79,0.0020507949358006,0.0001461296150475111,-1587.1480048638805
145.8,0.0020522862619781,0.00015213363927414134,-1564.1009196047119
145.81,0.0020538375841394,0.0001581303884583216,-1544.3514244055177
145.82,0.0020554488498941,0.00016412149700418378,-1544.35564853524
145.83,0.0020571199925136,0.0001701059824475057,-1530.5664674437378
145.84,0.0020588509493312,0.00017608440433416133,-1518.2011861287922
145.85,0.0020606416617425,0.00018205716888500473,-1505.243105673678
145.86,0.0020624920752052,0.00018802468232749286,-1490.3704159421932
145.87,0.0020644021392394,0.00019398744339665252,-1482.3370141427993
145.88,0.0020663718074271,0.00019994517792500387,-1473.1772488298543
145.89,0.0020684010263101,0.0002058977718241713,-1447.619741700755
145.9,0.0020704897504198,0.0002118467323016683,-1430.4387375679614
145.91,0.0020726379505621,0.00021779267934167313,-1420.4984102402668
145.92,0.0020748455935669,0.00022373543063083085,-1403.6253121905834
145.93,0.0020771126499659,0.00022967541958247273,-1387.472526710917
145.94,0.0020794390939745,0.00023561301362332582,-1370.968811513591
145.95,0.002081824903473,0.00024154857836252816,-1354.1855139163501
145.96,0.0020842700599889,0.0002474824775516614,-1337.106611723197
145.97,0.0020867745486776,0.0002534150731183177,-1320.7685728824285
145.98,0.0020893383583051,0.0002593466736691639,-1298.2509788543427
145.99,0.0020919614812284,0.00026527806966666163,-1282.4009934571059
146.0,0.002094643919555,0.00027120945684835614,-1269.6014476067146
146.01,0.0020973856703168,0.00027714074997249453,-1248.5290604813151
146.02,0.0021001867361905,0.00028307255131081757,-1230.2115499426309
146.03,0.0021030471243157,0.0002890052521358215,-1212.1262004236007
146.04,0.0021059668453889,0.00029493919992917795,-1193.8529148806188
146.05,0.0021089459136477,0.00030087474801584086,-1175.538166414853
146.06,0.002111984346855,0.00030681224810666537,-1157.1772704711407
146.07,0.0021150821662826,0.00031275205029083293,-1139.139121638259
146.08,0.0021182393966953,0.0003186944818200133,-1120.868841995178
146.09,0.0021214560663352,0.000324639950861677,-1090.353469038086
146.1,0.0021247322094574,0.0003305897465391604,-1081.6371542434044
146.11,0.002128067874276,0.00033654344960834645,-1072.7983262245896
146.12,0.002131463090637,0.0003425006264633386,-1044.529646788753
146.13,0.002134917901819,0.0003484623900916567,-1028.0024601092814
146.14,0.0021384323546258,0.00035442900998750043,-1009.8415885324189
146.15,0.0021420064993754,0.0003604008370508105,-991.8628028789756
146.16,0.0021456403898897,0.0003663782211566601,-974.0076751444615
146.17,0.0021493340834841,0.0003723615111108461,-956.2387734616691
146.18,0.0021530876409566,0.00037835105464500296,-939.7048511383784
146.19,0.0021569011265773,0.0003843471440458261,-917.5024250893782
146.2,0.0021607746080779,0.0003903505265200029,-896.1947777051355
146.21,0.002164708163169,0.00039636185235249893,-888.4264146880506
146.22,0.0021687018705078,0.00040238072631416314,-873.0289966347663
146.23,0.0021727558037342,0.00040840734082085587,-851.268463494032
146.24,0.0021768700454418,0.0004144424359475129,-835.5356324689861
146.25,0.0021810446817425,0.00042048631798248385,-819.0703895550712
146.26,0.0021852798022605,0.00042653933782999193,-802.8484978107304
146.27,0.0021895755001259,0.000432601845815011,-786.8357711528985
146.28,0.0021939318719694,0.0004386741916841832,-770.9811877911288
146.29,0.0021983490179159,0.00044475672454583753,-756.6504935390828
146.3,0.0022028270415784,0.00045084972866581054,-734.5906709228323
146.31,0.0022073660500524,0.00045695408810833966,-721.582328768199
146.32,0.0022119661616215,0.0004630699799408676,-713.5099591671442
146.33,0.0022166274876877,0.0004691971843074828,-695.0133404333563
146.34,0.0022213501450679,0.00047533633248247886,-679.9470369372003
146.35,0.0022261342555067,0.0004814878431550168,-665.8581889333315
146.36,0.0022309799442756,0.00048765205725417556,-651.7992412117509
146.37,0.0022358873401707,0.000493829327078325,-637.9832066489549
146.38,0.0022408565755094,0.0005000200046191829,-624.3931921131929
146.39,0.0022458877861277,0.0005062244415933542,-611.1542082899092
146.4,0.0022509811113773,0.0005124429807033294,-598.3063000449874
146.41,0.0022561366941227,0.0005186759848841776,-579.4345131078
146.42,0.002261354681785,0.0005249243067833325,-571.2301162410394
146.43,0.0022666352312032,0.0005311879180841658,-563.4433407926857
146.44,0.0022719784912073,0.0005374667511383383,-546.4255583451699
146.45,0.002277384619331,0.0005437615585458539,-535.2001787666089
146.46,0.0022828537766708,0.0005500726537300128,-523.3816249487293
146.47,0.0022883861278857,0.000556400392947466,-511.8215673965848
146.48,0.0022939818411973,0.0005627451324333322,-500.48477308878535
146.49,0.0022996410883893,0.0005691072283975334,-489.3413383781114
146.5,0.0023053640448076,0.0005754870370733416,-479.0209788656581
146.51,0.0023111508893604,0.0005818848787216392,-465.7794246470311
146.52,0.0023170018045173,0.0005883013687549938,-452.5550403784496
146.53,0.0023229169806203,0.0005947371161616631,-447.7769002718713
146.54,0.0023288966106362,0.0006011919599616357,-438.9948860176161
146.55,0.0023349408843722,0.0006076661129116736,-425.9856581104619
146.56,0.0023410499993371,0.0006141602324916667,-416.8530356831728
146.57,0.0023472241566781,0.0006206746488383072,-407.343386728137
146.58,0.0023534635611844,0.0006272097262950137,-398.0562916822457
146.59,0.00235976842129,0.0006337658294975058,-388.9643189032685
146.6,0.0023661389490769,0.0006403433234166626,-379.9926413639136
146.61,0.0023725753602784,0.0006469425733016743,-372.89264670088744
146.62,0.0023790778742816,0.0006535638392024867,-355.7347518970451
146.63,0.0023856467141314,0.0006602083702549822,-350.2693956357159
146.64,0.0023922821191966,0.0006668762383350319,-351.3964074909543
146.65,0.0023989843151678,0.0006735668179966842,-338.52132005216976
146.66,0.0024057535339726,0.0006802809432741841,-329.60727151283686
146.67,0.0024125900141798,0.0006870191366266731,-322.25121451555583
146.68,0.0024194939980997,0.0006937817482574771,-314.7329666301149
146.69,0.0024264657317894,0.0007005691531316437,-307.3962729685567
146.7,0.0024335054650585,0.0007073817267666683,-300.222915454961
146.71,0.0024406134514744,0.0007142198452100224,-293.20978224874864
146.72,0.0024477899483677,0.0007210838850616726,-286.35401159328944
146.73,0.0024550352168378,0.000727974223472508,-279.5769443909144
146.74,0.0024623495217583,0.0007348912381383384,-274.672729087959
146.75,0.0024697331317825,0.000741835180875819,-260.0303639991305
146.76,0.0024771863193487,0.0007488074311325082,-252.50220446266147
146.77,0.0024847093758559,0.0007558085139308321,-258.7457087463202
146.78,0.0024923025826096,0.0007628373038425103,-251.18121602578483
146.79,0.002499966216198,0.0007698943013350126,-240.8125215725316
146.8,0.0025077005656244,0.0007769804659566652,-235.93747502670513
146.81,0.0025155059238141,0.0007840961195150118,-230.27833269427373
146.82,0.0025233825876236,0.0007912416555849711,-224.787764534628
146.83,0.0025313308578498,0.0007984174687016314,-219.4240933039603
146.84,0.0025393510392398,0.0008056239543200011,-214.18516143454167
146.85,0.0025474434404995,0.0008128615087683519,-209.06761356159183
146.86,0.0025556083743028,0.0008201305293541711,-204.0190995171679
146.87,0.0025638461573016,0.0008274314142916677,-200.1907052344664
146.88,0.0025721571101341,0.0008347644649166679,-190.89397056514835
146.89,0.0025805415574349,0.0008421307720558266,-180.054042826595
146.9,0.0025889998395792,0.0008495315733574992,-187.07693164448028
146.91,0.0025975323002157,0.000856965645820002,-185.9559386078616
146.92,0.0026061392635776,0.0008644328463649905,-174.3917964093151
146.93,0.0026148210719237,0.0008719345964916714,-171.3784105927273
146.94,0.0026235780716794,0.0008794711979775133,-167.1436270389176
146.95,0.0026324106134511,0.0008870430695958333,-163.0628709206412
146.96,0.0026413190520395,0.0008946506314424831,-159.07854113188625
146.97,0.002650303746453,0.0009022943049775121,-155.1886596638841
146.98,0.0026593650599215,0.0009099745130208302,-151.39123645180547
146.99,0.0026685033599098,0.0009176916797516584,-147.6616805789471
147.0,0.0026777190181314,0.0009254462307175207,-144.46488178211578
147.01,0.002687012410562,0.0009332385415916763,-140.00585931753685
147.02,0.002696383917453,0.0009410692901016464,-127.66056590396192
147.03,0.0027058339294916,0.0009489403192858408,-133.31107889097987
147.04,0.002715362854756,0.0009568505891283238,-136.5332001683377
147.05,0.0027249710706717,0.0009647993856016399,-125.2596469060962
147.06,0.0027346589761984,0.0009727884432925146,-123.44302194755261
147.07,0.0027444269747586,0.000980818067000005,-120.29407691943064
147.08,0.0027542754742561,0.0009888887057233294,-117.27742231884993
147.09,0.0027642048870933,0.0009970008102216476,-114.33345358260274
147.1,0.0027742156301892,0.0010051548330233286,-111.46055928479285
147.11,0.0027843081249968,0.0010133512284366609,-108.65709945622031
147.12,0.0027944827975213,0.0010215904525675223,-105.91799070217641
147.13,0.0028047400783377,0.0010298729632658384,-103.2511960348128
147.14,0.0028150804026083,0.0010381992097666741,-102.07440695369449
147.15,0.0028255042101009,0.0010465695125349871,-89.1246356198641
147.16,0.0028360119464549,0.001054986286058322,-93.7652737816115
147.17,0.0028466040876063,0.0010634486388191584,-99.73514835111682
147.18,0.0028572810683245,0.001071955336395004,-88.98792515167925
147.19,0.0028680433483994,0.0010805084217658328,-88.02239784800085
147.2,0.0028788913924323,0.0010891082085175135,-85.68868678852682
147.21,0.0028898256698568,0.0010977551810191812,-83.46873769595923
147.22,0.0029008466549616,0.001106449825834128,-81.30340863504219
147.23,0.0029119548269115,0.0011151926316858584,-79.19121334063101
147.24,0.0029231506697698,0.001123984089519193,-77.1312293277605
147.25,0.0029344346725201,0.0011328246924541625,-75.12230737468943
147.26,0.0029458073290881,0.0011417149357874886,-73.09422103587453
147.27,0.0029572691383634,0.0011506553170233392,-72.71933414618768
147.28,0.0029688206042217,0.0011596461143316642,-62.47661648548218
147.29,0.0029804622355461,0.001168689712561668,-64.52848800333383
147.3,0.0029921945728299,0.001177785744964174,-70.82574856321772
147.31,0.0030040181217216,0.0011869327967974864,-63.552451848267964
147.32,0.00301593340423,0.001196132580487498,-61.717970249574854
147.33,0.0030279409511312,0.0012053857332475094,-60.201255403107325
147.34,0.0030400412984482,0.0012146927515433118,-58.56485895968105
147.35,0.0030522349874775,0.0012240541640291705,-56.97770568865839
147.36,0.0030645225648152,0.0012334705020033189,-55.43055607142901
147.37,0.0030769045823837,0.0012429422993791759,-53.922487529709606
147.38,0.0030893815974574,0.001252470092699181,-52.4525683068584
147.39,0.0031019541726896,0.001262054421156648,-50.970705217820836
147.4,0.0031146228761385,0.0012716958265650137,-50.656291630448344
147.41,0.0031273882812937,0.0012813946647866768,-43.697431708677065
147.42,0.0031402509671024,0.001291153016809985,-42.895453139083166
147.43,0.0031532115406264,0.0013009712925699981,-48.790932568365676
147.44,0.0031662705887829,0.0013108480259666736,-45.40116348941216
147.45,0.0031794286996293,0.0013207842661616663,-42.29480899418678
147.46,0.0031926864760096,0.0013307811525791644,-41.47055571537602
147.47,0.0032060445265006,0.001340839184394186,-40.2627553745391
147.48,0.0032195034654438,0.0013509589395825062,-39.10381246742626
147.49,0.0032330639129756,0.0013611409992499764,-37.974692747779635
147.5,0.0032467264950597,0.0013713859476699858,-36.87501671099396
147.51,0.0032604918435178,0.001381694372208331,-35.80399288150448
147.52,0.003274360596061,0.0013920668633666685,-34.72362417942037
147.53,0.003288333396321,0.0014025040147633313,-34.50605827225617
147.54,0.0033024108938813,0.0014130062526283307,-29.77223997807541
147.55,0.0033165937443086,0.001423575461343315,-26.38017134211005
147.56,0.0033308826296464,0.0014342130162400117,-32.84283958798396
147.57,0.0033452782270806,0.0014449170628958556,-32.636781628280275
147.58,0.0033597811941085,0.0014556878543825025,-27.96913685101228
147.59,0.0033743922124579,0.001466527282032493,-27.770887663478483
147.6,0.0033891119701389,0.001477435826010809,-26.878885899117336
147.61,0.0034039411614799,0.0014884141199266528,-26.040265940926943
147.62,0.0034188804871632,0.0014994628009725188,-25.224174067108457
147.63,0.0034339306542611,0.0015105825099491872,-24.43029264743909
147.64,0.0034490923762718,0.0015217738912108136,-23.657987787068326
147.65,0.0034643663731548,0.0015330375927191462,-22.906840849675024
147.66,0.0034797533713675,0.0015443742660283572,-22.160997246556597
147.67,0.0034952541039004,0.0015557845662466621,-21.72590284848105
147.68,0.0035108693103132,0.0015672690665583205,-20.72510939982511
147.69,0.0035265997367708,0.0015788287648883532,-12.094935235309995
147.7,0.0035424461463437,0.0015904674031891786,-18.99165318813486
147.71,0.0035584093403578,0.0016021826536316637,-24.343697264532597
147.72,0.0035744900506265,0.0016139726297450326,-16.598402795064207
147.73,0.0035906890525974,0.0016258408044199926,-17.165749673649294
147.74,0.0036070071286911,0.0016377875712558097,-16.510144867844094
147.75,0.0036234450683442,0.001649813633899994,-15.92262617726676
147.76,0.0036400036680502,0.0016619197001699944,-15.351702659612576
147.77,0.0036566837314022,0.0016741064821225052,-14.797184221214533
147.78,0.0036734860691347,0.0016863746959891466,-14.258636661735315
147.79,0.0036904114991655,0.0016987250622108561,-13.735742815940503
147.8,0.0037074608466379,0.0017111583054291546,-13.228199658629121
147.81,0.0037246349439625,0.0017236751544716696,-12.660494250802016
147.82,0.0037419346308592,0.0017362763423733488,-13.859900414623038
147.83,0.0037593607543993,0.0017489620955583448,-4.160651297986664
147.84,0.0037769141690475,0.001761737532859153,-8.52135657328117
147.85,0.0037945957980019,0.0017746011021599955,-16.672645292900192
147.86,0.0038124064757369,0.0017875492079808494,-9.73903834411857
147.87,0.0038303470756553,0.0018005856210816522,-9.50110788687957
147.88,0.003848418485317,0.0018137112340308418,-9.198047804391328
147.89,0.0038666216001129,0.0018269267792558322,-8.78369577623164
147.9,0.003884957323314,0.001840233047224969,-8.388897387635012
147.91,0.0039034265661206,0.0018536308333333752,-8.006219659427844
147.92,0.0039220302477116,0.001867120937902513,-7.635438188381521
147.93,0.0039407692952937,0.0018807041661658235,-7.2762786026435435
147.94,0.0039596446441505,0.0018943813282824838,-6.928479570812072
147.95,0.0039786572376919,0.001908153239345846,-6.549168436064289
147.96,0.0039978080275033,0.0019220207193516598,-7.148566868250455
147.97,0.0040170979733946,0.0019359842396799857,-2.210671110708854
147.98,0.0040365280434499,0.001950047426501628,-1.1383927455589098
147.99,0.0040560992565031,0.0019642115574758515,-7.982412137207076
148.0,0.0040758126011911,0.0019784731304191734,-6.865534197819131
148.01,0.0040956690484271,0.001992833277304957,-3.88579724948098
148.02,0.0041156696031916,0.0020072945708791835,-4.121967443706434
148.03,0.0041358152792305,0.0020218576792449903,-3.822100788657895
148.04,0.0041561070991128,0.0020365234875516515,-3.554925352452149
148.05,0.0041765460942873,0.0020512928866375257,-3.2968071189838484
148.06,0.0041971333051398,0.002066166773044141,-3.0475232084700985
148.07,0.00421786978105,0.002081146049042494,-2.80689918250634
148.08,0.0042387565804491,0.002096231622627537,-2.5748108996886705
148.09,0.0042597947708766,0.002111424407478313,-2.3330815184973104
148.1,0.0042809854290373,0.0021267253229625077,-2.471282276139607
148.11,0.0043023296408582,0.0021421351122783466,-1.124065577866412
148.12,0.0043238285015464,0.0021576557758124703,3.933168350691319
148.13,0.004345483137476,0.0021732916938691934,-1.809742200405115
148.14,0.0043672947088822,0.0021890394655641895,-4.983705434338957
148.15,0.0043892642962803,0.0022048973389024685,-0.04003363908532254
148.16,0.0044113930361131,0.002220869731677476,-0.6608231815764195
148.17,0.0044336820746549,0.0022369572456750284,-0.44425840890881124
148.18,0.0044561325680777,0.0022531608739025013,-0.26945798548652056
148.19,0.0044787456825161,0.0022694816159774646,-0.10141088967668727
148.2,0.0045015225941344,0.002285920478109168,0.05991229718772942
148.21,0.0045244644891912,0.002302478473015018,0.21479946589474058
148.22,0.0045475725641054,0.002319156620036642,0.3632942765762085
148.23,0.0045708480255223,0.002335955945073284,0.5055490482789418
148.24,0.0045942920903788,0.0023528774805932975,0.7030580752771437
148.25,0.0046179059859696,0.0023699222656500445,-0.5434058234374973
148.26,0.0046416909500126,0.00238709057583668,7.2873272266592
148.27,0.0046656482307147,0.0024043901584633264,2.5224786358667695
148.28,0.0046897791792392,0.0024218177675508607,-3.748829804861679
148.29,0.0047140850007668,0.002439368470512472,2.4493663817147056
148.3,0.0047385669783233,0.002457048631638352,1.6471837556424118
148.31,0.004763226406926,0.0024748588572883214,1.7899657022023057
148.32,0.0047880645927162,0.0024928002558191596,1.8990351097235836
148.33,0.0048130828530354,0.002510873951000853,2.0024118137475235
148.34,0.0048382825165002,0.0025290810741208335,2.1007970812025376
148.35,0.0048636649230779,0.0025474227640074265,2.1942986559796744
148.36,0.0048892314241617,0.002565900167039183,2.2830325357237427
148.37,0.0049149833826465,0.0025845144371600143,2.3670678404005163
148.38,0.0049409221730043,0.002603266735846643,2.484729359951728
148.39,0.0049670491813595,0.002622158232092552,1.7209707802629048
148.4,0.0049933658055641,0.0026411895137458353,6.160124930461273
148.41,0.0050198734552738,0.0026603665811475007,5.620349268155231
148.42,0.0050465736226692,0.002679689970009988,0.12820104278515027
148.43,0.0050734677284626,0.0026991545639150193,1.9869572676958938
148.44,0.0051005571946733,0.002718763282043298,3.428051542389008
148.45,0.0051278434836368,0.0027385190910107814,3.1945281866823434
148.46,0.0051553280702176,0.002758423015759125,3.2699035972609596
148.47,0.0051830124418957,0.002778476322179966,3.3276158365692434
148.48,0.0052108980988534,0.0027986802848158137,3.3815805141804414
148.49,0.0052389865540616,0.002819036186884983,3.4318470480082706
148.5,0.0052672793333669,0.0028395453202516817,3.4784967342613533
148.51,0.0052957779755775,0.0028602089854325337,3.5216323044991045
148.52,0.0053244840325504,0.002881028491629172,3.57429679927215
148.53,0.0053533990692777,0.0029020051566675453,3.3435456514072843
148.54,0.005382524663973,0.0029231400607241395,4.451411278071135
148.55,0.0054118624081582,0.0029444361995391707,6.547140272158521
148.56,0.0054414139363075,0.002965897683061644,3.430497366472712
148.57,0.005471180904009,0.0029875215533391435,2.2234988970953906
148.58,0.005501164908812,0.0030093072526566848,4.382347331343649
148.59,0.0055313676017935,0.003031259097960033,4.05263406840762
148.6,0.0055617906482647,0.0030533781895516845,4.10266278111079
148.61,0.0055924357278754,0.0030756659666366583,4.134041812033308
148.62,0.005623304534721,0.0030981238790374938,4.16261067724474
148.63,0.0056543987774475,0.003120753387079158,4.188483039667853
148.64,0.005685720179357,0.0031435559616850416,4.223393257566849
148.65,0.0057172704785139,0.0031665330843391624,3.9880865768395446
148.66,0.00574905142785,0.00318968598201416,5.320606143659588
148.67,0.0057810647952708,0.0032130183003725174,5.265192463313014
148.68,0.0058133123955705,0.00323653145289582,3.6073077757826746
148.69,0.0058457960242332,0.0032602241812416726,4.081907189514674
148.7,0.0058785174852017,0.003284098650405009,4.5335037183591345
148.71,0.0059114786105714,0.0033081572206458414,4.456986035182997
148.72,0.0059446812482275,0.0033324013728116674,4.474074685480098
148.73,0.0059781272619621,0.0033568327033683433,4.484717029228239
148.74,0.0060118185315899,0.003381452820485015,4.4931571476630205
148.75,0.0060457569530664,0.003406263344043306,4.499372844371209
148.76,0.0060799444386037,0.003431265905534151,4.5172767381191266
148.77,0.0061143829167873,0.003456462148143347,4.210202977979241
148.78,0.006149074332693,0.0034818533523591237,5.922428338138597
148.79,0.0061840206480036,0.0035074444102266636,4.93566875392908
148.8,0.006219223886051,0.003533235139717522,3.5025745219209927
148.81,0.0062546860144241,0.003559224340674125,4.776925796495394
148.82,0.0062904090472909,0.003585416112188394,4.60045753796377
148.83,0.0063263950170419,0.003611812001176693,4.601049001419009
148.84,0.0063626459735308,0.003638413752959136,4.596952242567818
148.85,0.0063991639842021,0.0036652231329274395,4.5908060648141324
148.86,0.0064359511342174,0.0036922419191900155,4.582900020794637
148.87,0.0064730095265834,0.0037194719025899744,4.575994561831906
148.88,0.0065103412822784,0.003746914886628306,4.51190090140447
148.89,0.0065479485403793,0.0037745725990958523,4.63881526532683
148.9,0.0065858334581892,0.0038024473358741744,5.54018917484388
148.91,0.0066239982219783,0.0038305430221657975,4.647235543255201
148.92,0.0066624450547655,0.0038588595055966514,3.989582784498372
148.93,0.0067011761503298,0.003887397056279199,4.7408293704004265
148.94,0.0067401937443296,0.003916159325334967,4.604732106448892
148.95,0.0067795000917376,0.003945148062257526,4.599133984822146
148.96,0.0068190974669877,0.003974365220594991,4.586788472010467
148.97,0.0068589881641237,0.004003812768733349,4.577035126868028
148.98,0.006899174496947,0.004033492689790039,4.476828453328304
148.99,0.006939658799164,0.004063406834031689,4.874685712409327
149.0,0.0069804434245353,0.00409355835595082,4.993683296741986
149.01,0.0070215307647463,0.00412394965950662,4.361084654528012
149.02,0.0070629232188913,0.004154581119200828,4.372808840576213
149.03,0.0071046231948712,0.00418545479853421,4.594030118180048
149.04,0.0071466331312304,0.004216573466385837,4.533863126425453
149.05,0.007188955487635,0.004247939162351638,4.519024302689143
149.06,0.0072315927450354,0.004279554022986655,4.501093224160498
149.07,0.007274547405829,0.00431142020118331,4.48690814010311
149.08,0.007317821994024,0.004343539866149149,4.358904819965443
149.09,0.0073614190554018,0.004375914992410798,4.922957669056924
149.1,0.0074053411576799,0.004408549566359992,4.638352136386359
149.11,0.0074495909159869,0.004441445022873328,4.098715394673844
149.12,0.0074941709307416,0.004474601932630852,4.459782947972262
149.13,0.0075390838371506,0.004508023693614981,4.416450298776945
149.14,0.0075843322950738,0.004541712604553382,4.3906466745121016
149.15,0.0076299189874107,0.004575670963275044,4.368687958127714
149.16,0.007675846620276,0.004609901100071636,4.346217712290937
149.17,0.0077221179231752,0.004644405362859189,4.308529269925386
149.18,0.0077687356491812,0.004679186080060898,4.307260491025114
149.19,0.0078157025751092,0.00471424579822086,4.596579339613072
149.2,0.0078630215061407,0.004749588046045025,4.332074314854677
149.21,0.0079106952830647,0.004785214406463305,4.083905166023363
149.22,0.0079587267472998,0.004821126472331703,4.293095605305997
149.23,0.0080071187756064,0.004857327550804213,4.2331808057436255
149.24,0.0080558742697945,0.004893820069517486,4.212764103074648
149.25,0.0081049961569258,0.004930606563622473,4.169498660889183
149.26,0.0081544873895129,0.004967689535691645,4.233957425631427
149.27,0.0082043509457189,0.005005071944974267,4.282424326423991
149.28,0.0082545898358563,0.005042756692664931,4.109191082626362
149.29,0.0083052070942761,0.005080745794425783,4.060363235939767
149.3,0.0083562057748507,0.005119041766371684,4.109769075694161
149.31,0.008407588962343,0.005157647591514202,4.072801368512714
149.32,0.0084593597684269,0.00519656593685339,4.051771588191816
149.33,0.008511521331904,0.005235799525798322,3.958671528260061
149.34,0.0085640768189163,0.0052753509068224355,4.295023250455922
149.35,0.0086170294231624,0.005315224488223345,4.152719414000476
149.36,0.0086703823896754,0.005355422537845107,3.7241444866139592
149.37,0.00872413895939,0.005395945937402419,3.848695819853329
149.38,0.0087783024041957,0.005436798102643274,3.8236592285467736
149.39,0.0088328760268365,0.005477981919145067,3.7726991823666562
149.4,0.0088878631569302,0.0055195000411242005,3.343128340890228
149.41,0.0089432671509686,0.005561353965624093,5.271917656958674
149.42,0.0089990913923176,0.00560355639759672,4.369421348892977
149.43,0.0090553394340608,0.005646105971783411,2.6167896344933683
149.44,0.0091120146539562,0.005688996463078389,3.8141921045954197
149.45,0.0091691205274634,0.00573223677481583,3.6318476326660725
149.46,0.009226660563969,0.005775829488175044,3.5575588979587174
149.47,0.0092846383011853,0.005819777296582546,3.2471841496059213
149.48,0.0093430573051504,0.005864082415200041,5.240315087964275
149.49,0.0094019211813247,0.005908759200338344,4.035405866345485
149.5,0.0094612337152602,0.0059538042458015875,2.3542441718998863
149.51,0.0095209984780231,0.005999210788327599,3.71850671567886
149.52,0.0095812191692414,0.0060449896163291324,3.4375592460562765
149.53,0.009641899518575,0.006091142911922454,3.3292110993643735
149.54,0.0097030432857159,0.00613767338595248,3.304487643314258
149.55,0.0097646542603884,0.006184585055452529,5.0378265071977015
149.56,0.0098267362974343,0.0062318922022225505,3.6869563325021493
149.57,0.0098892934056679,0.006279589875562494,2.2929661949554454
149.58,0.0099523293836852,0.006327672152073175,3.5414160829864314
149.59,0.0100158481653281,0.006376150274355107,3.2797661492466563
149.6,0.0100798537164671,0.006425026585068428,3.1269426544704344
149.61,0.0101443500350005,0.006474303770201591,3.4034603852334047
149.62,0.0102093411508562,0.0065239880663941,4.676369421556133
149.63,0.0102748311880167,0.006574092084727521,3.3063721863731868
149.64,0.0103408243726294,0.006624609900038325,2.355768657173456
149.65,0.0104073247590188,0.006675537899385895,3.345560797964023
149.66,0.0104743365308684,0.006726886767605842,3.1255995447683556
149.67,0.0105418639060024,0.006778659125277484,2.9332854478980517
149.68,0.0106099111363855,0.0068308576273975585,3.480374667489168
149.69,0.0106784825081223,0.006883490959905866,4.285425428352194
149.7,0.0107475824325399,0.0069365694205958395,2.9364933052737174
149.71,0.0108172153600489,0.006990086272663353,2.424617779488623
149.72,0.0108873856213268,0.007044040824443294,3.14228615187912
149.73,0.0109580976656979,0.007098442810367497,2.966011610993867
149.74,0.0110293559787987,0.007153295175649959,2.733176789101507
149.75,0.01110116508258,0.0072086004950708965,3.5450852742045535
149.76,0.0111735295353056,0.007264370385200748,3.934927307615386
149.77,0.0112464540583446,0.007320612575224976,2.576649189320787
149.78,0.0113199433386914,0.007377319145894223,2.461849519739258
149.79,0.0113940020006394,0.007434492685389187,2.9440653290234686
149.8,0.0114686347761567,0.007492141927698271,2.806569847048827
149.81,0.0115438464358203,0.0075502701580792315,2.514457335005631
149.82,0.0116196417888148,0.007608879703269178,3.6895993781210152
149.83,0.0116960256829347,0.007667986668892571,3.6567423114108415
149.84,0.0117730031886796,0.007727595394669138,2.1526387496651305
149.85,0.0118505792344716,0.007787695203668258,2.467144498189897
149.86,0.0119287587537497,0.007848293012337512,2.7523029096326788
149.87,0.0120075467790553,0.00790939660678766,2.6392046957587425
149.88,0.0120869483838687,0.007971009596210768,2.4204159335527993
149.89,0.0121669686826091,0.008033134837645794,3.130143788984914
149.9,0.0122476128306348,0.008095785440369204,3.758553018677328
149.91,0.0123288861726666,0.008158973172629917,2.3269279402191048
149.92,0.0124107940514844,0.008222686837493207,2.000717764290497
149.93,0.0124933416686903,0.008286926744132533,2.652437481429313
149.94,0.0125765343783252,0.008351705144665853,2.4852356558749578
149.95,0.0126603775780971,0.008417025499255834,2.350024280212756
149.96,0.0127448767093789,0.00848289137732092,2.580567405645125
149.97,0.0128300372572092,0.008549311719009125,3.7799239626391437
149.98,0.0129158648459435,0.00861630635340077,2.5061016514482923
149.99,0.0130023652643328,0.00868386465874745,1.6045863625075512
150.0,0.0130895440039596,0.00875197955120745,2.5509963535089217
150.01,0.0131774067622883,0.008820667849921728,2.3422874745461573
150.02,0.0132659592834426,0.00888993289400587,2.2815567244345707
150.03,0.0133552073582062,0.00895977904733163,2.0991037522393334
150.04,0.0134451568240221,0.009030210691804923,3.722747917351558
150.05,0.0135358136012445,0.009101255511507382,2.6359877509867498
150.06,0.0136271839447324,0.009172904134549173,1.2905756932327215
150.07,0.0137192736625077,0.009245142190392592,2.439828907225231
150.08,0.0138120888179818,0.00931799079171079,2.204891877618867
150.09,0.0139056355243926,0.009391453208243373,2.181603978257852
150.1,0.0139999199448063,0.009465534422656702,1.833270107668349
150.11,0.0140949482921145,0.009540236420459163,3.4095355795019087
150.12,0.0141907268290382,0.009615589344748307,2.715278502537913
150.13,0.0142872622277927,0.00969158857773507,1.2411897501574742
150.14,0.0143845607088621,0.009768215884431674,2.1895620298473757
150.15,0.0144826287013775,0.009845491255602423,2.092022139405928
150.16,0.0145814727115848,0.009923420109479966,2.046924373627027
150.17,0.014681099298902,0.010002007563838301,1.7922209358743408
150.18,0.0147815150759205,0.010081256540605838,2.8228691173911873
150.19,0.0148827267084025,0.01016119155071007,2.759757409531623
150.2,0.0149847412027161,0.010241818012919146,1.4749863703673027
150.21,0.0150875653271816,0.010323118863840791,1.7813780143675186
150.22,0.015191205864603,0.01040510474569926,2.00699161296099
150.23,0.0152956697398368,0.010487786660874184,1.915897738162325
150.24,0.0154009639344738,0.010571169572031724,1.7412444752356824
150.25,0.0155070954868431,0.010655257377169963,2.3158238712334382
150.26,0.0156140714920096,0.010740068799739978,2.7704864628101533
150.27,0.0157218993148628,0.01082561962353087,1.6527725093426369
150.28,0.0158305863026626,0.010911894013377645,1.4307406882851774
150.29,0.0159401396172434,0.010998892987380712,1.918473420103879
150.3,0.0160505666294491,0.01108663331027505,1.7906024277952028
150.31,0.0161618747706691,0.011175119799216801,1.6837127809872867
150.32,0.0162740715328352,0.011264357381226588,1.8766935859526679
150.33,0.0163871644684262,0.011354358755398386,2.748675805909108
150.34,0.0165011613257587,0.011445150354994112,1.783915322194154
150.35,0.0166160700634093,0.011536717761889838,1.1324985396634375
150.36,0.0167318982501007,0.011629052112908385,1.827040424833651
150.37,0.0168486537317354,0.011722176055774103,1.6707979634493064
150.38,0.0169663444188185,0.011816094279327427,1.6203757493599429
150.39,0.0170849782864588,0.011910812787485164,1.5000000620774139
150.4,0.0172045633743686,0.01200633808219444,2.697440231473481
150.41,0.017325107841638,0.01210270739933648,1.8723482451452877
150.42,0.0174466202903888,0.012199907938222326,0.8820288534707758
150.43,0.0175691087267,0.012297920825042493,1.732985751112415
150.44,0.0176925815022779,0.01239677463428102,1.5565707916933544
150.45,0.0178170470377457,0.012496473951560845,1.5351881154626164
150.46,0.0179425138226407,0.012597025668303435,1.325800934268616
150.47,0.0180689904154151,0.012698433548764156,2.209444043926811
150.48,0.0181964854434367,0.012800730467084123,1.8635005552210782
150.49,0.018325007978262,0.012903915262630055,1.0459550867270524
150.5,0.0184545666693658,0.013007971957194279,1.5423305520397546
150.51,0.0185851703913323,0.013112922082929968,1.4818794613155946
150.52,0.0187168281131358,0.013218773006007465,1.3299442118332656
150.53,0.0188495488784704,0.013325529719174136,1.923748630851371
150.54,0.0189833418057497,0.013433219098715784,1.6399325773599989
150.55,0.0191182163659426,0.013541841240950758,1.1042597681132418
150.56,0.0192541817210675,0.013651387272460078,1.4644428235756817
150.57,0.0193912472520987,0.013761876684439234,1.3847479713610253
150.58,0.0195294224223033,0.013873316337101836,1.2723580845813423
150.59,0.0196687167736963,0.013985712384486482,1.7602152792655434
150.6,0.0198091399333961,0.0140990904775582,1.4963756439404532
150.61,0.0199507018547027,0.014213450888041646,1.058712878810581
150.62,0.0200934122130475,0.01432878686288749,1.3635948037081567
150.63,0.0202372809043425,0.014445117702449028,1.2811928896891125
150.64,0.020382317906968,0.014562450349893397,1.192704630582865
150.65,0.0205285332817728,0.014680792007268236,1.6659774417716062
150.66,0.0206759371905027,0.014800170033044964,1.387909130645408
150.67,0.0208245401317479,0.014920583679260113,0.9693790964119721
150.68,0.0209743523028034,0.015042025706960902,1.269615880940296
150.69,0.0211253841386672,0.01516451682720092,1.1846561754712925
150.7,0.0212776461610218,0.01528806417508344,1.1227718671691873
150.71,0.021431148978231,0.015412676257839028,1.565354496280025
150.72,0.0215859033183038,0.015538381574526586,1.2808751258074287
150.73,0.0217419202459825,0.015665178482639847,0.8953203304305168
150.74,0.0218992105140906,0.015793059870693963,1.1805151954382735
150.75,0.0220577851266086,0.015922047554446102,1.0955864635197277
150.76,0.0222176551788293,0.01605214893775671,1.0616194547937954
150.77,0.0223788318573586,0.016183374034474774,1.4456045267428828
150.78,0.0225413264875598,0.016315751154789955,1.1714148163960307
150.79,0.0227051507123156,0.016449278361280965,0.8399547511030852
150.8,0.0228703158799105,0.016583949849630075,1.0910231801541008
150.81,0.0230368335928105,0.01671978770611396,1.012883373652574
150.82,0.0232047155495634,0.016856799829784802,0.996683795150162
150.83,0.0233739735448051,0.01699499721307928,1.2486355408911753
150.84,0.0235446195162931,0.01713440394956412,1.0690039574553163
150.85,0.0237166656610786,0.017275022221710658,0.857072091345305
150.86,0.0238901240058037,0.01741685170492755,1.016562679579543
150.87,0.0240650067942846,0.017559911831917647,0.9739991130195953
150.88,0.0242413263773498,0.01770421241828905,0.9552442288273388
150.89,0.0244190952136173,0.01784976409385395,0.962576819125951
150.9,0.0245983258702706,0.01799657913122262,0.9648347576560412
150.91,0.0247790310463885,0.01814466955395843,0.9168116316192937
150.92,0.0249612235437727,0.01829404451272647,0.8979497327215032
150.93,0.0251449162551591,0.01844471483574316,0.8996238191631549
150.94,0.0253301221989082,0.018596692776320953,0.8831322914342835
150.95,0.0255168545071833,0.01874998965190582,0.871805434996302
150.96,0.0257051264268078,0.018904617062492392,0.8466136785532964
150.97,0.0258949513201272,0.01906058585528919,0.836108215336767
150.98,0.0260863426549603,0.01921790788937828,0.8323704433239474
150.99,0.0262793140297686,0.01937659558705661,0.8123130552643476
151.0,0.0264738791572136,0.019536660394646757,0.7984748740365354
151.01,0.0266700518677068,0.019698114194671684,0.7852069043245705
151.02,0.0268678461111083,0.01986096900904932,0.7705867694324143
151.03,0.0270672759575656,0.020025236792987466,0.7442774470609165
151.04,0.0272683555949981,0.020190928796360766,0.7385681684344161
151.05,0.0274710993236667,0.02035805782523405,0.733157230656987
151.06,0.0276755215843538,0.02052663684732938,0.7105071245157819
151.07,0.0278816369333831,0.020696677623447512,0.6975799171600625
151.08,0.0280894600510498,0.020868192654280564,0.6841227063528945
151.09,0.028299005742421,0.021041194502084172,0.6660602578378184
151.1,0.0285102889381433,0.021215695434696875,0.6491972781040573
151.11,0.028723324689881,0.021391707903100004,0.6404868922234338
151.12,0.0289381281785662,0.02156924510984647,0.6267548036246727
151.13,0.0291547147174322,0.021748319947953166,0.6099614720887887
151.14,0.0293730997453713,0.0219289451030551,0.5959456977209505
151.15,0.0295932988305674,0.02211113356729511,0.5840642310621478
151.16,0.0298153276712812,0.022294898529428137,0.5568799147432605
151.17,0.030039202096636,0.022480251945009168,0.5463923887437148
151.18,0.0302649380503887,0.022667207323312743,0.5430086336824992
151.19,0.0304925516300263,0.02285577895713691,0.521413043045052
151.2,0.0307220590596061,0.023045979549697268,0.5071787119736214
151.21,0.0309534766955188,0.023237822469931654,0.4937804048760342
151.22,0.031186821028365,0.023431321257418328,0.47770725520541335
151.23,0.0314221086837057,0.023626489127198294,0.44250776814713755
151.24,0.0316593564142111,0.02382333755554424,0.44237421024709594
151.25,0.0318985810870238,0.024021881610752166,0.4421571463328385
151.26,0.0321397997482445,0.024222136557099268,0.4131259216899878
151.27,0.0323830295626826,0.024424114696453815,0.40041681644736854
151.28,0.0326282878326296,0.024627829961435498,0.38975710687641624
151.29,0.0328755919985302,0.024833296514033036,0.3556764786975179
151.3,0.033124959639653,0.02504052593946578,0.3290985444211305
151.31,0.0333764084371858,0.02524953077315019,0.3413733218197481
151.32,0.0336299562291385,0.025460328114663457,0.3280923629018629
151.33,0.0338856210216362,0.02567293233721307,0.3013215888489037
151.34,0.0341434209414966,0.025887356078191835,0.2875155321650727
151.35,0.034403374255585,0.026103613525685125,0.2820855275505705
151.36,0.0346654993713459,0.026321719574788512,0.21406523064416993
151.37,0.0349298148373484,0.026541681662876095,0.21541300754986475
151.38,0.0351963392466292,0.02676351588217901,0.24390420729625456
151.39,0.0354650914583063,0.026987242188197237,0.19770715341513126
151.4,0.0357360904331476,0.02721287099637943,0.1832177994312478
151.41,0.0360093552669119,0.027440416358820094,0.16981150877840873
151.42,0.0362849051959085,0.02766989266074239,0.14829677560782373
151.43,0.0365627595973351,0.027901312734403737,0.08060464576663316
151.44,0.0368429379572441,0.028134683320278228,0.10083807989329595
151.45,0.0371254598294683,0.028370023565840036,0.11920844141408055
151.46,0.0374103450545407,0.028607352842716732,0.06640746586700341
151.47,0.0376976135478071,0.02884668003615652,0.05429423671241674
151.48,0.0379872853628285,0.029088019498013075,0.04535149577684385
151.49,0.0382793806914319,0.02933138596006076,-0.012255098191490395
151.5,0.0385739198637775,0.0295767864972848,-0.05145195804198674
151.51,0.0388709232401918,0.029824231188235392,-0.014288006775234804
151.52,0.0391704113732335,0.03007374250613374,-0.03065872408914177
151.53,0.0394724050244917,0.03032533471382324,-0.07120228050239531
151.54,0.0397769250374407,0.030579017480439688,-0.08686515041525672
151.55,0.0400839923881906,0.030834804479430943,-0.0868266009596767
151.56,0.0403936281851719,0.031092711062008217,-0.20538311738550344
151.57,0.0407058536688096,0.031352732693875195,-0.19041576839849977
151.58,0.0410206899549517,0.031614887934640866,-0.12729343768268953
151.59,0.041338158623164,0.0318792048038897,-0.20606429071568144
151.6,0.0416582812678502,0.03214568582642792,-0.22179409796933852
151.61,0.0419810795955308,0.03241434352519324,-0.23698310786014562
151.62,0.0423065754347148,0.03268519086995301,-0.26906478501258996
151.63,0.0426347907350576,0.03295823633565233,-0.38107266041100035
151.64,0.0429657474796702,0.03323347357531304,-0.3345579277924707
151.65,0.0432994675948957,0.03351092726577524,-0.2943729176796594
151.66,0.0436359734843821,0.033790621870183855,-0.3805079847912551
151.67,0.0439752875008598,0.034072555748830384,-0.39386353714948613
151.68,0.0443174321029609,0.03435674073385189,-0.4003070812617354
151.69,0.0446624298536665,0.034643189601764095,-0.5017199933529033
151.7,0.0450103034187735,0.03493189430274577,-0.5621936334721568
151.71,0.0453610752751489,0.03522285583427686,-0.4817323962030229
151.72,0.0457147681584906,0.035516106823671977,-0.5064495125706187
151.73,0.0460714050712901,0.03581165727436191,-0.5713346607116404
151.74,0.0464310089690625,0.0361095062177697,-0.5914378624554333
151.75,0.0467936028868007,0.03640966254985599,-0.5848967637358208
151.76,0.047159209936443,0.0367121389275319,-0.7835791516954098
151.77,0.0475278533043514,0.0370169003381518,-0.7478855281424115
151.78,0.0478995556381643,0.03732396764937462,-0.6341631020701668
151.79,0.0482743404599929,0.03763338281537662,-0.7668323627694257
151.8,0.04865223106365,0.03794512648168536,-0.7854222996352633
151.81,0.0490332507703918,0.03825920428661417,-0.8057000705567825
151.82,0.0494174229435533,0.03857562214614595,-0.8575720224265285
151.83,0.0498047709848256,0.03889437465951143,-1.035207375658878
151.84,0.0501953181215829,0.03921542429900568,-0.9525445986980136
151.85,0.0505890872354872,0.0395388034275768,-0.8851778450407298
151.86,0.0509861020329654,0.03986454232507199,-1.0221874237171502
151.87,0.0513863858645764,0.04019261312450794,-1.0404838658112034
151.88,0.0517899620752879,0.04052301796283476,-1.0472575365761112
151.89,0.0521968539991263,0.04085576093488727,-1.2126088008565998
151.9,0.0526070849538244,0.04119079868878517,-1.3019922220160423
151.91,0.0530206775806819,0.04152811060732578,-1.1684152664586398
151.92,0.0534376548850785,0.04186774415611521,-1.2117055590649501
151.93,0.05385804017628,0.042209694624795124,-1.3113284746944471
151.94,0.0542818564198754,0.042553935627164786,-1.3423655805154113
151.95,0.0547091265040817,0.04290046133215489,-1.3262784781309795
151.96,0.0551398732322323,0.04324927475972014,-1.666237750117837
151.97,0.0555741193152766,0.04360026719555359,-1.5946043781474537
151.98,0.0560118859382682,0.043953462599249524,-1.3960204719400504
151.99,0.0564531960889024,0.04430893111421186,-1.626978370990286
152.0,0.0568980719093288,0.04466659867524633,-1.6515110670660464
152.01,0.057346535350056,0.045026452478891546,-1.684211539982638
152.02,0.0577986081864674,0.04538847864704992,-1.7733902384819253
152.03,0.0582543120085442,0.045752636916742674,-2.0535197809020445
152.04,0.0587136677395884,0.04611882199664329,-1.920956063674904
152.05,0.0591766953450149,0.04648707661465511,-1.8203774551867882
152.06,0.0596434162386358,0.04685743575352913,-2.0399088150322697
152.07,0.0601138508071648,0.04722981299624668,-2.0722325996880753
152.08,0.0605880191463641,0.047604184809048496,-2.0872414142809954
152.09,0.0610659410472917,0.04798053129737064,-2.353098387509264
152.1,0.0615476359825652,0.04835873383662193,-2.4884169087572707
152.11,0.0620331217410891,0.04873872540605481,-2.2891522212181696
152.12,0.0625224166363487,0.04912057312328154,-2.3718896449156084
152.13,0.0630155392288331,0.04950423428418671,-2.5284536362996075
152.14,0.0635125071097234,0.04988962762715622,-2.5845332715999256
152.15,0.0640133374139844,0.05027671105365973,-2.592196655466529
152.16,0.0645180468023004,0.05066545367362954,-2.9973080312498603
152.17,0.0650266514430099,0.05105566180251264,-2.9730816911230185
152.18,0.0655391649010918,0.05144732023002532,-2.7956963803141823
152.19,0.066055602788014,0.051840483532935674,-3.0770652643888754
152.2,0.0665759791347302,0.052235008347764164,-3.125675508411299
152.21,0.0671003072881649,0.05263083786942342,-3.27368093104982
152.22,0.0676285999005673,0.05302787223199328,-3.4762515344950478
152.23,0.0681608683703799,0.05342598683754039,-3.46964084630248
152.24,0.068697123124611,0.05382515024001065,-3.5172059332604224
152.25,0.0692373746600097,0.054225307131550854,-3.6978687160117216
152.26,0.0697816321888044,0.05462633750679159,-3.761638996525265
152.27,0.070329904028141,0.05502816422187709,-4.049800963410703
152.28,0.0708821975688464,0.05543060814331008,-4.126883859142078
152.29,0.0714385179937204,0.055833587083222475,-4.104209274584374
152.3,0.0719988709362424,0.056237067282645846,-4.324154910817441
152.31,0.0725632605173223,0.0566408978782512,-4.432910803659028
152.32,0.073131689683744,0.05704497082592054,-4.618139240876978
152.33,0.0737041602283431,0.05744913690421578,-4.904094743743673
152.34,0.0742806721252983,0.057853198657448666,-4.925118262623769
152.35,0.0748612236212508,0.058257088553662656,-4.990691386690851
152.36,0.0754458129881118,0.05866071809763514,-5.247032391562192
152.37,0.0760344365044115,0.059063899668701514,-5.345177944433266
152.38,0.0766270890188676,0.05946650921481618,-5.7583848052291255
152.39,0.077223763907053,0.05986826793482013,-5.90052619588921
152.4,0.0778244511034659,0.06026903364482553,-5.870938574916882
152.41,0.0784291410290196,0.06066875415857998,-6.180223145829239
152.42,0.0790378219572213,0.06106720301588993,-6.37098207566198
152.43,0.0796504802380665,0.06146420141060066,-6.618965201024601
152.44,0.0802671004139344,0.06185953617838791,-7.021256958530582
152.45,0.0808876645134523,0.06225291745717912,-7.114226704688107
152.46,0.0815121518189011,0.06264421675439397,-7.2353042140726895
152.47,0.0821405413829387,0.06303329262221473,-7.60621801734112
152.48,0.0827728093592983,0.06341986938446845,-7.805937794726792
152.49,0.0834089297219641,0.06380374612119019,-8.271135416257707
152.5,0.0840488742049681,0.06418458774182408,-8.546411028512384
152.51,0.0846926106137542,0.06456216003683964,-8.658890249221676
152.52,0.0853401059646002,0.06493631674353018,-9.046937860059327
152.53,0.0859913245946003,0.06530676698440104,-9.375704603872416
152.54,0.0866462280425132,0.06567324185532616,-9.729590010564683
152.55,0.08730477519893,0.06603545536975203,-10.247458339344055
152.56,0.0879669217765987,0.06639304094522096,-10.510126034084292
152.57,0.0886326198229142,0.06674576828356328,-10.782979494714356
152.58,0.0893018201209603,0.06709340437555575,-11.294885713562506
152.59,0.0899744697597952,0.06743559080234265,-11.669491466173977
152.6,0.09065051274658,0.06777203120456946,-12.250083861503894
152.61,0.0913298899315906,0.06810232874940338,-12.72338710380486
152.62,0.0920125377507751,0.06842614664279816,-13.064640031280671
152.63,0.0926983903434276,0.06874322038448698,-13.614530970392906
152.64,0.0933873784441402,0.06905318158626945,-14.160393768559564
152.65,0.094079429032373,0.06935566133070432,-14.712980254097728
152.66,0.094774465471986,0.0696502879814511,-15.399743431926026
152.67,0.0954724072065094,0.06993663002957685,-15.941786315131848
152.68,0.0961731692794573,0.0702143342683251,-16.493709352238554
152.69,0.0968766638885942,0.07048304777341383,-17.222960618899613
152.7,0.0975827988164654,0.07074233362210544,-17.895673172314535
152.71,0.0982914777697645,0.07099178431813648,-18.622711740235143
152.72,0.0990026002941671,0.07123097343666104,-19.37267402203234
152.73,0.0997160615920315,0.07145946910766313,-20.13654383994115
152.74,0.100431752582202,0.071676838652842,-20.945947200880717
152.75,0.101149559781124,0.0718826338596712,-21.781095707417467
152.76,0.101869365168566,0.07207640119155044,-22.603651908267768
152.77,0.102591046219783,0.07225769777191629,-23.516380901643576
152.78,0.103314475948488,0.07242604365666634,-24.465367238583866
152.79,0.10403952228787,0.07258094659176699,-25.408629307924773
152.8,0.104766048474462,0.07272192483630836,-26.29870207540362
152.81,0.105493912836563,0.07284852473470836,-27.29247490329808
152.82,0.106222969357675,0.0729602465427579,-28.37942621768709
152.83,0.106953066385409,0.07305654947157512,-29.384312084367036
152.84,0.107684047280099,0.07313693088374976,-30.383382661450604
152.85,0.108415750279366,0.07320089433755853,-31.332478570213365
152.86,0.109148008803281,0.07324795871692519,-32.447322647418716
152.87,0.109880651250358,0.07327756257560018,-33.53715556708308
152.88,0.110613500002004,0.07328914537829216,-34.54543249052112
152.89,0.111346372360078,0.07328217959225852,-35.32584797400888
152.9,0.112079080235646,0.0732562218384341,-36.34400295112095
152.91,0.112811431568423,0.07321070321729176,-37.4417671878675
152.92,0.113543227048152,0.073144994984016,-38.22427903618833
152.93,0.114274262474051,0.07305858466372396,-38.918495876313195
152.94,0.115004328082588,0.07295097878426693,-39.53182902905609
152.95,0.115733209684264,0.07282167946832548,-40.3469422460338
152.96,0.116460687275744,0.07267005565689186,-40.94504724967349
152.97,0.1171865344831,0.07249552773997472,-41.34188804713529
152.98,0.117910519794449,0.07229757593437426,-41.37759539817321
152.99,0.118632406505107,0.07207580000965856,-41.71602425010744
153.0,0.119351954339675,0.07182959526018384,-42.032154537064116
153.01,0.120068914843749,0.07155829809150742,-41.896973930978675
153.02,0.120783035072363,0.0712614185815508,-41.48166740787111
153.03,0.12149405659563,0.07093856698455066,-41.130329338573574
153.04,0.122201718124937,0.07058925151435815,-40.97411033771838
153.05,0.122905751226195,0.07021279606764196,-40.39859554767687
153.06,0.12360588193516,0.06980869363770771,-39.642300497187044
153.07,0.124301831549297,0.06937651164949134,-38.58121937238446
153.08,0.124993317473228,0.06891595813366704,-37.89853733275487
153.09,0.1256800541328,0.0684264337748664,-37.1290428169922
153.1,0.126361747627144,0.06790732234691575,-36.03019924675696
153.11,0.127038100727641,0.06735822197040087,-34.573348157987894
153.12,0.127708811550326,0.06677900780598447,-33.49873312811864
153.13,0.128373578881808,0.06616922012186537,-32.62007647759705
153.14,0.129032091923762,0.0655281745738925,-31.28268484019757
153.15,0.129684037300505,0.06485559294856688,-29.953549732284614
153.16,0.130329097951035,0.06415125197302442,-28.54246920555608
153.17,0.130966955946164,0.06341504230540895,-27.511746478664527
153.18,0.131597290852271,0.06264643811876604,-26.394330968452543
153.19,0.132219775433744,0.06184501258412444,-25.15184646509437
153.2,0.132834081277423,0.06101058918796717,-23.690872082206997
153.21,0.133439877837285,0.060143423817776015,-22.677195858931654
153.22,0.134036839378043,0.05924317223780761,-21.80701758048754
153.23,0.134624629380571,0.05830927138040833,-20.62613611219879
153.24,0.135202912955174,0.05734180114530067,-19.545499822371607
153.25,0.135771353888684,0.05634086137749929,-18.44678318550306
153.26,0.136329619305511,0.05530673108454093,-17.672031669361136
153.27,0.136877376817967,0.054239072795701324,-16.852059371918074
153.28,0.137414288659293,0.05313773310570864,-15.989479577205943
153.29,0.137940019983456,0.052002873972999825,-15.011326283272458
153.3,0.138454236656738,0.05083525312317474,-14.312677461836817
153.31,0.138956615920767,0.049634941707599654,-13.76062578423792
153.32,0.139446825783,0.04840161477285786,-13.017637390695597
153.33,0.13992453998864,0.04713581410335765,-12.38118061645398
153.34,0.140389435426979,0.045837982241007935,-11.709726926341194
153.35,0.140841195380196,0.04450895282952621,-11.224725109835118
153.36,0.141279511046527,0.04314888864879995,-10.763143198000266
153.37,0.141704070605481,0.041757987570324964,-10.246517998628297
153.38,0.142114570591403,0.04033700463351789,-9.769602261213816
153.39,0.142510713230765,0.038886790431866505,-9.341459776017018
153.4,0.142892211492777,0.03740813057481682,-8.981087410863477
153.41,0.143258782964649,0.03590156847197597,-8.611499253796985
153.42,0.143610152793497,0.03436796727561628,-8.26576255127155
153.43,0.143946055419888,0.032808300439709136,-7.9556046513810825
153.44,0.144266235061615,0.031223504021991637,-7.669047656510078
153.45,0.144570445056828,0.029614562855864494,-7.402480387074262
153.46,0.144858449406378,0.02798253990018198,-7.158870820636592
153.47,0.145130022635288,0.026328536111560934,-6.931818817559109
153.48,0.145384950901273,0.024653757093584066,-6.725290398483276
153.49,0.145623032682601,0.02295944776423258,-6.540446307288775
153.5,0.145844078933652,0.021246845377043133,-6.369532883004814
153.51,0.146047913162612,0.019517302232173694,-6.213961537286087
153.52,0.146234373296116,0.01777225696441634,-6.078610563663509
153.53,0.146403311314452,0.016013107275068366,-5.958254547297088
153.54,0.146554593312642,0.014241298978675173,-5.84994457996581
153.55,0.146688100421812,0.012458421282941778,-5.756098274587797
153.56,0.146803730277555,0.010666133617750345,-5.683896549812358
153.57,0.146901396479803,0.008865824305108693,-5.6197505033733695
153.58,0.14698102574244,0.007059182826675096,-5.5671890575725556
153.59,0.147042565224279,0.005248106040090425,-5.534694069333848
153.6,0.147085978294162,0.003434163978732983,-5.51475353347452
153.61,0.147111244168768,0.001618873256325574,-5.506728824128216
153.62,0.147118357620904,-0.00019587027616715935,-5.514374809544747
153.63,0.147107335047456,-0.0020080439147666016,-5.534736128412962
153.64,0.147078209756806,-0.0038163729977398753,-5.57054999728688
153.65,0.147031026525756,-0.005619073096190438,-5.62561266859289
153.66,0.146965854207033,-0.007413949238057003,-5.69683825772089
153.67,0.146882779420815,-0.009199173921368061,-5.767844423068858
153.68,0.146781906825845,-0.010973660212977115,-5.869837718409106
153.69,0.146663348346816,-0.012735573944873402,-6.0043836295018735
153.7,0.146527244840598,-0.014482544618058212,-6.145963154218473
153.71,0.146373752412224,-0.016212929854675838,-6.273229844879421
153.72,0.146203044703276,-0.017925898468417144,-6.459457152370937
153.73,0.146015298830801,-0.01961961821645014,-6.6971399557021725
153.74,0.145810724005424,-0.021291702245866684,-6.91901984783151
153.75,0.145589541015382,-0.022940845269373938,-7.128580954236267
153.76,0.145351986449428,-0.02456629698376576,-7.423254694560319
153.77,0.145098299815158,-0.026166382986318508,-7.7904943566678035
153.78,0.144828750041684,-0.027738956300117405,-8.12412931307569
153.79,0.144543615711788,-0.029282965156066793,-8.450976251791381
153.8,0.144243188378482,-0.03079778128366693,-8.89453424062987
153.81,0.14392776232827,-0.03228196480559974,-9.433542050851413
153.82,0.14359765672758,-0.033733728336309,-9.92502690471039
153.83,0.143253198281244,-0.0351522918308309,-10.423334647336606
153.84,0.142894723402631,-0.03653718287606629,-11.075611202154313
153.85,0.142522570748378,-0.03788726030957562,-11.848603660530527
153.86,0.14213709840978,-0.03920116425931685,-12.565086534556263
153.87,0.141738669575585,-0.040478405237592135,-13.318444333050056
153.88,0.141327653731405,-0.04171867563404162,-14.26147858095404
153.89,0.140904421949889,-0.04292118809850661,-15.347488607954409
153.9,0.140469358480297,-0.044085063729776275,-16.386173310703928
153.91,0.140022850138542,-0.045210086035867944,-17.517400706988944
153.92,0.139565286888202,-0.046296096437048004,-18.849608755052753
153.93,0.139097059537433,-0.04734270347160804,-20.332097765935334
153.94,0.138618565243871,-0.04834953511384174,-21.824726464246606
153.95,0.138130201400487,-0.04931659266251739,-23.483622973115438
153.96,0.137632366006295,-0.05024385885008392,-25.29206751104374
153.97,0.137125456756327,-0.0511313525482821,-27.22845685139214
153.98,0.136609871152601,-0.05197917927607492,-29.31522482040511
153.99,0.136086004876729,-0.05278749131709231,-31.621788754455146
154.0,0.13555425248264,-0.053556418426875765,-33.896474738637686
154.01,0.13501500635469,-0.05428637965890817,-36.248630289523945
154.02,0.134468653187514,-0.05497787380832504,-38.90364032260809
154.03,0.13391557607479,-0.055631218825183404,-41.90402249738999
154.04,0.133356155100439,-0.05624660710819944,-44.43300308529704
154.05,0.132790767917112,-0.05682478185735733,-46.81587695853071
154.06,0.132219780779074,-0.05736661449420843,-49.73338618984786
154.07,0.131643555326753,-0.057872564107591444,-53.17429140890806
154.08,0.131062448116872,-0.05834283228113325,-55.412132307063075
154.09,0.130476814312407,-0.05877838067555018,-57.032815893972575
154.1,0.129886992538042,-0.05918039752710926,-59.53469862137006
154.11,0.129293316377179,-0.0595494523664084,-62.75279615834445
154.12,0.128696112338301,-0.05988574322000918,-63.9183798305222
154.13,0.128095706998448,-0.060190344816792495,-63.87686575677078
154.14,0.127492406694595,-0.0604646670428322,-65.18376827907473
154.15,0.126886512605546,-0.060709358573082566,-67.4068263307469
154.16,0.126278317240225,-0.06092462283939273,-66.97649685365793
154.17,0.125668114392258,-0.06111156057111665,-64.92025993708604
154.18,0.125056175729018,-0.06127169208255841,-64.71977284064984
154.19,0.124442767784424,-0.061405711948142594,-65.61252564711121
154.2,0.12382814742746,-0.061513846060149334,-63.773516387238494
154.21,0.123212573413571,-0.061597157210192245,-60.20866096777977
154.22,0.122596282289412,-0.061657172211299655,-59.01840278814965
154.23,0.121979505545263,-0.06169455522760797,-58.46938525063329
154.24,0.121362465146352,-0.06170967999600818,-56.13781036025983
154.25,0.120745382896404,-0.06170346369078333,-52.26207138701056
154.26,0.120128462698061,-0.06167727866198461,-50.33718112875278
154.27,0.119511901601829,-0.06163184703732461,-49.054874607209456
154.28,0.11889588822919,-0.061567634044341325,-46.82437999685518
154.29,0.118280608789915,-0.06148541263590798,-43.39213596454009
154.3,0.11766623628807,-0.061386347320492585,-41.23819937677035
154.31,0.117052935589178,-0.06127119272510857,-39.76152209601281
154.32,0.116440864301753,-0.061140458591807736,-37.867676857581124
154.33,0.115830176026392,-0.0609948059164752,-35.14921569340673
154.34,0.115221014816799,-0.06083519058580934,-33.151384082639176
154.35,0.114613516419523,-0.06066234241118296,-31.745315687977907
154.36,0.114007810317098,-0.06047678317728349,-30.206632370400023
154.37,0.113404021118126,-0.060279092685699975,-28.1875359329198
154.38,0.112802266386897,-0.06007003832581709,-26.52046628030367
154.39,0.112202656100199,-0.05985027999055014,-25.285664859691607
154.4,0.11160529477278,-0.05962032543045809,-24.031262405012416
154.41,0.111010281804056,-0.05938069717116741,-22.58313075853403
154.42,0.110417711069408,-0.05913200274399201,-21.288367534825095
154.43,0.109827670133763,-0.05887480466824936,-20.242138079921578
154.44,0.109240241739715,-0.058609578354816214,-19.189606209642967
154.45,0.108655503726702,-0.05833680498256664,-18.1664615484369
154.46,0.108073529215498,-0.05805696241289206,-17.218730148241434
154.47,0.107494386537935,-0.057770505238799105,-16.345594498121315
154.48,0.106918139719126,-0.05747786519023322,-15.434349021810993
154.49,0.106344848384382,-0.05717948928523319,-14.708690038335071
154.5,0.105774567809902,-0.056875754461825176,-14.053655262354502
154.51,0.105207349978371,-0.05656701085515898,-13.329444916973044
154.52,0.104643243006457,-0.05625364066477468,-12.525605722968274
154.53,0.104082291259441,-0.05593605660635752,-11.999512555891904
154.54,0.103524534938235,-0.055614559289517605,-11.573625134511815
154.55,0.102970012225358,-0.055289407528999586,-10.975766998486646
154.56,0.102418757848535,-0.05496093232706656,-10.2474199643009
154.57,0.101870803445321,-0.05462951493612536,-9.855443207751463
154.58,0.101326176577187,-0.05429539750267515,-9.605739312816228
154.59,0.100784903846909,-0.05395876209549217,-9.099846559762504
154.6,0.10024700876156,-0.053619894004763975,-8.483373631380129
154.61,0.099712512371764,-0.0532791214418069,-8.181895164317403
154.62,0.0991814320565987,-0.05293664043844471,-8.034383047496101
154.63,0.0986537847802355,-0.05259258208069826,-7.641680302847047
154.64,0.0981295848819454,-0.05224717563015446,-7.087336044790906
154.65,0.0976088448242214,-0.05190071484901677,-6.742744146398255
154.66,0.0970915734841045,-0.05155340090637386,-6.728509386007025
154.67,0.0965777793793903,-0.05120530291029627,-6.430172918114608
154.68,0.0960674694320615,-0.05085659605636427,-6.033231191211106
154.69,0.095560648757113,-0.05050750048801618,-5.597509292774017
154.7,0.0950573200326498,-0.050158240808484994,-5.547673759408508
154.71,0.0945574842426587,-0.04980888942093265,-5.439922451633526
154.72,0.0940611422134453,-0.049459536203374836,-5.117465721165422
154.73,0.0935682929339889,-0.04911035523383299,-4.70448430702323
154.74,0.0930789339076964,-0.0487615498239613,-4.595559258371002
154.75,0.0925930604247275,-0.04841320342976775,-4.578808850689368
154.76,0.0921106681182294,-0.04806536234406104,-4.321493423936078
154.77,0.091631751029825,-0.04771816106549446,-3.9563022234697525
154.78,0.0911563022297638,-0.04737177136813602,-3.8167548524428314
154.79,0.090684312644862,-0.04702627663150302,-3.8410129012513488
154.8,0.0902157736027017,-0.04668170015954809,-3.612951013472593
154.81,0.0897506752091085,-0.04633815121368168,-3.360788709228038
154.82,0.0892890067628815,-0.04599575004167675,-3.1339046630760734
154.83,0.0888307560719422,-0.0456545997520681,-3.1354111350355627
154.84,0.0883759105103725,-0.04531472315100332,-3.030569797695111
154.85,0.0879244571592847,-0.04497617613471022,-2.8207400114403436
154.86,0.0874763822397418,-0.04463905204045553,-2.5433670692216395
154.87,0.0870316710430619,-0.04430346090057401,-2.506884152358222
154.88,0.0865903078254449,-0.043969430167097964,-2.4909274814828577
154.89,0.0861522771529784,-0.04363697845477394,-2.305733891274241
154.9,0.0857175627391254,-0.04330617911481004,-2.036546341116175
154.91,0.0852861477670788,-0.04297712922985107,-1.9640497229870277
154.92,0.0848580142320253,-0.042649859937804,-1.9835507285210463
154.93,0.0844331446037597,-0.042324372992706,-1.7997818207786946
154.94,0.0840115206251091,-0.04200072973493142,-1.6243118436213044
154.95,0.0835931236708739,-0.04167899016432909,-1.4745301909677333
154.96,0.0831779343371307,-0.04135920113238385,-1.4616277600436955
154.97,0.082765933119652,-0.04104136825129889,-1.3631783911993662
154.98,0.0823571003512199,-0.04072551957947484,-1.2251173886335374
154.99,0.0819514159737434,-0.04041169581607158,-1.019876285666673
155.0,0.0815488595193989,-0.040099952467059774,-0.9735083876928333
155.01,0.0811494099630126,-0.0397902987764296,-0.951351969937752
155.02,0.0807530465614207,-0.0394827359375103,-0.8182357928283266
155.03,0.0803597481630893,-0.0391772952396541,-0.6091822495785895
155.04,0.0799694934325137,-0.038874026328930444,-0.5234848137912457
155.05,0.0795822603605151,-0.03857294337421015,-0.532906568389749
155.06,0.0791980273002988,-0.03827403556561082,-0.3870115908330932
155.07,0.0788167723102754,-0.037977329380317386,-0.26070264820598804
155.08,0.0784384732984693,-0.0376828476475252,-0.11222001887976435
155.09,0.0780631078715172,-0.03739061501345416,-0.0709256691908592
155.1,0.0776906535079362,-0.0371006290460599,-0.003292030606682199
155.11,0.0773210877876251,-0.03681289226542782,0.11537297854545021
155.12,0.0769543881128597,-0.03652741944239144,0.2816510554430625
155.13,0.0765905317827565,-0.03624423441375736,0.3518007908767546
155.14,0.0762294958020744,-0.03596333733958864,0.3850988603792487
155.15,0.0758712574309935,-0.03568471942336261,0.509356510719482
155.16,0.0755157937795063,-0.03540839118229544,0.6508364124785697
155.17,0.0751630819330153,-0.03513436654407655,0.7609024439444164
155.18,0.0748130987601242,-0.03486265044655932,0.7978863667718487
155.19,0.0744658212612258,-0.03459323188046658,0.8972186086783457
155.2,0.0741212264587775,-0.034326111686334634,1.0157614361741287
155.21,0.0737792913478977,-0.03406129501121088,1.1684279448896269
155.22,0.0734399928558594,-0.03379879170269477,1.2210682163881372
155.23,0.0731033078392263,-0.03353859096903017,1.2745870029097486
155.24,0.0727692133937298,-0.03328068148298925,1.3943816590670335
155.25,0.0724376865671444,-0.03302506428630216,1.5249534102180784
155.26,0.0721087044571629,-0.032771742557104425,1.6706267507132
155.27,0.0717822440610474,-0.032520719900263596,1.7017177866870588
155.28,0.0714582824518063,-0.03227197876699134,1.7769464692036014
155.29,0.0711367969123232,-0.03202550855559786,1.8903227058819458
155.3,0.0708177647194083,-0.031781305889704015,2.0476753170405457
155.31,0.0705011632285352,-0.031539374229160616,2.1640895332318757
155.32,0.0701869696882667,-0.031299708414032554,2.189840981087642
155.33,0.0698751615706896,-0.031062288053860382,2.3021072272412524
155.34,0.0695657164663274,-0.030827105803685313,2.400341692066049
155.35,0.0692586120194841,-0.030594153099278848,2.5673572300912046
155.36,0.068953825975065,-0.03036343080079831,2.656653057426616
155.37,0.0686513360125038,-0.030134926802051258,2.6938245881395217
155.38,0.0683511201065807,-0.029908620977353584,2.8304842147601645
155.39,0.0680531562878559,-0.029684507103870085,2.9198534631902464
155.4,0.0677574226951642,-0.02946257308139878,3.0867930968130173
155.41,0.0674638975736362,-0.02924281640784253,3.166135964929929
155.42,0.067172559162591,-0.02902522164861497,3.213994728660377
155.43,0.0668833859962114,-0.02880976886952674,3.3514105621636334
155.44,0.0665963566735995,-0.028596449801680454,3.4527971494778305
155.45,0.0663114499260474,-0.028385252227793152,3.625656553115865
155.46,0.0660286445774807,-0.028176171819151396,3.6928901041432156
155.47,0.0657479194945961,-0.027969190203677025,3.747324185645284
155.48,0.0654692538402873,-0.027764287241252572,3.888031307689181
155.49,0.0651926268529415,-0.027561453372068844,4.00970206204326
155.5,0.0649180179131942,-0.02736067722459238,4.164401713322424
155.51,0.0646454064824995,-0.027161950180644205,4.228957074197403
155.52,0.0643747721437024,-0.02696525274131489,4.3112198084816145
155.53,0.0641060947186844,-0.026770567242491904,4.443281869149289
155.54,0.0638393541316312,-0.026577881816886147,4.577691650129236
155.55,0.063574530455029,-0.026387184872133165,4.703823636706326
155.56,0.0633116038524855,-0.026198463163935523,4.776001534954553
155.57,0.0630505546701748,-0.026011697521907916,4.886014754486374
155.58,0.0627913634324698,-0.02582687256269869,5.00608813709377
155.59,0.0625340107975323,-0.025643974056574828,5.12136886670405
155.6,0.0622784775788694,-0.02546298725806459,5.248080447334543
155.61,0.0620247447281606,-0.025283898157019032,5.340070737461554
155.62,0.0617727933484639,-0.02510668919925152,5.438275198004616
155.63,0.0615226047331306,-0.024931343329127484,5.551816058958407
155.64,0.0612741603225396,-0.024757845027966487,5.664521596966915
155.65,0.0610274417202615,-0.02458617943418926,5.894372279267643
155.66,0.0607824306488671,-0.024416341344669683,5.941744842925997
155.67,0.0605391088758533,-0.024248308795100752,5.9650717687879835
155.68,0.0602974585286344,-0.024082057877752167,6.154455578216013
155.69,0.060057461813812,-0.02391757892529894,6.240203499687028
155.7,0.059819101097867,-0.02375485467006784,6.455528504408434
155.71,0.05958235890075,-0.023593877642949918,6.538519315180911
155.72,0.0593472177845465,-0.02343462922718819,6.5727622896203295
155.73,0.059113660624402,-0.023277087048451398,6.752209503013902
155.74,0.0588816703943456,-0.023121240122194776,6.866272668865992
155.75,0.058651230224957,-0.022967072651545902,6.947355526117124
155.76,0.0584223234036499,-0.022814566137909463,7.063623441265756
155.77,0.0581949334170219,-0.02266370491726255,7.209188425618559
155.78,0.0579690438674139,-0.02251447547298481,7.30501773649765
155.79,0.0577446385251405,-0.022366860699965692,7.4005133091901865
155.8,0.0575217013253569,-0.02222084370484418,7.571362702003443
155.81,0.0573002163645618,-0.02207641296522687,7.714064961220872
155.82,0.0570801678273656,-0.02193355467555759,7.753270004796827
155.83,0.0568615400970373,-0.021792248040996533,7.8661492626759175
155.84,0.0566443177462278,-0.02165247722704962,7.998308418253269
155.85,0.056428485480379,-0.021514228062614073,8.120182543060963
155.86,0.0562140281613452,-0.021377485910870075,8.262618621279033
155.87,0.0560009307854902,-0.021242237206030648,8.344692747276031
155.88,0.0557891784964218,-0.021108464658022366,8.438492298028974
155.89,0.0555787566257155,-0.02097615180095067,8.566245606441374
155.9,0.0553696506421103,-0.020845284411662054,8.6773927947215
155.91,0.0551618461671123,-0.020715847744165808,8.859480727552322
155.92,0.0549553289569956,-0.020587830890466306,8.933114199694549
155.93,0.0547500848740978,-0.020461216686920927,8.992702084236088
155.94,0.0545461000048503,-0.020335987356666075,9.149803505663785
155.95,0.0543433605523804,-0.02021213065084409,9.256335103952445
155.96,0.0541418528660563,-0.020089631807127667,9.34403966286662
155.97,0.0539415634418471,-0.019968475082488234,9.45929507057681
155.98,0.0537424789374392,-0.01984864637173516,9.583880330365488
155.99,0.0535445861333422,-0.01973013215697851,9.675434834424983
156.0,0.0533478719626253,-0.019612917366481436,9.779026755489069
156.01,0.0531523235021733,-0.0194969876422635,9.893050331930954
156.02,0.0529579279720658,-0.019382329296735504,9.99357418320255
156.03,0.0527646727259378,-0.019268928087486613,10.082665108822196
156.04,0.0525725452683496,-0.019156769370962865,10.186777302202099
156.05,0.0523815332429421,-0.01904583933033498,10.273897995006028
156.06,0.0521916244326157,-0.018936123714818842,10.416169411851081
156.07,0.0520028067597068,-0.018827610924027478,10.536181407654706
156.08,0.0518150682482455,-0.018720288306175656,10.576768767648424
156.09,0.0516283970788638,-0.018614139811748018,10.673391969758999
156.1,0.0514427815826127,-0.01850915198591587,10.784352720701532
156.11,0.0512582102120542,-0.018405312302959463,10.883191701957305
156.12,0.0510746715520786,-0.018302607924196534,10.992542331392086
156.13,0.0508921543109461,-0.01820102648004586,11.0676429008551
156.14,0.0507106473246515,-0.018100554332902963,11.149326629388538
156.15,0.0505301395702429,-0.018001178277967517,11.250260435794056
156.16,0.0503506201464014,-0.017902886063458683,11.338692449361046
156.17,0.0501720782783014,-0.01780566509690367,11.411716602922867
156.18,0.0499945033167345,-0.017709502350551968,11.50050254159101
156.19,0.0498178847445362,-0.017614385583015053,11.594409323705284
156.2,0.0496422121583461,-0.017520302899897734,11.666937604983454
156.21,0.049467475281156,-0.017427241784507993,11.748423327327922
156.22,0.0492936639576806,-0.017335190168056396,11.821631532587674
156.23,0.0491207681533532,-0.01724413586354524,11.89287033382428
156.24,0.0489487779560905,-0.01715406679596472,11.972118134719013
156.25,0.0487776835720606,-0.01706497134134899,12.044810035713018
156.26,0.0486074753228556,-0.016976837813870507,12.110519314879951
156.27,0.0484381436484359,-0.016889654446429772,12.174521928082557
156.28,0.0482696791047573,-0.016803409669590687,12.278987973930313
156.29,0.0481020723608458,-0.01671809334687456,12.32852601905437
156.3,0.0479353141824857,-0.016633693667325762,12.36091392264157
156.31,0.047769395471888,-0.016550198450813493,12.446997553876278
156.32,0.047604307233174,-0.016467597381365773,12.502436457993019
156.33,0.0474400405804498,-0.016385879428291717,12.562567037490833
156.34,0.047276586736744,-0.01630503382150413,12.619667297083145
156.35,0.047113937031843,-0.016225049862545034,12.671417253777195
156.36,0.0469520829029001,-0.016145916855095886,12.723847302752212
156.37,0.046791015893204,-0.01606762428674486,12.775348073097831
156.38,0.0466307276502435,-0.01599016178374374,12.823764068763616
156.39,0.0464712099249996,-0.015913519035953377,12.8653750255538
156.4,0.0463124545713141,-0.015837685708256465,12.912374666748304
156.41,0.0461544535460832,-0.015762651783612858,12.958719285781072
156.42,0.0459971989039031,-0.015688407385298978,12.995915729580881
156.43,0.0458406827997451,-0.015614942550135243,13.03992542795288
156.44,0.0456848974868452,-0.01554224760015628,13.052592245613981
156.45,0.0455298353156362,-0.015470312195612023,13.082381618556667
156.46,0.0453754887430507,-0.015399126648009236,13.138610797821872
156.47,0.0452218503128626,-0.015328682119399492,13.16099062749485
156.48,0.0450689126624175,-0.015258969056839745,13.182762658514928
156.49,0.0449166685248985,-0.015189978006993447,13.208385293248352
156.5,0.0447651107261587,-0.015121699774973268,13.231359748317479
156.51,0.0446142321836314,-0.015054125259755398,13.2512472585661
156.52,0.0444640259052775,-0.014987245433498511,13.269166601699597
156.53,0.0443144849890196,-0.0149210513704138,13.285994850663153
156.54,0.0441656026212841,-0.014855534267247129,13.300127374906657
156.55,0.0440173720761338,-0.014790685409592046,13.316898919311008
156.56,0.0438697867142608,-0.014726496253082295,13.307597588099503
156.57,0.0437228399819842,-0.01466295778396991,13.29898376860248
156.58,0.0435765254184572,-0.01460006120476964,13.3359197042721
156.59,0.0434308366437814,-0.014537798906283142,13.345036744983583
156.6,0.0432857673532107,-0.014476162793353581,13.331173832525037
156.61,0.0431413113287662,-0.014415144369269751,13.333021435757566
156.62,0.0429974624335381,-0.014354735615096486,13.340430133218062
156.63,0.042854214610713,-0.014294928709770947,13.285135198584305
156.64,0.0427115618825967,-0.014235714664224328,13.281643730385403
156.65,0.0425694983664075,-0.014177085784457545,13.325294598117617
156.66,0.042428018238801,-0.014119035497876567,13.292200482788203
156.67,0.0422871157544823,-0.014061555775189694,13.272411416984289
156.68,0.0421467852469403,-0.014004638919205316,13.258875785995786
156.69,0.0420070211245447,-0.013948277520819894,13.252284359954702
156.7,0.0418678178696048,-0.013892464346169631,13.161966457684299
156.71,0.0417291700382967,-0.013837190710071109,13.171544092984588
156.72,0.0415910722784967,-0.013782450064937838,13.207078286389343
156.73,0.0414535192808884,-0.013728236478078039,13.132607154088529
156.74,0.0413165058181309,-0.013674542024036685,13.112868179021765
156.75,0.0411800267327397,-0.013621359855430122,13.087227044807044
156.76,0.0410440769361915,-0.01356868317273589,13.047312056869224
156.77,0.0409086514080248,-0.013516504945921526,12.949977627299095
156.78,0.04077374520114,-0.013464817293835918,12.963406130267135
156.79,0.0406393534458383,-0.013413614521287642,12.972837787719314
156.8,0.0405054713139598,-0.013362890964698122,12.886228161586827
156.81,0.0403720940531377,-0.013312639327128784,12.853012654545843
156.82,0.040239216975299,-0.013262853310802743,12.820679389236671
156.83,0.0401068354558074,-0.013213526734690817,12.732100111663911
156.84,0.0399749449326137,-0.013164652512586094,12.642971849593385
156.85,0.0398435409198182,-0.013116223754924827,12.66897411463915
156.86,0.0397126189888957,-0.013068235679124414,12.635447881661152
156.87,0.0395821747566544,-0.013020682593203246,12.544848907404905
156.88,0.0394522039087982,-0.012973557889788627,12.497536610471036
156.89,0.0393227021902226,-0.012926855763872234,12.458279219526828
156.9,0.039193665404216,-0.012880570587181218,12.321158520194937
156.91,0.0390650894116614,-0.012834695268222156,12.264855711732729
156.92,0.0389369701507703,-0.012789224198932539,12.289953747171028
156.93,0.0388093035948437,-0.012744153182478226,12.195813312047735
156.94,0.0386820857735463,-0.012699476222062522,12.119476495336558
156.95,0.0385553127757668,-0.012655187605959718,12.057131436394732
156.96,0.0384289807448026,-0.012611281970358625,12.008494123387107
156.97,0.0383030858776093,-0.012567754146533492,11.829273283284174
156.98,0.0381776244247293,-0.012524597151612344,11.81178246451265
156.99,0.0380525927127644,-0.012481806611568403,11.834678217949639
157.0,0.0379279870842369,-0.01243937883752752,11.683450201923163
157.01,0.0378038039470583,-0.012397307619622008,11.622951670138795
157.02,0.0376800397595838,-0.012355588067947988,11.547637337980323
157.03,0.0375566910298942,-0.012314215245851485,11.490397627541347
157.04,0.0374337543150779,-0.012273184461477604,11.33412735601054
157.05,0.0373112262205133,-0.012232489643355706,11.193857030969848
157.06,0.0371891034199139,-0.01219212516754501,11.245968930182377
157.07,0.0370673826257849,-0.012152088272133175,11.185023263240415
157.08,0.0369460605773561,-0.012112374668548562,11.039150590977702
157.09,0.0368251340727069,-0.012072978861121393,10.967588635259016
157.1,0.0367045999555157,-0.012033896427969596,10.884325888957589
157.11,0.0365844551143962,-0.011995122930885498,10.825500560148303
157.12,0.0364646964822269,-0.011956654134548616,10.53538887849733
157.13,0.0363453210381028,-0.011918482905385932,10.551262733071335
157.14,0.0362263258413143,-0.011880606398847448,10.631233536443672
157.15,0.0361077079357417,-0.01184302268463997,10.394670369390667
157.16,0.0359894644311998,-0.01180572569103866,10.327127643354373
157.17,0.0358715924793436,-0.011768711460432141,10.233821169042233
157.18,0.0357540892730541,-0.011731975900708402,10.158563164445606
157.19,0.035636952045828,-0.011695515126613348,9.987123798196416
157.2,0.03552017807116,-0.011659324069907632,9.850308624829992
157.21,0.0354037646793844,-0.011623398270603318,9.872298630045693
157.22,0.0352877092298942,-0.011587735377729079,9.781479964518317
157.23,0.035172009108174,-0.01155233167773155,9.63600259422973
157.24,0.0350566617468043,-0.011517182754650196,9.547845067679972
157.25,0.034941664615993,-0.011482284948426819,9.452169300163145
157.26,0.0348270152230042,-0.011447634608654594,9.368948589152394
157.27,0.0347127111115844,-0.011413228147603694,9.102831733359727
157.28,0.0345987498645741,-0.011379059940069247,9.095751212067299
157.29,0.0344851291262646,-0.011345127612892466,9.131406913951446
157.3,0.0343718465332541,-0.011311429354465772,8.908936635853921
157.31,0.0342588997745715,-0.01127796032177481,8.82712070180827
157.32,0.0341462865735652,-0.011244717256219245,8.723795295221855
157.33,0.0340340046873664,-0.011211696806014138,8.646522462371925
157.34,0.0339220519063596,-0.01117889586057305,8.427779398633838
157.35,0.0338104260536484,-0.011146309726087617,8.283168549547433
157.36,0.03369912500709,-0.011113934728714954,8.33833255337269
157.37,0.0335881466603401,-0.011081769561386835,8.223931580568465
157.38,0.033477488927339,-0.011049811039417524,8.06257203080264
157.39,0.0333671497630068,-0.01101805539281131,7.96757750145148
157.4,0.0332571271531537,-0.010986499636839986,7.865008631009603
157.41,0.0331474191139951,-0.010955140788616464,7.766073170460451
157.42,0.0330380236916662,-0.010923975824604464,7.499670684438288
157.43,0.0329289389657408,-0.01089300004135004,7.489528573709727
157.44,0.0328201630660718,-0.01086221163691664,7.509455031086174
157.45,0.0327116941142019,-0.010831609176409237,7.284060464143655
157.46,0.032603530275785,-0.010801188606661637,7.1952118117447945
157.47,0.0324956697446155,-0.010770947265423155,7.085863945590736
157.48,0.03238811074218,-0.010740882405677287,6.997688008988547
157.49,0.0322808515172127,-0.010710991460053642,6.7947167522004515
157.5,0.0321738903452439,-0.010681270710544434,6.670915808604387
157.51,0.0320672255443331,-0.010651717380873288,6.684360615987497
157.52,0.0319608554444085,-0.010622330177957145,6.554941085295136
157.53,0.0318547783962343,-0.010593106371940022,6.412335139317913
157.54,0.0317489927818084,-0.010564043059145257,6.311624423639339
157.55,0.0316434970081651,-0.010535137805221055,6.202578415133925
157.56,0.0315382895069523,-0.010506388169767567,6.131895560821239
157.57,0.031433368734012,-0.010477791992414647,5.837682615904948
157.58,0.0313287331689557,-0.010449344979114247,5.757171757528354
157.59,0.0312243813432821,-0.010421045096367713,5.847992729705923
157.6,0.0311203117786068,-0.010392892057205054,5.652357498478961
157.61,0.0310165230227849,-0.010364882791644795,5.520743828639958
157.62,0.0309130136518427,-0.01033701475381425,5.419408296375626
157.63,0.0308097822641667,-0.010309285772152742,5.310017990250659
157.64,0.0307068274801189,-0.010281693668312612,5.248305351788511
157.65,0.0306041479416528,-0.010254236582774226,4.900356404856511
157.66,0.030501742311929,-0.010226910069917647,4.878228643616103
157.67,0.0303996093085804,-0.010199712896053939,4.99174282085564
157.68,0.0302977476239298,-0.010172645144476545,4.731417232460015
157.69,0.0301961559851857,-0.010145703420293199,4.631624154762952
157.7,0.0300948331421086,-0.010118885696435657,4.525959175400599
157.71,0.029993777864446,-0.010092190010085069,4.418582035057812
157.72,0.0298929889415845,-0.010065614421037416,4.339062954589339
157.73,0.0297924651822031,-0.010039157157138458,4.057572264016457
157.74,0.0296922054146899,-0.010012814725624103,4.037791553281147
157.75,0.0295922085081458,-0.00998658608484321,4.078014117644944
157.76,0.029492473316201,-0.009960470760494248,3.8456053130766796
157.77,0.0293929987244731,-0.009934465855643369,3.7600862817066663
157.78,0.0292937836365676,-0.009908569701575175,3.653963616427092
157.79,0.0291948269737558,-0.009882780547863299,3.5530275392758606
157.8,0.0290961276746516,-0.009857096703211506,3.4559133245343583
157.81,0.0289976846948887,-0.009831516436975147,3.18899262737472
157.82,0.0288994970100162,-0.009806036655054246,3.1876664025957835
157.83,0.0288015636291096,-0.009780656639217483,3.214285852209159
157.84,0.0287038835470253,-0.00975537593598582,2.9889445006403608
157.85,0.0286064557876676,-0.009730191937015742,2.906037008124519
157.86,0.0285092793907985,-0.009705103179023327,2.8027424558527065
157.87,0.0284123534117371,-0.009680108121094128,2.711371485804908
157.88,0.0283156769210641,-0.009655205314312652,2.587036918890292
157.89,0.0282192490043237,-0.009630392957984409,2.3052477899667676
157.9,0.0281230687692088,-0.009605668072872487,2.3534228111291293
157.91,0.0280271353518528,-0.00958103049743331,2.38540129874587
157.92,0.0279314478700416,-0.009556479957623185,2.141628225881301
157.93,0.0278360054706781,-0.009532013896784073,2.0644254467625593
157.94,0.027740807314726,-0.009507631045495003,1.9628040940476041
157.95,0.0276458525769421,-0.009483330037627526,1.8746984518573437
157.96,0.027551140445613,-0.009459109597493437,1.7334792844418283
157.97,0.0274566701222894,-0.009434967995391574,1.5337955093456457
157.98,0.0273624408292036,-0.009410903128649329,1.5522707359848382
157.99,0.0272684518051139,-0.009386914684128469,1.5177341765414487
158.0,0.0271747022836469,-0.00936300194751396,1.3330670097789599
158.01,0.0270811915199312,-0.009339163002322338,1.250084922172124
158.02,0.0269879187814437,-0.009315396700111493,1.152076205257109
158.03,0.026894883347767,-0.00929170184244763,1.0668398807980932
158.04,0.0268020845103467,-0.00926807731234577,0.9229052791563706
158.05,0.0267095215722489,-0.009244521542757424,0.7823484989544087
158.06,0.0266171938547804,-0.009221033057640767,0.7768202974647751
158.07,0.0265251006883675,-0.009197611447320694,0.7017152144307645
158.08,0.0264332414062124,-0.009174255789062575,0.5609819771958331
158.09,0.0263416153573834,-0.009150964646261583,0.47690726024719104
158.1,0.0262502219015951,-0.009127737007235022,0.384511969462171
158.11,0.0261590604089805,-0.00910457184182846,0.3032376839763854
158.12,0.0260681302598574,-0.009081468196207344,0.19325017407750128
158.13,0.0259774308445012,-0.009058424827494232,-0.08906618496831967
158.14,0.0258869615693056,-0.009035439345009104,-0.022032330603108198
158.15,0.0257967218638654,-0.009012511985925672,0.032204486399493686
158.16,0.0257067111361721,-0.008989642908627625,-0.21078344372951832
158.17,0.0256169288177443,-0.008966830095400268,-0.27456873642961294
158.18,0.0255273743493721,-0.00894407274633907,-0.3639902155844401
158.19,0.0254380471809134,-0.008921369965086736,-0.4535851428585214
158.2,0.0253489467710856,-0.008898720876562675,-0.4859484462810833
158.21,0.0252600725872627,-0.008876124873289856,-0.8738948799386856
158.22,0.025171424105354,-0.008853578966492415,-0.8164952801288802
158.23,0.0250830008398554,-0.008831083383494035,-0.6480846009704099
158.24,0.0249948022678063,-0.008808639143540142,-0.953401306815792
158.25,0.0249068278929004,-0.008786243972792642,-1.0052523444271586
158.26,0.0248190772269388,-0.008763897222545045,-1.0928743510207253
158.27,0.0247315497896505,-0.008741598109006724,-1.1787661407919445
158.28,0.0246442451085125,-0.008719345866326611,-1.2491164708532336
158.29,0.0245571627185708,-0.00869713981022094,-1.4053357863466809
158.3,0.0244703021622604,-0.008674978698097632,-1.4857924468602357
158.31,0.0243836629968602,-0.008652861841591634,-1.4852766881739816
158.32,0.0242972447785994,-0.008630789116401602,-1.5951494600942842
158.33,0.0242110470702738,-0.008608759669569897,-1.692723792453914
158.34,0.0241250694435374,-0.008586772704259182,-1.7698724929026206
158.35,0.0240393114767126,-0.008564827578904274,-1.8504208103818023
158.36,0.0239537727546209,-0.008542923652229972,-1.91742054888446
158.37,0.0238684528684103,-0.008521060353779778,-2.0478852773002707
158.38,0.0237833514153866,-0.008499236691458396,-2.1855845947077612
158.39,0.0236984680052918,-0.008477451685101844,-2.1598499635775967
158.4,0.0236138022526479,-0.008455705440812457,-2.208037630773402
158.41,0.0235293537687129,-0.00843399759871662,-2.3437182070881186
158.42,0.0234451221756529,-0.008412327216814931,-2.40886908841449
158.43,0.0233611071011778,-0.008390693791915864,-2.4845933954883512
158.44,0.0232773081783849,-0.008369096793287649,-2.5465942733373077
158.45,0.0231937250455988,-0.008347535764585749,-2.6379215300474983
158.46,0.0231103573462154,-0.008326009954584199,-3.004992270144829
158.47,0.0230272047355721,-0.008304517032536643,-2.8548986006294377
158.48,0.0229442668927214,-0.008283057955645625,-2.7057723270232437
158.49,0.0228615434615512,-0.008261633684646108,-3.011513316445386
158.5,0.0227790341087257,-0.00824024235406666,-3.0486733971013495
158.51,0.022696738505764,-0.008218883633116531,-3.1249115266642127
158.52,0.0226146563289118,-0.008197557055520065,-3.1984825169685434
158.53,0.022532787259014,-0.008176262167682545,-3.2782543688355785
158.54,0.0224511309813881,-0.008154998502523953,-3.313882706188138
158.55,0.0223696871856963,-0.00813376585381325,-3.401448331982383
158.56,0.0222884555626731,-0.008112563705800924,-3.503356545806612
158.57,0.0222074358117516,-0.008091391464974125,-3.546918477071862
158.58,0.0221266276345266,-0.008070248890698514,-3.6185780858237875
158.59,0.0220460307363212,-0.00804913559967069,-3.6857744663575254
158.6,0.0219656448261137,-0.008028051232312403,-3.753939501155467
158.61,0.0218854696164089,-0.008006995442600036,-3.776988414019538
158.62,0.0218055048231057,-0.007985968060488508,-4.058312959120237
158.63,0.0217257501653692,-0.007964967462944946,-4.130453686543457
158.64,0.0216462053850547,-0.007943993316486745,-3.937762085733941
158.65,0.0215668702075543,-0.007923046828689322,-4.0749523984017735
158.66,0.0214877443585649,-0.007902127338868381,-4.20073838768204
158.67,0.0214088275728935,-0.007881234163012655,-4.254287824559693
158.68,0.0213301195884325,-0.007860367047036586,-4.320598588600542
158.69,0.0212516201460566,-0.007839525698143142,-4.382628640874014
158.7,0.0211733289895141,-0.00781870984498673,-4.4587552712858995
158.71,0.0210952458653235,-0.00779791913993683,-4.538944875593202
158.72,0.0210173705239661,-0.007777153229741643,-4.5761724735397316
158.73,0.020939702718465,-0.007756412007126011,-4.629468495440738
158.74,0.0208622422022151,-0.007735695283069231,-4.706812838017706
158.75,0.0207849887321706,-0.00771500273750482,-4.764756394685586
158.76,0.0207079420675792,-0.007694334155965011,-4.825053699993016
158.77,0.0206311019698784,-0.007673689324584216,-4.878566226383989
158.78,0.0205544682025933,-0.007653068064626447,-4.938670742110662
158.79,0.0204780405312335,-0.007632470102081693,-5.181413869563267
158.8,0.0204018187261752,-0.007611894262282675,-5.129420345027811
158.81,0.0203258025707834,-0.007591340961884992,-5.050236413924432
158.82,0.0202499918304664,-0.007570810768886722,-5.242368299477434
158.83,0.0201743862809893,-0.00755030283031673,-5.282741392563187
158.84,0.0200989857000888,-0.00752981702195008,-5.3532703967136905
158.85,0.0200237898674006,-0.007509353128014116,-5.380576238940586
158.86,0.0199487985643908,-0.007488911170533234,-5.3805303944622835
158.87,0.019874011570767,-0.007468491277270168,-5.537419609417065
158.88,0.019799428667484,-0.007448092765570865,-5.646430016534527
158.89,0.0197250496454186,-0.007427715198991709,-5.653463369182071
158.9,0.0196508742934721,-0.007407358675201765,-5.7367427839918586
158.91,0.0195769024025508,-0.007387022926755796,-5.8736796867493535
158.92,0.0195031337655658,-0.0073667076312499205,-5.279888392901611
158.93,0.0194295681733789,-0.007346415899881695,-5.6855002310142915
158.94,0.0193562053758469,-0.0073261458106815315,-6.289357578305609
158.95,0.0192830451927854,-0.0073058944638683225,-5.887184630796795
158.96,0.0192100874180996,-0.007285663885368341,-6.0217493711550665
158.97,0.0191373318470647,-0.007265453710881617,-6.104045681052406
158.98,0.0190647782763255,-0.007245263727237642,-6.042797401215746
158.99,0.0189924265038984,-0.007225094411665144,-6.112546423145798
159.0,0.0189202763200377,-0.007204945585365513,-6.3073255144000315
159.01,0.0188483275261621,-0.007184816469248383,-6.320006623633578
159.02,0.018776579924679,-0.007164707147191077,-6.362193096941502
159.03,0.0187050333173386,-0.0071446176046933004,-6.453545327862975
159.04,0.0186336875071126,-0.007124547626630058,-6.415781331368079
159.05,0.0185625422981941,-0.00710449762866512,-6.330915519270231
159.06,0.0184915974867186,-0.007084468175680743,-6.599223581599134
159.07,0.0184208528696264,-0.007064458175723403,-6.740853838725972
159.08,0.0183503082596527,-0.007044467117471645,-6.674449790454723
159.09,0.0182799634627537,-0.007024495480608429,-6.767639636630065
159.1,0.0182098182858336,-0.007004543065258282,-6.849379915625434
159.11,0.0181398725367466,-0.006984609837281583,-6.418836198674458
159.12,0.0180701260194269,-0.00696469793034247,-6.765188854944964
159.13,0.0180005785119739,-0.006944805935099087,-7.214191768655187
159.14,0.0179312298392931,-0.006924931983402511,-6.919480791837691
159.15,0.0178620798078881,-0.006905077514434069,-7.028681095556747
159.16,0.0177931282247488,-0.006885242322147411,-7.165527222981949
159.17,0.0177243748973516,-0.006865426119323446,-6.7838646031428596
159.18,0.0176558196336588,-0.006845630812778343,-6.921285807359318
159.19,0.0175874622134869,-0.006825855975250029,-7.409420235990013
159.2,0.0175193024513646,-0.0068060996531225885,-7.241331074916632
159.21,0.017451340156028,-0.006786362698705794,-7.26388297265854
159.22,0.0173835751323623,-0.006766645285359123,-7.33997614679963
159.23,0.0173160071853132,-0.006746947329915795,-7.321163461597801
159.24,0.0172486361198893,-0.006727269149110066,-7.306427413788499
159.25,0.0171814617358339,-0.0067076110110016705,-7.475522889919517
159.26,0.0171144838344211,-0.006687972404976605,-7.552491435400826
159.27,0.0170477022228878,-0.006668353202605801,-7.540976583616357
159.28,0.0169811167049177,-0.006648753664604985,-7.609155721195885
159.29,0.0169147270841194,-0.006629173746179289,-7.652463522419337
159.3,0.0168485331640265,-0.006609613542942593,-7.499412635845304
159.31,0.0167825347452997,-0.006590073894440027,-7.685091179691866
159.32,0.0167167316195132,-0.006570554246020678,-7.890709839083329
159.33,0.0166511235953458,-0.006551053962907417,-7.7909070072659405
159.34,0.0165857104739178,-0.006531573641766654,-7.861531275009365
159.35,0.0165204920560854,-0.006512113248137586,-7.961298941228555
159.36,0.016455468142442,-0.0064926726743657895,-7.731572608143043
159.37,0.0163906385333159,-0.00647325306069842,-7.863302468678214
159.38,0.0163260030126857,-0.006453854093274389,-8.169055603847037
159.39,0.0162615613853188,-0.006434474777828262,-8.05171466700443
159.4,0.0161973134496581,-0.006415115752429005,-8.100915189113813
159.41,0.0161332590024345,-0.006395777088045082,-8.175107245511512
159.42,0.0160693978399028,-0.006376458756283433,-8.109180948791646
159.43,0.0160057297578418,-0.006357161278656582,-8.037705147492561
159.44,0.0159422545436705,-0.006337885144091597,-8.28276842739862
159.45,0.0158789719860149,-0.006318629631585823,-8.378859750745484
159.46,0.0158158818825786,-0.006299394575836592,-8.313758749286098
159.47,0.0157529840248969,-0.006280180446233477,-8.378913419064423
159.48,0.0156902782038269,-0.006260987253681733,-8.437240973841721
159.49,0.0156277642095493,-0.0062418150613790385,-8.266874029469923
159.5,0.0155654418302396,-0.00622266472323846,-8.42716304466044
159.51,0.015503310843564,-0.006203535866832472,-8.641412959857613
159.52,0.0154413710427331,-0.006184427924930827,-8.530637943367186
159.53,0.0153796222135172,-0.006165341502581672,-8.595357368458476
159.54,0.0153180641408569,-0.006146276627599952,-8.652386537652902
159.55,0.0152566966088642,-0.006127233342894991,-8.60684591085603
159.56,0.0151955194008211,-0.0061082120506192475,-8.643720876516982
159.57,0.0151345322943782,-0.006089212844729971,-8.784069659279458
159.58,0.0150737350710432,-0.006070235453463387,-8.796922674930414
159.59,0.0150131275120086,-0.0060512800473467,-8.815537731399719
159.6,0.0149527093962799,-0.006032346796768328,-8.878906142584633
159.61,0.0148924805019534,-0.006013435735379951,-8.855685520620224
159.62,0.0148324406062138,-0.005994547234568388,-8.661509320542663
159.63,0.0147725894797254,-0.005975682180549121,-8.918721652286802
159.64,0.0147129268866041,-0.005956839906624158,-9.115735936345832
159.65,0.0146534526067417,-0.0059380199471600345,-8.968419159953074
159.66,0.0145941664111391,-0.005919223008884079,-9.033547847533823
159.67,0.0145350680696646,-0.0059004491404409005,-9.079748177179432
159.68,0.0144761573510534,-0.0058816984283817375,-9.047345200032515
159.69,0.014417434022909,-0.005862971209779075,-9.107672117192921
159.7,0.0143588978485001,-0.005844267511980712,-9.201612655496909
159.71,0.0143005485944117,-0.005825587253260892,-9.192242433490243
159.72,0.0142423860245127,-0.005806930684071676,-9.232100249553515
159.73,0.0141844099014011,-0.005788297914446761,-9.253602299361086
159.74,0.0141266199865039,-0.005769689088872508,-9.349295539308024
159.75,0.0140690160400749,-0.00575110411449079,-9.425268556412567
159.76,0.0140115978245678,-0.005732542981637506,-9.364362355736583
159.77,0.0139543650996512,-0.0057140061160767365,-9.389714493806407
159.78,0.0138973176209108,-0.005695493675991672,-9.469871554529488
159.79,0.0138404551447481,-0.005677005634899142,-9.496664784444846
159.8,0.013783777426462,-0.005658542119062555,-9.578448008469135
159.81,0.0137272842202487,-0.005640103149721707,-9.372066949085152
159.82,0.0136709752792031,-0.005621689583125784,-9.497824244468914
159.83,0.0136148503446435,-0.005603301246233372,-9.749966612399653
159.84,0.0135589091715955,-0.005584937585910039,-9.627707007001955
159.85,0.0135031515089359,-0.0055665991634424195,-9.674103213107308
159.86,0.0134475771038515,-0.005548286087412423,-9.731698371808724
159.87,0.0133921857023046,-0.005529998425017599,-9.692101333397138
159.88,0.0133369770490346,-0.005511736590236649,-9.377453490079334
159.89,0.0132819508814028,-0.005493501714800685,-9.715313348431422
159.9,0.0132271069274655,-0.005475293004604965,-9.989664482504342
159.91,0.0131724449355279,-0.005457109848290087,-9.743653084004087
159.92,0.013117964642588,-0.005438953147508301,-9.816933587295116
159.93,0.0130636657841776,-0.005420822966764114,-9.775890402903089
159.94,0.0130095480943641,-0.005402719572989978,-10.123437327016807
159.95,0.0129556113057484,-0.0053846421636393384,-10.20110446035329
159.96,0.0129018551639132,-0.005366590755027428,-9.8289752683585
159.97,0.0128482794002071,-0.005348566627394975,-9.932276012890092
159.98,0.012794883740637,-0.005330569752522453,-10.071424529234818
159.99,0.0127416679148262,-0.005312599936423308,-10.081415731751957
160.0,0.0126886316511687,-0.0052946573408033624,-10.124309945126976
160.01,0.0126357746768315,-0.005276742074931705,-10.076447637097974
160.02,0.0125830967175758,-0.0052588544760199885,-10.1473800179425
160.03,0.0125305974950748,-0.005240994556616538,-10.243835981046951
160.04,0.0124782767342375,-0.005223162261515889,-10.217650320305628
160.05,0.0124261341569191,-0.005205357858963364,-10.255764279013826
160.06,0.0123741694837121,-0.005187581460243396,-10.303263287994811
160.07,0.0123223824339472,-0.005169833158419302,-10.257315915729306
160.08,0.0122707727256915,-0.005152113306129937,-10.154537144020273
160.09,0.0122193400717646,-0.00513442236602326,-10.353309407828853
160.1,0.0121680841829869,-0.005116760014801647,-10.456231487353891
160.11,0.0121170047762332,-0.005099126172304191,-10.367767158359301
160.12,0.0120661015632165,-0.005081521258678404,-10.412291963712345
160.13,0.0120153742542779,-0.00506394537956916,-10.426270246629345
160.14,0.0119648225583859,-0.00504639868773822,-10.499002348155244
160.15,0.0119144461831367,-0.005028881195582452,-10.520543998598466
160.16,0.0118642448366155,-0.005011393047110908,-10.49561635245622
160.17,0.0118142182235846,-0.004993934500734287,-10.5404206466994
160.18,0.0117643660476224,-0.004976505646653263,-10.560439515544603
160.19,0.01171468801128,-0.0049591066192808345,-10.607545082427203
160.2,0.0116651838157771,-0.004941737463148435,-10.809195790660974
160.21,0.0116158531631359,-0.004924397884491618,-10.710722001069383
160.22,0.0115666957580474,-0.004907088315411713,-10.611406751566198
160.23,0.0115177112955814,-0.004889809190578281,-10.763445785728665
160.24,0.0114688994731905,-0.004872560349689935,-10.767813134443564
160.25,0.0114202599871501,-0.004855341946175852,-10.81732249649402
160.26,0.0113717925325598,-0.0048381540489058,-10.846303347162626
160.27,0.0113234968040769,-0.004820996773973371,-10.852993660672313
160.28,0.0112753724944736,-0.0048038702883698835,-10.887648830068878
160.29,0.0112274192953373,-0.004786774694639989,-10.925866230351637
160.3,0.0111796368972474,-0.0047697100875133385,-10.940201885806813
160.31,0.0111320249896241,-0.004752676638374942,-10.806723987867317
160.32,0.0110845832592696,-0.004735674822774162,-10.934055733193224
160.33,0.0110373113881199,-0.004718704527220053,-11.075417100628197
160.34,0.0109902090639467,-0.004701765605915019,-10.98738752882689
160.35,0.0109432759703073,-0.004684858417338235,-11.011142330631374
160.36,0.0108965117894786,-0.0046679830867934055,-11.106541323317126
160.37,0.0108499162024557,-0.004651139572035791,-11.137592332263493
160.38,0.0108034888915491,-0.004634327979350671,-11.07405805402009
160.39,0.0107572295355156,-0.004617548617527554,-11.116044079307576
160.4,0.0107111378114799,-0.004600801574775035,-11.14281304211028
160.41,0.0106652133960054,-0.004584086952968362,-11.169866409504937
160.42,0.0106194559644405,-0.0045674048005175825,-11.58155553849211
160.43,0.0105738651935566,-0.004550754425716629,-11.378838101228567
160.44,0.0105284407679516,-0.004534136424309948,-11.11152549095757
160.45,0.0104831823551802,-0.0045175515240392615,-11.407589568202795
160.46,0.0104380896283465,-0.00450099930687166,-11.379471942323224
160.47,0.0103931622596005,-0.004484479943832433,-11.49100247608087
160.48,0.0103483999201386,-0.00446799336353749,-11.541987658313245
160.49,0.0103038022827769,-0.004451539621822494,-11.480035437951157
160.5,0.0102593690173822,-0.004435118999813317,-11.525172629217314
160.51,0.010215099792168,-0.004418731568002604,-11.596508439267339
160.52,0.010170994275245,-0.004402377338835837,-11.635703470102536
160.53,0.0101270521338396,-0.004386056463033325,-11.078949140881312
160.54,0.0100832730314153,-0.0043697701665557495,-11.418045505999121
160.55,0.0100396566170944,-0.004353517929083211,-11.892187885072474
160.56,0.0099962025612701,-0.004337298973140129,-11.514102299603431
160.57,0.009952910524168,-0.004321114130744133,-11.537565824816406
160.58,0.0099097801647809,-0.004304963518099173,-11.799301420585053
160.59,0.0098668111408701,-0.004288846754705074,-11.962786716361352
160.6,0.0098240031170588,-0.004272763681244154,-11.689405220249371
160.61,0.0097813557529558,-0.004256714952252516,-11.696376705879082
160.62,0.0097388687032158,-0.004240700716209205,-11.820360811713284
160.63,0.0096965416243964,-0.004224720819205724,-12.3266868789106
160.64,0.0096543741745287,-0.004208774463202615,-12.165004854626318
160.65,0.0096123660217637,-0.004192862080983406,-11.843351284859088
160.66,0.0095705168177385,-0.004176984384769971,-12.262242759498635
160.67,0.0095288262197928,-0.004161140835713326,-11.91720261107899
160.68,0.0094872938849339,-0.00414533216958916,-11.844283609897163
160.69,0.0094459194596125,-0.004129558644653276,-12.262245564384841
160.7,0.0094047025966468,-0.004113819656695776,-12.26048982191251
160.71,0.0093636429508544,-0.004098115313771661,-12.174815314617083
160.72,0.0093227401736726,-0.004082445945039982,-11.860209419022896
160.73,0.0092819939134715,-0.004066812228725042,-12.051585857224937
160.74,0.0092414038109884,-0.004051213964051624,-12.32812924065984
160.75,0.0092009695168278,-0.004035650816280835,-11.982152470652856
160.76,0.0091606906762092,-0.004020123391221698,-12.714048171296003
160.77,0.0091205669331916,-0.004004630586365851,-12.842898871138546
160.78,0.0090805979488454,-0.00398917231627173,-12.188435894364765
160.79,0.0090407833682813,-0.003973749778650825,-12.419956196356736
160.8,0.0090011228348794,-0.003958362768384169,-12.575570367333029
160.81,0.0089616159949017,-0.003943011131169238,-12.57256162884225
160.82,0.0089222624940147,-0.003927694973565845,-12.633341824845399
160.83,0.008883061977104,-0.003912414314565727,-12.695574267106474
160.84,0.0088440140893257,-0.0038971691690908024,-12.718495424219055
160.85,0.0088051184751376,-0.00388195960865084,-12.80243515866275
160.86,0.0087663747785744,-0.003866785614680049,-12.847927506490205
160.87,0.0087277826441317,-0.0038516472280450006,-12.859234332621478
160.88,0.0086893417150401,-0.0038365445416024364,-12.92218344237452
160.89,0.0086510516342286,-0.003821477572539967,-12.96134701866351
160.9,0.0086129120443419,-0.0038064463730025136,-12.968276615769275
160.91,0.0085749225872509,-0.003791451039935068,-13.037868736267539
160.92,0.0085370829039788,-0.0037764915762674776,-13.105049442382478
160.93,0.008499392636116,-0.0037615679871592,-13.131614921971673
160.94,0.0084618514244148,-0.0037466803409524274,-13.142025263239598
160.95,0.008424458909198,-0.0037318287304999686,-13.18299993155839
160.96,0.0083872147295491,-0.0037170132018984575,-13.234714362213964
160.97,0.0083501185248504,-0.0037022337804849758,-13.258383276142958
160.98,0.0083131699338618,-0.0036874904714916663,-13.905101385598625
160.99,0.0082763685973578,-0.0036727824512658956,-13.784211347629666
161.0,0.0082397141661873,-0.003658109985120812,-13.457633409418717
161.01,0.0082032062776063,-0.003643473635612449,-13.798287903996773
161.02,0.0081668445740643,-0.0036288730653874996,-13.743491239922443
161.03,0.0081306286966473,-0.003614308418089177,-13.901390278104172
161.04,0.0080945582863618,-0.0035997795679091624,-14.128549145406739
161.05,0.008058632986157,-0.0035852863463267603,-13.616240824254161
161.06,0.008022852438291,-0.003570829554481638,-13.63505127745988
161.07,0.0079872162736401,-0.0035564092706565887,-14.129450698886242
161.08,0.0079517241327644,-0.0035420249367633587,-13.960721236191374
161.09,0.007916375654423,-0.003527676808393358,-14.333643297381707
161.1,0.0078811704769658,-0.0035133645064958606,-14.28998715689464
161.11,0.0078461082442585,-0.003499088190173358,-14.003086817283473
161.12,0.0078111885922279,-0.003484848291767454,-14.575541860476381
161.13,0.0077764111593406,-0.0034706441251032907,-15.22870005920667
161.14,0.0077417755926347,-0.003456474927516725,-14.874308602152645
161.15,0.0077072815425253,-0.0034423412287083385,-14.73808678390423
161.16,0.0076729286490075,-0.0034282433162758402,-15.047661972789726
161.17,0.007638716557768,-0.003414180911348358,-15.102873469094664
161.18,0.0076046449125294,-0.003400154003329139,-15.375133938616212
161.19,0.0075707133600623,-0.0033861623462516977,-15.521833096459192
161.2,0.0075369215477614,-0.0033722059182816552,-14.695882623340264
161.21,0.0075032691211742,-0.003358285814174989,-15.027829531279412
161.22,0.0074697557116184,-0.0033444017312783754,-15.745455882134436
161.23,0.0074363809686193,-0.0033305528971150342,-15.429546221322221
161.24,0.0074031445350756,-0.003316739710520791,-15.816490265079146
161.25,0.0073700460564856,-0.003302961843779175,-15.729196899092099
161.26,0.0073370851798113,-0.0032892194972291644,-15.449937513038757
161.27,0.0073042615477584,-0.003275513000146675,-16.769918853115723
161.28,0.0072715748049255,-0.0032618408719416268,-17.402668606952087
161.29,0.0072390246174168,-0.003248202434597473,-16.88287629410882
161.3,0.0072066106417115,-0.003234598378879171,-16.689938901798072
161.31,0.0071743325341981,-0.0032210290788050144,-16.77285972497962
161.32,0.0071421899446414,-0.003207494507633359,-17.654262281649164
161.33,0.0071101825303126,-0.003193993844881692,-16.857194911686292
161.34,0.0070783099515435,-0.0031805280808600246,-16.38511979491095
161.35,0.0070465718508007,-0.0031670978551775267,-17.07355197491833
161.36,0.0070149678782494,-0.003153702499354141,-17.713890947909363
161.37,0.0069834976865811,-0.003140341348528314,-18.031869784792757
161.38,0.0069521609377092,-0.003127014171594972,-17.341820967939196
161.39,0.0069209572883025,-0.0031137217004366608,-18.72542517318671
161.4,0.006889886392612,-0.003100462526561654,-19.88514990144611
161.41,0.0068589479298559,-0.003087235495929973,-19.275880916295712
161.42,0.0068281415733238,-0.003074041314220898,-19.194366132600024
161.43,0.0067974669935085,-0.0030608802217716486,-19.492804099987236
161.44,0.0067669238595393,-0.003047751988222455,-20.44588070711427
161.45,0.0067365118461925,-0.0030346558099591968,-19.65538942612699
161.46,0.0067062306333825,-0.0030215926303925594,-18.91544750447929
161.47,0.0066760798814492,-0.003008563313456634,-19.95187458660566
161.48,0.00664605925724,-0.002995566944165827,-20.654873483088597
161.49,0.0066161684346673,-0.0029826028700100328,-20.91582804466304
161.5,0.0065864070924272,-0.0029696709551916634,-20.38308513211979
161.51,0.006556774907348,-0.0029567717408941954,-21.87706050443669
161.52,0.0065272715533086,-0.002943903826685875,-23.559400308683035
161.53,0.0064978967306258,-0.0029310656931341196,-22.821916032389538
161.54,0.0064686501378519,-0.002918258102854168,-22.92808892174552
161.55,0.0064395314668705,-0.0029054811143199993,-23.702994605231535
161.56,0.0064105404156087,-0.0028927341083716815,-24.538131845792435
161.57,0.0063816766863986,-0.002880016452036729,-24.26363601807195
161.58,0.0063529399870813,-0.002867328588780804,-23.43307909919082
161.59,0.0063243300128957,-0.00285467142930417,-24.27535663657865
161.6,0.0062958464582392,-0.00284204436809752,-25.214200472799096
161.61,0.0062674890271783,-0.0028294467019999675,-24.77164142177448
161.62,0.0062392574255138,-0.0028168788545282963,-26.23785995175683
161.63,0.0062111513553325,-0.0028043395450483505,-28.948225457969432
161.64,0.0061831705460162,-0.0027918264875533222,-28.87611041717254
161.65,0.0061553147366033,-0.002779339925176676,-26.979044491649663
161.66,0.0061275836541866,-0.0027668816753008115,-28.120969327931874
161.67,0.0060999770117169,-0.0027544509495791413,-30.08420703456147
161.68,0.0060724945479611,-0.002742046212727533,-30.123641335668896
161.69,0.0060451360007488,-0.002729667516543333,-30.655968568609612
161.7,0.0060179011119691,-0.0027173145772441554,-31.749489677963815
161.71,0.0059907896257661,-0.002704986642244166,-32.55098415005498
161.72,0.0059638012973688,-0.0026926832061917086,-33.04345658250695
161.73,0.0059369358810157,-0.0026804040108016655,-34.19037019500229
161.74,0.0059101931387089,-0.0026681483101932994,-35.009501159983856
161.75,0.0058835728377831,-0.002655915648939176,-35.11404127105612
161.76,0.0058570747487312,-0.002643706150360035,-35.669972217025595
161.77,0.0058306986390668,-0.002631519527895778,-37.75477898737932
161.78,0.0058044442870217,-0.002619354259214203,-39.99730736782329
161.79,0.0057783114874546,-0.002607208745584215,-40.48006389009373
161.8,0.0057523000469393,-0.002595082785711676,-41.1348457480631
161.81,0.0057264097678777,-0.002582976084291616,-43.00690029414601
161.82,0.0057006404646919,-0.002570887468502465,-43.90378706910134
161.83,0.0056749919595904,-0.0025588164935217176,-44.46434746267499
161.84,0.0056494640768612,-0.0025467629779033045,-46.206304301810256
161.85,0.0056240566444547,-0.0025347259784941245,-45.99499336776723
161.86,0.0055987695009547,-0.0025227059505716536,-46.28253175084654
161.87,0.0055736024697577,-0.0025107029116733237,-49.4846016900897
161.88,0.0055485553933538,-0.0024987147067033724,-52.9862119086811
161.89,0.0055236281330483,-0.0024867390132791555,-53.40405176364277
161.9,0.0054988205720839,-0.0024747757161433185,-55.23498113464528
161.91,0.005474132581192,-0.0024628237754566315,-58.440144198248454
161.92,0.0054495640644406,-0.0024508812706783506,-59.055356354445074
161.93,0.0054251149249567,-0.0024389480544591917,-60.46434927360062
161.94,0.0054007850746829,-0.0024270235171174846,-62.68021042547135
161.95,0.0053765744296655,-0.0024151064687699965,-64.97115190752085
161.96,0.0053524829241651,-0.0024031957016324938,-66.37775566497743
161.97,0.0053285104970667,-0.002391290591637468,-68.83594688229026
161.98,0.0053046570980884,-0.002379389819705872,-72.18088815021822
161.99,0.0052809226920484,-0.0023674915229566617,-73.95186962224624
162.0,0.0052573072623834,-0.0023555948622366396,-76.69573787825264
162.01,0.0052338107941815,-0.0023436984196758036,-79.94165997441173
162.02,0.0052104332986216,-0.002331800502095049,-81.90666391130686
162.03,0.0051871747923151,-0.0023199002177008076,-85.28104527836557
162.04,0.0051640353077036,-0.0023079958662975317,-87.96361650469899
162.05,0.0051410148929616,-0.0022960861580283358,-91.23406394207962
162.06,0.0051181136077493,-0.002284169486133334,-94.51488963898397
162.07,0.0050953315316441,-0.0022722442733433155,-97.38376153010388
162.08,0.0050726687554996,-0.002260309185184993,-101.69017046968082
162.09,0.0050501253877652,-0.0022483620784825246,-104.87691214030815
162.1,0.0050277015589403,-0.0022364014924999946,-108.45980185675495
162.11,0.0050053974085876,-0.00222442576390337,-112.96056331335207
162.12,0.0049832131011788,-0.0022124327265399995,-116.59347927290075
162.13,0.0049611488173416,-0.0022004207379199914,-120.85531343476858
162.14,0.0049392047561571,-0.0021883878415641616,-125.28016149571539
162.15,0.0049173811369644,-0.0021763320067624695,-129.71313687886087
162.16,0.0048956781991489,-0.002164251237207514,-134.23506605822084
162.17,0.0048740962020875,-0.0021521435234833457,-138.9618585017069
162.18,0.0048526354256068,-0.002140006761156686,-144.14134230497194
162.19,0.0048312961714456,-0.0021278386196466816,-149.27531486619588
162.2,0.0048100787653525,-0.0021156368320266327,-154.40823373899659
162.21,0.0047889835544107,-0.002103399176191697,-159.78368954892815
162.22,0.0047680109091708,-0.002091123331425808,-165.3728440997472
162.23,0.004747161223135,-0.0020788068884208264,-171.12224758825238
162.24,0.004726434914918,-0.0020664473891441595,-176.87026916019747
162.25,0.0047058324269988,-0.002054042411936668,-182.88593491131624
162.26,0.0046853542267785,-0.0020415894214908404,-189.17195660213838
162.27,0.0046650008074514,-0.002029085766884176,-195.4934940212514
162.28,0.0046447726891177,-0.002016528814174984,-201.9192429007051
162.29,0.0046246704177385,-0.0020039159072349675,-208.63860701266083
162.3,0.0046046945667763,-0.0019912442643908548,-215.46032134953305
162.31,0.0045848457375884,-0.0019785110810266304,-222.3542902116231
162.32,0.0045651245596438,-0.0019657135530725353,-229.28971275852538
162.33,0.0045455316904017,-0.0019528488826792046,-236.57542782547708
162.34,0.0045260678156514,-0.0019399141146474522,-243.90143241058814
162.35,0.0045067336515707,-0.001926906302799139,-251.15716096582864
162.36,0.0044875299427535,-0.001913822563915818,-258.7774624655009
162.37,0.0044684574635544,-0.0019006598484291798,-266.423079900061
162.38,0.0044495170191909,-0.0018874151120516958,-274.0968498631919
162.39,0.0044307094448814,-0.0018740853161624844,-281.9803489534483
162.4,0.0044120356068157,-0.0018606673330733116,-289.8108704832342
162.41,0.0043934964024923,-0.0018471580759775062,-297.7607547704627
162.42,0.0043750927600469,-0.0018335544047183283,-305.92554950109195
162.43,0.0043568256398483,-0.0018198530811042053,-313.78456455732316
162.44,0.0043386960342299,-0.0018060510315883673,-321.88845580343934
162.45,0.0043207049656888,-0.001792145053764982,-330.2147450246479
162.46,0.0043028534905615,-0.001778131829134119,-338.0900039818681
162.47,0.0042851426969529,-0.001764008268095848,-346.2471634773274
162.48,0.0042675737038388,-0.0017497711241608433,-354.50773865723585
162.49,0.0042501476640787,-0.001735417078934139,-362.4021041753632
162.5,0.0042328657624672,-0.001720942985690855,-370.4900963506552
162.51,0.0042157292154522,-0.0017063455707233628,-378.5882616480499
162.52,0.0041987392731097,-0.001691621522588355,-386.3431463884808
162.53,0.0041818972177055,-0.0016767676756066622,-394.228856788434
162.54,0.0041652043632042,-0.0016617807502441236,-402.0882013555997
162.55,0.004148662057281,-0.0016466574319358557,-409.53550820568006
162.56,0.004132271679743,-0.0016313945736475249,-417.0883174388439
162.57,0.0041160346418482,-0.001615988907359972,-424.57939607817104
162.58,0.0040999523885795,-0.0016004371273574836,-431.63604069652536
162.59,0.0040840263968562,-0.0015847360914249915,-438.7221810201408
162.6,0.0040682581750899,-0.001568882556943345,-445.68287937923225
162.61,0.0040526492649024,-0.0015528732550841788,-452.2845922125737
162.62,0.0040372012397823,-0.001536705019839969,-458.78468794974657
162.63,0.0040219157050055,-0.0015203746356241732,-465.0861902415247
162.64,0.0040067942982955,-0.0015038788800266845,-471.1182690260079
162.65,0.0039918386892829,-0.0014872145609366194,-476.9274449016839
162.66,0.0039770505796047,-0.0014703784830824994,-482.48038051892183
162.67,0.0039624317027915,-0.0014533674567675106,-487.8172853492834
162.68,0.0039479838243342,-0.0014361782674924932,-492.8391130946897
162.69,0.003933708741931,-0.0014188077305683387,-497.558395700984
162.7,0.0039196082848198,-0.0014012526733358488,-502.10770504015323
162.71,0.0039056843143445,-0.0013835098441875259,-506.2530920643545
162.72,0.0038919387244425,-0.0013655760596999957,-510.00166628818454
162.73,0.0038783734402151,-0.0013474481853783266,-513.7969820690745
162.74,0.0038649904189486,-0.0013291228293725126,-517.0324181271693
162.75,0.0038517916526387,-0.0013105967559025142,-519.7364985339557
162.76,0.003838779163356,-0.0012918668637050025,-522.5294342517739
162.77,0.0038259550061826,-0.00127292972467583,-524.9043365115292
162.78,0.0038133212709444,-0.001253781939432489,-526.6675459126936
162.79,0.003800880080307,-0.0012344202999083362,-528.2347403472392
162.8,0.0037886335890831,-0.0012148414510883428,-529.7308119620781
162.81,0.0037765839872812,-0.0011950417753158321,-530.5228923615199
162.82,0.0037647335008686,-0.0011750179130508177,-530.8702550993485
162.83,0.0037530843876289,-0.0011547665390416837,-531.4995999691172
162.84,0.0037416389414308,-0.0011342837213666789,-531.2893883646292
162.85,0.0037303994964638,-0.001113565907059979,-530.4640428977551
162.86,0.0037193684181118,-0.0010926097383541558,-530.0316201078904
162.87,0.0037085481099241,-0.001071411077710005,-528.8972267373099
162.88,0.0036979410177157,-0.0010499660403808576,-527.0880429266044
162.89,0.0036875496226202,-0.0010282710214733436,-525.3742114316123
162.9,0.0036773764445263,-0.0010063218621399889,-523.4155893678287
162.91,0.0036674240469857,-0.0009841141764133472,-520.6833838173981
162.92,0.0036576950360965,-0.0009616439928225194,-517.6949021626104
162.93,0.0036481920563514,-0.0009389071432399837,-514.9498375007497
162.94,0.0036389177985906,-0.0009158986117458375,-511.2599317814734
162.95,0.0036298750041273,-0.0008926140677208627,-507.08155548948406
162.96,0.0036210664517132,-0.0008690493254299963,-503.2798661433375
162.97,0.0036124949694587,-0.0008451990501391767,-499.09510364271006
162.98,0.0036041634402934,-0.0008210578063383217,-494.0469485995512
162.99,0.0035960747987856,-0.000796620960606661,-488.7156812440794
163.0,0.003588232023089,-0.0007718837356183218,-484.0056456948191
163.01,0.0035806381470963,-0.0007468395185041686,-478.4511799723807
163.02,0.0035732962750532,-0.0007214825017724997,-472.1524045969305
163.03,0.0035662095567197,-0.0006958077375941571,-466.0662068848565
163.04,0.0035593812002889,-0.0006698091442375017,-460.15884345182775
163.05,0.0035528144774932,-0.0006434793227291509,-453.434237142278
163.06,0.0035465127385497,-0.0006168120419850026,-446.26039121771043
163.07,0.0035404793815336,-0.0005898015247008575,-439.44730704302935
163.08,0.0035347178776503,-0.0005624401972224865,-432.4239122564313
163.09,0.0035292317732621,-0.0005347200507699946,-424.8362171307883
163.1,0.0035240246960444,-0.000506634091842515,-417.00181884630587
163.11,0.0035191003347788,-0.000478175402790818,-409.49462595648845
163.12,0.003514462460805,-0.00044933485500332543,-401.6498884913507
163.13,0.0035101149396818,-0.00042010357940999347,-393.38641270023317
163.14,0.0035060617178688,-0.0003904738142683546,-385.09401841571105
163.15,0.0035023068208184,-0.0003604371432924788,-377.0485216676079
163.16,0.00349885436761,-0.0003299825293824935,-368.58837741251625
163.17,0.0034957085948065,-0.00029910045067501923,-359.90300495723693
163.18,0.0034928738132995,-0.0002677822572541776,-351.3990684435696
163.19,0.0034903544404154,-0.00023601703319080903,-342.8866896788471
163.2,0.0034881550033517,-0.0002037923536416593,-334.12049171860735
163.21,0.003486280159207,-0.00017109788782000688,-325.3057177800033
163.22,0.0034847346460693,-0.0001379235928566787,-316.61029664004826
163.23,0.0034835233286946,-0.00010425726625914997,-307.9418487974882
163.24,0.0034826511903953,-7.008380523498099e-05,-299.18938054228073
163.25,0.0034821233857661,-3.5390071996673975e-05,-290.41203078144287
163.26,0.0034819451592695,-1.656970450026237e-07,-281.7568665120486
163.27,0.0034821218883278,3.5603349109155875e-05,-273.12269622864113
163.28,0.0034826590945343,7.193263129080909e-05,-264.47270036924687
163.29,0.0034835624659914,0.00010883997193334071,-255.99407384231986
163.3,0.0034848378648234,0.00014633850774333875,-247.6173234209218
163.31,0.0034864912540086,0.00018444187267664178,-239.28272596489026
163.32,0.0034885287777427,0.00022316736543417999,-230.8304001624014
163.33,0.0034909567446246,0.00026253643820500197,-222.75103632211665
163.34,0.0034937817058993,0.00030256558088581707,-214.92531163350054
163.35,0.0034970103066768,0.0003432690643125019,-206.95839408699553
163.36,0.003500649404454,0.0003846675249150164,-199.10513870159795
163.37,0.0035047060453447,0.00042678236034165507,-191.3531749180117
163.38,0.0035091875122527,0.0004696358778483446,-184.08990272497638
163.39,0.0035141012858254,0.0005132459703208365,-176.8641575152601
163.4,0.0035194550229578,0.000557632957460832,-169.67143563988495
163.41,0.003525256614547,0.0006028202918733547,-162.33433925587778
163.42,0.0035315141871302,0.0006488358233924969,-155.68543813758018
163.43,0.0035382361641798,0.0006957014458108104,-149.33468266964798
163.44,0.0035454311212131,0.0007434377653374783,-142.77638943407047
163.45,0.0035531079137129,0.000792071814297501,-136.16133161153627
163.46,0.0035612756515545,0.0008416344186141741,-130.00170084375728
163.47,0.0035699437891953,0.0008921537256058458,-124.45489619462231
163.48,0.0035791219948386,0.0009436529049308196,-118.67625374264416
163.49,0.003588820212913,0.0009961613398183258,-113.01632997339725
163.5,0.0035990486927044,0.0010497107423033262,-107.36136966042689
163.51,0.0036098180113435,0.0011043358595024919,-102.3902742114143
163.52,0.0036211390932062,0.0011600658806300125,-97.5897461011797
163.53,0.0036330231137871,0.0012169306233158577,-92.73644729367024
163.54,0.0036454816065776,0.0012749647641650177,-87.60977784712794
163.55,0.0036585264435168,0.0013342100938224855,-83.28318062969352
163.56,0.003672169959344,0.0013947010893408294,-79.40256071586865
163.57,0.0036864247246596,0.0014564686555508088,-75.09521132262942
163.58,0.0037013037249991,0.0015195537067808343,-71.02494598224025
163.59,0.0037168203300915,0.0015839979543300156,-67.05752734307238
163.6,0.0037329883579855,0.001649845039136659,-63.69999978969284
163.61,0.0037498220340312,0.0017171326621949683,-60.34667082415926
163.62,0.0037673359518203,0.001785901722538329,-56.980729307689195
163.63,0.0037855451613065,0.0018561978434866856,-53.46052963193392
163.64,0.0038044651694833,0.0019280731260308374,-50.628644159498094
163.65,0.0038241120341168,0.0020015716811283253,-48.06126661249445
163.66,0.003844502159179,0.002076735819046693,-45.181174003053115
163.67,0.0038656524771367,0.0021536177940600213,-42.53530261991288
163.68,0.0038875804153569,0.0022322698367357873,-40.06767734234614
163.69,0.0039103039482528,0.002312744388354992,-37.879223475991935
163.7,0.0039338415476995,0.0023950918303242237,-35.696370602952975
163.71,0.0039582122092749,0.0024793661882266393,-33.60249686314806
163.72,0.0039834354838948,0.0025656238495325038,-31.536971973793676
163.73,0.004009531495228,0.002653924524819998,-29.768737976424955
163.74,0.0040365209733804,0.0027443247846133346,-28.117595365342
163.75,0.0040644251821813,0.002836881768733383,-26.44994223820474
163.76,0.0040932660053676,0.0029316572499533105,-24.811827727633208
163.77,0.0041230659388776,0.0030287164001341453,-23.37419439546444
163.78,0.0041538481569564,0.003128122768912498,-22.114825242150726
163.79,0.0041856364268756,0.0032299382556391833,-20.780278735648068
163.8,0.0042184551770821,0.003334230619920814,-19.662586493579326
163.81,0.0042523295092065,0.003441064309215019,-18.770523459233978
163.82,0.0042872851412131,0.003550499697495023,-17.58876566028845
163.83,0.0043233484228178,0.0036626108122824385,-16.525114908128334
163.84,0.0043605465222731,0.003777472231990857,-15.681013123571784
163.85,0.0043989072602126,0.003895152597903358,-15.165889192661366
163.86,0.0044384591725326,0.004015710406901687,-14.320184537955228
163.87,0.0044792313131454,0.004139220540221714,-13.389671858607084
163.88,0.0045212536969073,0.004265766563773293,-12.848632867702452
163.89,0.0045645569903836,0.004395417098801612,-12.410035504526167
163.9,0.0046091726027854,0.004528236855220807,-12.078629878748385
163.91,0.004655132508314,0.004664287843008348,-11.328157430495002
163.92,0.004702469417724,0.004803656907150823,-10.779139458170539
163.93,0.0047512169687314,0.00494642467219832,-10.405837167441264
163.94,0.0048014094572665,0.005092660541749179,-10.707491938928714
163.95,0.0048530818639902,0.005242395210532479,-10.131386787526223
163.96,0.0049062693147845,0.005395713390925885,-9.367987321562925
163.97,0.0049610084036115,0.005552719419367462,-9.324433674957895
163.98,0.0050173361673258,0.005713468226937489,-9.561303735018441
163.99,0.0050752903539965,0.005877990575699145,-9.604345160607998
164.0,0.005134908730632,0.006046331139813345,-8.902554256643482
164.01,0.0051962300409772,0.0062185955471058514,-8.739467357516181
164.02,0.0052592939263938,0.006394850322002528,-8.807073226909024
164.03,0.0053241404544382,0.006575133829927477,-9.54536349572847
164.04,0.0053908099996797,0.006759423750602479,-9.09559128716692
164.05,0.0054593425676731,0.0069478025106275414,-8.532634428276447
164.06,0.0055297799822007,0.007140372565914184,-8.754553160857377
164.07,0.0056021640133309,0.007337150484574177,-9.605411616445025
164.08,0.0056765368570324,0.00753807841310244,-9.705060653780437
164.09,0.0057529395081778,0.007743172897924162,-8.999021430806495
164.1,0.0058314145314036,0.0079525458251775,-9.282269710382042
164.11,0.0059120046605496,0.008166195410339165,-9.61460339565955
164.12,0.0059947525769855,0.008384094565231669,-10.515025242218119
164.13,0.0060797004235923,0.008606140308853316,-10.369785154493595
164.14,0.0061668892879174,0.008832355959761663,-10.11088114783399
164.15,0.0062563615109424,0.009062781443939948,-10.965791998579913
164.16,0.0063481585606149,0.009297295427525856,-11.33970892629572
164.17,0.0064423208318995,0.00953582806913337,-11.417308639096566
164.18,0.0065388884042711,0.009778350836800844,-11.677942761961814
164.19,0.006637900891896,0.010024798398353347,-12.502780073845788
164.2,0.0067393969401708,0.010275008886774958,-12.816687841281244
164.21,0.0068434133112947,0.010528889028664994,-12.90976705388532
164.22,0.0069499866930477,0.010786376550047544,-13.646615130224308
164.23,0.0070591522314714,0.011047288717639188,-14.664691584821856
164.24,0.0071709431155787,0.011311382300249166,-14.985881448685044
164.25,0.007285390045426,0.011578526199076695,-15.169090652537061
164.26,0.0074025233286546,0.011848604676744175,-16.569319493893108
164.27,0.0075223707921894,0.012121273727134145,-17.557979855684504
164.28,0.0076449565284766,0.012396247775980824,-17.951229100226843
164.29,0.0077703027967459,0.012673348458966697,-18.848602236258955
164.3,0.0078984296319889,0.01295230002244827,-20.09508569703453
164.31,0.0080293538052118,0.013232751269411685,-21.128758613945926
164.32,0.00816308859351,0.013514384763313372,-22.176184045766586
164.33,0.0082996443365853,0.01379687885870159,-23.57159978141249
164.34,0.0084390277113793,0.014079842396265044,-25.268918412954026
164.35,0.008581241285122,0.014362830581789252,-26.70414880112833
164.36,0.0087262830942518,0.014645452336666686,-28.214224242518192
164.37,0.0088741477297506,0.014927308741662456,-30.44681905555055
164.38,0.0090248249880081,0.015207880516408335,-32.6696497395486
164.39,0.0091782993861729,0.015486664475524995,-34.90644057659678
164.4,0.0093345506836612,0.015763177108978357,-37.60940183131915
164.41,0.0094935535579124,0.01603688207937997,-40.58757884515744
164.42,0.0096552771088467,0.01630722662447665,-43.974894323485564
164.43,0.0098196849381313,0.016573630191525072,-47.9114129815252
164.44,0.0099867345304752,0.016835476463924103,-52.09894470575945
164.45,0.0101563773079574,0.01709217216043996,-56.4346128734848
164.46,0.0103285588917846,0.017343159461580836,-62.20519925595669
164.47,0.0105032191693537,0.01758775349078159,-69.12127192037974
164.48,0.0106802902862559,0.017825221668237443,-75.17655985003744
164.49,0.010859698044834,0.01805503432851838,-82.88097733791287
164.5,0.0110413632954385,0.018276564984479136,-93.24567886419315
164.51,0.0112251991233923,0.018489018785129145,-104.55795970049564
164.52,0.0114111111165848,0.01869167388341577,-114.24195644552367
164.53,0.0115989983597889,0.018884091035567527,-128.78650926919983
164.54,0.0117887563206014,0.019065541186785964,-147.71015478746477
164.55,0.011980269831257,0.019235142423154897,-164.63272399182512
164.56,0.0121734179459153,0.01939236836514405,-182.8595187643154
164.57,0.0123680742715215,0.019536753179939963,-208.4696201705256
164.58,0.0125641076389001,0.019667531565690056,-239.32103445839894
164.59,0.0127613769935426,0.01978387415817086,-262.9084100661624
164.6,0.0129597359342013,0.019885481821987516,-292.3163623331925
164.61,0.0131590357349506,0.019971858062405846,-330.6391719675934
164.62,0.0133591197515256,0.02004220214541913,-365.85754183729625
164.63,0.0135598245646483,0.020095920421365814,-385.19596084597003
164.64,0.0137609823143326,0.020132938942326616,-413.46366464963126
164.65,0.0139624257868427,0.02015271493922082,-442.4604232789743
164.66,0.0141639768560016,0.020154495499148488,-446.98388313052334
164.67,0.0143654551052938,0.02013808900893421,-442.12635771463374
164.68,0.0145666774020436,0.020103334544409917,-433.58362411001696
164.69,0.0147674594741066,0.02004987838797751,-416.05798269385383
164.7,0.0149676116611748,0.019977389501298362,-383.98751924232806
164.71,0.0151669437717861,0.019885868089945122,-353.0115055012224
164.72,0.0153652650433238,0.01977515331201654,-320.2981408363847
164.73,0.0155623823605052,0.01964508227850832,-286.32071050085926
164.74,0.0157581019734856,0.01949558434083336,-253.47027437687262
164.75,0.0159522293396595,0.01932665998894659,-222.5396198238672
164.76,0.0161445707556582,0.01913840414203416,-194.89949172307269
164.77,0.0163349334192124,0.018930947224460027,-171.10961278918623
164.78,0.0165231261128647,0.018704397485481743,-149.72823421108745
164.79,0.0167089585303763,0.018458974661849193,-130.43611688576425
164.8,0.0168922439467116,0.01819506219862321,-114.8467240154259
164.81,0.0170727991305657,0.01791295069259579,-101.4181517492869
164.82,0.0172504434505451,0.01761297002047998,-89.5764903035256
164.83,0.0174250004779328,0.017295563141118415,-79.36990878409848
164.84,0.0175962983231908,0.01696124139120506,-70.89185061105667
164.85,0.0177641705347971,0.016610485973480908,-63.732667834837095
164.86,0.0179284549385149,0.01624377705335721,-57.135879836351165
164.87,0.0180889950837079,0.015861775751649234,-51.73782248462968
164.88,0.0182456414680743,0.015465079728592748,-47.19370838059548
164.89,0.0183982496810744,0.01505426336048411,-42.93388292710598
164.9,0.0185466821500158,0.014630077016531488,-39.43865909654668
164.91,0.0186908089359818,0.014193203987201773,-36.44113525106515
164.92,0.0188305062653497,0.013744324861006754,-33.63112556137061
164.93,0.0189656581252814,0.0132842630360041,-31.35722457515364
164.94,0.0190961566810918,0.012813744403160961,-29.36413720443786
164.95,0.0192219006975981,0.012333513956687473,-27.44914199080643
164.96,0.019342797515504,0.011844468490992532,-25.980919391267868
164.97,0.0194587631257765,0.01134733569921074,-24.66420229560158
164.98,0.0195697198875999,0.010842880791746539,-23.34623675067956
164.99,0.01967559939046,0.010332046537143372,-22.41146020726232
165.0,0.0197763419379624,0.00981554190113169,-21.550500410250464
165.01,0.0198718939442193,0.009294133412445066,-20.672387018528767
165.02,0.0199622112895385,0.00876875813374577,-20.096976710967052
165.03,0.0200472581935754,0.008240101561330856,-19.55626897763857
165.04,0.0201270049567617,0.007708921716270834,-19.016114115844516
165.05,0.0202014310946452,0.007176109021927394,-18.702928758266882
165.06,0.0202705238921444,0.006642314925647588,-18.40944046680077
165.07,0.0203342765940057,0.006108271484095892,-18.133909778961115
165.08,0.020392691160568,0.005574806346670773,-18.034706522916444
165.09,0.0204457766639425,0.0050425155079468435,-17.951093277854167
165.1,0.0204935476900383,0.004512083963115719,-17.898112132683256
165.11,0.0205360269688145,0.0039842667254309395,-17.986996225082553
165.12,0.0205732435239701,0.0034595906520650615,-18.09746984978069
165.13,0.0206052313283452,0.0029386742977522556,-18.25221091373573
165.14,0.0206320316880361,0.0024221841545407053,-18.515626743533772
165.15,0.0206536913656122,0.0019105949346624046,-18.820836447129814
165.16,0.0206702617235612,0.0014044457162467987,-19.186476885653537
165.17,0.0206818002203865,0.0009042960158667755,-19.63748513601852
165.18,0.0206883690402809,0.0004105631066658617,-20.151975576219733
165.19,0.0206900343774658,-7.630051446089656e-05,-20.741679085690556
165.2,0.0206868674073957,-0.0005558386058875098,-21.41123550443083
165.21,0.0206789432190402,-0.0010276915111633786,-22.164922938905622
165.22,0.0206663404055826,-0.0014914929488740447,-23.009869925407358
165.23,0.0206491413443006,-0.0019468923767890802,-23.948169107167022
165.24,0.0206274315633438,-0.0023935862273334147,-24.990188411749273
165.25,0.0206012995663445,-0.002831291497988348,-26.140411039066706
165.26,0.0205708365292138,-0.0032597557088682137,-27.419765654608593
165.27,0.0205361360510192,-0.00367873427542997,-28.822435043772433
165.28,0.0204972941258056,-0.004088022638645076,-30.3533827292564
165.29,0.0204544084521305,-0.004487455709895755,-32.07323655687533
165.3,0.0204075784547416,-0.00487684859851005,-33.93831614604389
165.31,0.0203569053676947,-0.005256069146149292,-35.955549608532586
165.32,0.0203024912821404,-0.005625030256054797,-38.25641229477177
165.33,0.0202444393688588,-0.005983600932080082,-40.72277523155265
165.34,0.020182854094781,-0.006331715480176655,-43.36287441852445
165.35,0.0201178399806691,-0.006669360046554091,-46.42844614642739
165.36,0.020049502034244,-0.00699645408059072,-49.69851127035402
165.37,0.0199779460901493,-0.007312983002189198,-53.15899556236691
165.38,0.0199032774602935,-0.0076189929130866235,-57.194374868740276
165.39,0.0198256013493278,-0.007914462043250026,-61.551088330368515
165.4,0.0197450232572424,-0.008199411172419372,-66.1096879841458
165.41,0.0196616479109305,-0.008473929529510931,-71.35128778609408
165.42,0.0195755792938054,-0.00873805837758168,-77.14845541465358
165.43,0.0194869211853731,-0.00899184561932399,-83.14698618127976
165.44,0.019395776458093,-0.009235412059252317,-89.88880771117518
165.45,0.0193022466995502,-0.009468854146233552,-97.52872269934552
165.46,0.0192064328543325,-0.009692243604675905,-105.34231626984167
165.47,0.0191084348528371,-0.009905725500839742,-113.88987804507725
165.48,0.0190083509169493,-0.010109440599886856,-123.77677256132726
165.49,0.0189062782605854,-0.01030348129433846,-133.73858515190702
165.5,0.0188023129883053,-0.010488011274249292,-144.29742705800012
165.51,0.0186965491790057,-0.010663205162550829,-156.7254298463649
165.52,0.0185890796172216,-0.010829171368330916,-168.97337786555397
165.53,0.0184799959114219,-0.010986086837451968,-181.44779508077926
165.54,0.0183693874118346,-0.011134151203070694,-196.2861142542159
165.55,0.0182573419564039,-0.011273487689379084,-210.47712103911638
165.56,0.0181439461214461,-0.011404281691269284,-224.22521924694303
165.57,0.0180292841110394,-0.011526747827256817,-240.62634748023177
165.58,0.0179134384518709,-0.011641021667314061,-255.60474559601627
165.59,0.0177964903390731,-0.011747293440131541,-269.1656619451439
165.6,0.0176785185457934,-0.011845784530038357,-285.19837309644254
165.61,0.0175596000752352,-0.011936642840922631,-298.9231315319416
165.62,0.0174398104847723,-0.01202005898498342,-310.1860972273456
165.63,0.017319222991815,-0.012096252260401438,-322.74230326828246
165.64,0.0171979089566298,-0.012165388640070045,-332.933427938756
165.65,0.0170759381213434,-0.012227651031956773,-339.65624071708925
165.66,0.0169533781578079,-0.012283250137638235,-345.92681770864937
165.67,0.0168302947250746,-0.012332368537930986,-350.71944194957814
165.68,0.016706751802996,-0.012375178841521773,-351.32974319581984
165.69,0.0165828115073999,-0.012411882659268323,-350.3016485327995
165.7,0.0164585338773929,-0.012442671177010015,-348.92368338365736
165.71,0.016333977239362,-0.012467710254291555,-343.60755084053454
165.72,0.016209198199934,-0.012487191124789116,-336.3258531018987
165.73,0.0160842513182437,-0.012501305149875021,-329.72525176583775
165.74,0.0159591894434212,-0.0125102130535209,-320.0582502966616
165.75,0.0158340638052446,-0.012514096068779972,-308.76142468986205
165.76,0.0157089236623637,-0.012513140501620747,-298.864654497696
165.77,0.0155838165980373,-0.012507502550300968,-286.97704422032905
165.78,0.0154587886459573,-0.012497353670396673,-274.0824562218176
165.79,0.0153338839800295,-0.012482871277487428,-262.87180685955985
165.8,0.0152091451587489,-0.0124642065051091,-250.66272089261778
165.81,0.0150846132536686,-0.012441520111360028,-237.983380059588
165.82,0.0149603276156832,-0.012414978296104226,-226.77246051461535
165.83,0.0148363260488671,-0.012384728109064106,-215.4713955087729
165.84,0.0147126449158694,-0.012350918756749086,-204.02354751708864
165.85,0.0145893190282459,-0.012313704265470864,-193.41494857050048
165.86,0.0144663817015235,-0.012273229865384207,-183.7585083231981
165.87,0.0143438648459564,-0.012229630427380801,-173.96952570593396
165.88,0.0142217990413995,-0.01218304664093595,-164.47812549942986
165.89,0.0141002133985396,-0.012133619041046716,-156.20545859813686
165.9,0.0139791357191014,-0.0120814739424174,-148.081921910569
165.91,0.0138585925524972,-0.012026739049299169,-140.19944741057793
165.92,0.0137386091461504,-0.01196954266167247,-132.97897595524563
165.93,0.0136192095008475,-0.011910006542488385,-126.26888387011175
165.94,0.0135004164253045,-0.011848247721545977,-119.84184188820949
165.95,0.0133822515708286,-0.01178438206250079,-113.79910503064917
165.96,0.0132647354325847,-0.011718522425474916,-108.15009922190868
165.97,0.0131478874065892,-0.011650778046550929,-102.83621078936227
165.98,0.0130317258024463,-0.011581255073729967,-97.91125277404994
165.99,0.0129162678953075,-0.011510055417773286,-93.23485543560781
166.0,0.0128015299511787,-0.011437278943761614,-88.74174045150428
166.01,0.0126875272465812,-0.011363024259069203,-84.66189983919126
166.02,0.0125742740858873,-0.011287384221020005,-80.90114712073544
166.03,0.0124617838840646,-0.011210447500673392,-77.08553790473397
166.04,0.0123500691575683,-0.011132305067433335,-73.63710573627151
166.05,0.01223914152011,-0.011053042260246709,-70.54605426253046
166.06,0.0121290117823425,-0.010972738543187522,-67.48132640446825
166.07,0.0120196899534878,-0.010891473698070074,-64.45831827073069
166.08,0.0119111852497732,-0.010809327367292397,-61.80747996519992
166.09,0.011803506103324,-0.010726372444242512,-59.37731975485371
166.1,0.0116966602651072,-0.010642677974626672,-56.75215840355411
166.11,0.0115906547694689,-0.010558316753018297,-54.50383345848993
166.12,0.0114854959358876,-0.010473354427669224,-52.494593336780405
166.13,0.0113811894799294,-0.010387852023129116,-50.23200268667351
166.14,0.0112777404801115,-0.010301875102289203,-48.31149538669435
166.15,0.0111751533660356,-0.010215482422026755,-46.634421137093334
166.16,0.0110734320370119,-0.010128727747793267,-44.69258745874864
166.17,0.0109725798257758,-0.010041669391491629,-43.01312893588641
166.18,0.0108725994877683,-0.009954360188659103,-41.58405174382801
166.19,0.0107734932990658,-0.009866847624014118,-39.96104595575707
166.2,0.010675263045971,-0.009779182254616717,-38.44442763691397
166.21,0.0105779100062791,-0.009691411979926732,-37.202791971535326
166.22,0.0104814350160287,-0.00960357878520333,-35.87040140145262
166.23,0.0103858384971186,-0.009515725687564989,-34.479946828293926
166.24,0.0102911204269114,-0.009427896011482447,-33.382875182029395
166.25,0.0101972803758485,-0.009340126831739874,-32.29366166984011
166.26,0.0101043175672458,-0.009252454367331681,-31.020869874485072
166.27,0.0100122308396026,-0.009164917361150127,-30.01682939639057
166.28,0.009921018661024,-0.009077548713382472,-29.177870035964265
166.29,0.0098306792094121,-0.008990377074627524,-28.518300148237167
166.3,0.0097412103713277,-0.008903428027352516,-27.030573549601172
166.31,0.0096526097709875,-0.008816742254134056,-25.021698544471572
166.32,0.0095648745169095,-0.008730365914818362,-26.338537782660904
166.33,0.0094780014445626,-0.008644287164298272,-25.29130932100811
166.34,0.0093919876697067,-0.008558535719613307,-22.144364805088525
166.35,0.0093068294530809,-0.008473175357454139,-22.944833509763274
166.36,0.0092225228714095,-0.00838820193119503,-23.355618259251806
166.37,0.0091390641010795,-0.008303616944689172,-21.011120695788826
166.38,0.0090564490854389,-0.008219468218640039,-19.483932351733195
166.39,0.0089746731986788,-0.008135787338384116,-21.441644202335745
166.4,0.0088937318384407,-0.008052549990307465,-19.835073513381385
166.41,0.0088136206057,-0.00796978880852014,-17.0018274075757
166.42,0.0087343343404454,-0.007887553087852484,-19.267257204940904
166.43,0.0086558678717388,-0.007805813769679948,-18.340897356094697
166.44,0.0085782163372934,-0.007724589736530875,-15.683461451945247
166.45,0.0085013742328456,-0.0076439251023990564,-16.549850754924595
166.46,0.0084253359976835,-0.007563811018409982,-16.783661228655635
166.47,0.0083500961671475,-0.007484246982267558,-15.00413378040163
166.48,0.0082756491339178,-0.007405261877855048,-13.983983861366573
166.49,0.0082019889605921,-0.007326871605232453,-15.620852432024659
166.5,0.0081291097705829,-0.007249055632603269,-14.088272806078876
166.51,0.0080570058530962,-0.0071718371350576,-11.828332648994065
166.52,0.007985670949863,-0.007095247648744166,-12.91349685572441
166.53,0.0079150988510398,-0.00701927267137585,-13.813210039265154
166.54,0.007845283471981,-0.0069439002889733585,-11.85623434534915
166.55,0.0077762187506053,-0.006869156682307465,-9.849396668181784
166.56,0.0077078981810638,-0.006795066189951661,-11.76052458747947
166.57,0.0076403153255791,-0.006721603708933306,-12.007252917050568
166.58,0.0075734640145656,-0.006648764912202522,-9.658506333617115
166.59,0.0075073378636917,-0.006576577345158291,-8.502211240932477
166.6,0.0074419302754289,-0.006505052124662516,-10.710539240273164
166.61,0.0073772346939045,-0.00643416126336174,-10.11531777971883
166.62,0.0073132449112275,-0.00636390942542661,-7.601151592740674
166.63,0.0072499543016839,-0.006294322356589141,-7.661783703145662
166.64,0.0071873562687153,-0.0062253960887983725,-9.315594992745273
166.65,0.0071254442365976,-0.006157109249326658,-8.305042049384229
166.66,0.0070642119211929,-0.0060894697131183145,-6.037423440196583
166.67,0.0070036526314239,-0.006022497278893303,-6.825260864591217
166.68,0.0069437597928999,-0.00595618002931087,-7.753580314774718
166.69,0.0068845268837208,-0.00589050427095999,-6.64081012482721
166.7,0.0068259475430854,-0.0058254772781749465,-4.884325063132447
166.71,0.0067680151454231,-0.005761111254199159,-5.874724027644009
166.72,0.0067107231598993,-0.005697392264222501,-6.419832852581174
166.73,0.0066540651687359,-0.005634310466868316,-5.0601346290486875
166.74,0.0065980348012945,-0.005571873733488299,-3.830021487868715
166.75,0.0065426255326089,-0.005510087811093364,-4.762351524896005
166.76,0.0064878309189019,-0.005448939262813314,-5.236891655342146
166.77,0.0064336446469263,-0.005388418859468363,-3.8395568703862493
166.78,0.0063800604273713,-0.005328533231742538,-2.8038085751707342
166.79,0.0063270718635003,-0.005269285248242488,-3.7629172018071144
166.8,0.006274672639303,-0.005210661567594148,-4.060988761164473
166.81,0.006222856572169,-0.005152654301410809,-2.7365860855403605
166.82,0.0061716174848322,-0.0050952681434183475,-1.9520523450363918
166.83,0.0061209491439032,-0.005038503122833345,-2.808677739157389
166.84,0.0060708453903868,-0.004982347048217491,-2.9242844656808327
166.85,0.0060213001913458,-0.0049267932960291826,-1.7419822335426645
166.86,0.0059723075101591,-0.004871844422578294,-1.1897309671766463
166.87,0.0059238612976051,-0.004817498207621709,-1.8966519835941624
166.88,0.0058759555711706,-0.00476374384594338,-1.8723449378594919
166.89,0.0058285844643524,-0.004710575568517479,-0.8404111006301072
166.9,0.0057817421056507,-0.004657994085043309,-0.4634731085489264
166.91,0.005735422641668,-0.004605995655306656,-1.0609009852584108
166.92,0.0056896202799006,-0.0045545704794783945,-0.950630348217187
166.93,0.0056443293369884,-0.004503713237484208,-0.031039612075002956
166.94,0.0055995441257513,-0.004453423329133317,0.21160415249150147
166.95,0.0055552589969717,-0.004403696010048304,-0.3439081439300629
166.96,0.005511468359263,-0.004354522046019164,-0.14452967046339163
166.97,0.0054681667262878,-0.004305896571524133,0.7218386380155828
166.98,0.0054253486058024,-0.0042578182225433536,0.7790591375886974
166.99,0.0053830085578698,-0.004210281312243364,0.5631790962649911
167.0,0.0053411411986242,-0.004163278546495826,0.462695809966574
167.01,0.0052997412263314,-0.004116803510994222,1.1119642132523113
167.02,0.0052588033790747,-0.004070853474302523,1.405987021173923
167.03,0.0052183224227931,-0.004025423951053307,1.2620357682050876
167.04,0.0051782931872341,-0.0039805082682641945,1.091905376910989
167.05,0.005138710565733,-0.003936099769293305,1.4775279238724355
167.06,0.0050995695147856,-0.0038921943939450253,1.8444981583940527
167.07,0.0050608650155203,-0.0038487879662066813,1.7490604112429113
167.08,0.0050225921128059,-0.0038058743197132918,1.7100664182265723
167.09,0.0049847459058402,-0.0037634475330308465,1.8773832162698973
167.1,0.0049473215557104,-0.0037215026427224796,2.110601247255784
167.11,0.00491031426272,-0.0036800349455116494,2.059311764427934
167.12,0.004873719284971,-0.003639038714803304,2.2311416264035757
167.13,0.0048375319333864,-0.0035985090422850077,2.2707589215983024
167.14,0.004801747566818,-0.003558440585302563,2.245133082016748
167.15,0.0047663616025702,-0.003518827812615848,2.2837851046581408
167.16,0.0047313695086777,-0.0034796655207591804,2.516136539611291
167.17,0.0046967668057779,-0.003440949215706648,2.5879310412398255
167.18,0.0046625490549707,-0.0034026738388899585,2.3658900914852796
167.19,0.004628711878799,-0.003364833424433322,2.357773919775106
167.2,0.0045952509535133,-0.0033274227942692016,2.5519734106187926
167.21,0.0045621620050507,-0.0032904375285708375,2.76580970623623
167.22,0.0045294408002966,-0.003253873229581679,2.4929264721546023
167.23,0.0044970831564939,-0.0032177240715466574,2.35322317408283
167.24,0.0044650849526087,-0.003181984691562529,2.4276980407840534
167.25,0.0044334421121331,-0.0031466504533758195,2.4591092301417503
167.26,0.0044021506083977,-0.0031117167227058223,2.6585114945546606
167.27,0.004371206457211,-0.0030771792824757925,2.3691378185127236
167.28,0.0043406057199566,-0.003043032653776679,2.1435297368045627
167.29,0.0043103445185014,-0.0030092716085366508,2.207630777663901
167.3,0.0042804190171741,-0.0029758917519333325,2.1361864970402755
167.31,0.0042508254279754,-0.002942888487044222,2.3056153288541714
167.32,0.0042215600059806,-0.0029102577812374734,2.018748382692927
167.33,0.0041926190473987,-0.002877994557774115,1.712885262114155
167.34,0.004163998906309,-0.0028460937843208956,1.7498235281116348
167.35,0.0041356959775355,-0.0028145512853383643,1.5859016331001585
167.36,0.0041077067011935,-0.002783362564976648,1.618425551129005
167.37,0.0040800275607153,-0.0027525235656208485,1.3634965864572128
167.38,0.0040526550795446,-0.0027220296715091555,1.0509651981736134
167.39,0.0040255858322188,-0.0026918762297049826,0.9789767975171885
167.4,0.0039988164338026,-0.002662059145407465,0.7518446168762596
167.41,0.0039723435423439,-0.002632574121005052,0.6499933871406358
167.42,0.0039461638579943,-0.0026034171417800107,0.38059612968274625
167.43,0.003920274120273,-0.00257458393563913,0.05260932578197345
167.44,0.003894671114249,-0.002546070199145022,-0.13242373304919283
167.45,0.0038693516646582,-0.0025178719566116667,-0.42527520993869355
167.46,0.0038443126369733,-0.0024899851332991583,-0.6281640095904901
167.47,0.0038195509368608,-0.0024624058642041743,-0.9519291458692201
167.48,0.0037950635078657,-0.0024351301429499962,-1.333335692808174
167.49,0.0037708473355019,-0.00240815394267166,-1.6125856249893256
167.5,0.0037468994432561,-0.0023814734699475234,-1.987084438078229
167.51,0.0037232168931046,-0.002355084870073314,-2.250421741923217
167.52,0.003699796785081,-0.0023289845174324746,-2.6495394329275292
167.53,0.0036766362545099,-0.002303168641970833,-3.1277841152448214
167.54,0.0036537324765904,-0.002277633430775852,-3.4789931005286387
167.55,0.0036310826622163,-0.002252375323337493,-3.914567982944345
167.56,0.0036086840584253,-0.0022273907174524946,-4.354737978999347
167.57,0.0035865339479896,-0.0022026760682492047,-4.817486436326678
167.58,0.0035646296488711,-0.0021782278690149945,-5.302336310008192
167.59,0.0035429685139726,-0.0021540426524399837,-5.799928735336195
167.6,0.0035215479305711,-0.002130117003951644,-6.299995907011111
167.61,0.0035003653198824,-0.0021064475657766794,-6.92196039614189
167.62,0.0034794181366237,-0.00208303089870084,-7.497772789784156
167.63,0.0034587038702866,-0.002059863696427487,-7.992682831266176
167.64,0.0034382200416488,-0.0020369428155108706,-8.620727150322992
167.65,0.0034179642036545,-0.002014265025019156,-9.23652531216538
167.66,0.0033979339414282,-0.001991827158730006,-9.993349762806545
167.67,0.0033781268715241,-0.0019696259617025,-10.717542560523912
167.68,0.0033585406436532,-0.001947658296009994,-11.279370943499469
167.69,0.0033391729368588,-0.001925921263944156,-12.008857732810394
167.7,0.003320021459627,-0.0019044118561541588,-12.789112396503002
167.71,0.0033010839509878,-0.001883127067114161,-13.56127526801435
167.72,0.0032823581794237,-0.0018620639496858616,-14.580083191214992
167.73,0.0032638419432861,-0.0018412193984624898,-15.292069122620033
167.74,0.0032455330719757,-0.00182059067870833,-15.981453818730364
167.75,0.0032274294192193,-0.0018001751338274892,-17.01076551959222
167.76,0.0032095288683343,-0.0017799698582616724,-17.844139892830505
167.77,0.0031918293302142,-0.001759972158165841,-19.042031086345386
167.78,0.0031743287429263,-0.0017401790966575157,-20.021542187191507
167.79,0.0031570250749352,-0.0017205880059416717,-20.767930416806472
167.8,0.0031399163177012,-0.0017011964747725003,-21.906021328407263
167.81,0.0031230004891264,-0.0016820018290483387,-22.975380472622525
167.82,0.0031062756334286,-0.0016630014934866395,-24.142435389374278
167.83,0.0030897398202402,-0.0016441928691591653,-25.53902605689345
167.84,0.00307339114583,-0.0016255732602616913,-26.509357483362674
167.85,0.0030572277326367,-0.0016071403673975024,-27.546725844329444
167.86,0.003041247723832,-0.0015888918947608401,-28.97122046856231
167.87,0.0030254492883439,-0.0015708253217216602,-30.120710380815524
167.88,0.0030098306188589,-0.0015529383488766587,-31.943095317257978
167.89,0.0029943899314585,-0.001535228289300855,-33.18430631510238
167.9,0.002979125470614,-0.0015176929368791517,-34.14958770180441
167.91,0.0029640354971008,-0.0015003303207858322,-35.898397447089216
167.92,0.0029491182964228,-0.0014831380136333307,-37.29491913608836
167.93,0.0029343721764232,-0.0014661138438141607,-39.03586466499633
167.94,0.0029197954668292,-0.0014492554836233302,-40.89052791049141
167.95,0.0029053865216097,-0.0014325606143166549,-42.171480580196345
167.96,0.0028911437159496,-0.001416027332630864,-43.72023523642436
167.97,0.0028770654431044,-0.0013996536269108247,-45.63698432545895
167.98,0.0028631501187025,-0.0013834373190158395,-47.307501772886916
167.99,0.0028493961788622,-0.0013673764004424936,-49.68905892352671
168.0,0.0028358020802939,-0.0013514685448891646,-51.36177713364861
168.01,0.0028223663038887,-0.0013357118914716626,-52.83865928223661
168.02,0.0028090873443012,-0.0013201047320841846,-55.18680275488147
168.03,0.0027959637178972,-0.0013046449539775152,-57.09065882978672
168.04,0.002782993960212,-0.0012893307000874633,-59.54898033239652
168.05,0.0027701766256524,-0.001274159898164152,-61.85882791616823
168.06,0.0027575102903533,-0.0012591306247183558,-63.629429688677405
168.07,0.0027449935468073,-0.0012442412779624995,-65.93418407165696
168.08,0.0027326250044174,-0.0012294900501124701,-68.42141697095073
168.09,0.0027204032915207,-0.0012148750942691622,-70.61785252559251
168.1,0.002708327054074,-0.001200394722126668,-73.96500490638218
168.11,0.0026963949553724,-0.001186046798799999,-76.34633946955897
168.12,0.0026846056818862,-0.0011718297011533286,-78.14558789019269
168.13,0.0026729579298743,-0.0011577421054325006,-81.31272362192114
168.14,0.0026614504142276,-0.0011437821548758269,-84.03951954188192
168.15,0.0026500818667555,-0.0011299482091666779,-86.78261587318386
168.16,0.0026388510355209,-0.0011162386588591867,-90.65677148752322
168.17,0.0026277566853207,-0.00110265151383748,-93.22915129502894
168.18,0.0026167976018123,-0.001089185378167513,-95.52443123049696
168.19,0.0026059725787472,-0.0010758390052158684,-99.32920460594411
168.2,0.002595280428313,-0.0010626106222741665,-102.40623990155468
168.21,0.0025847199779522,-0.0010494987558491724,-105.92069700816586
168.22,0.0025742900701252,-0.0010365018230658475,-110.03900590032184
168.23,0.0025639895639467,-0.0010236180955108304,-113.00778300808797
168.24,0.0025538173350369,-0.001010846320870005,-116.1520726725191
168.25,0.0025437722687071,-0.0009981852296558397,-120.35582635809766
168.26,0.0025338532667128,-0.000985633236418334,-123.96639632244677
168.27,0.0025240592449126,-0.0009731889835341318,-128.35310490476093
168.28,0.0025143891330511,-0.0009608509153575311,-132.72012654616344
168.29,0.0025048418774376,-0.0009486175542216787,-136.1658152165462
168.3,0.0024954164367557,-0.0009364877743166765,-140.31284293804467
168.31,0.002486111781056,-0.0009244602769450288,-144.95123322169
168.32,0.0024769268949163,-0.0009125336556766524,-149.16981678438114
168.33,0.0024678607759558,-0.0009007066609566391,-154.6014023850559
168.34,0.0024589124346353,-0.0008889777471241817,-159.24925454380826
168.35,0.0024500808981228,-0.0008773456693916739,-163.20459317772264
168.36,0.0024413652019072,-0.0008658094309466453,-168.52641710213126
168.37,0.002432764394458,-0.0008543676987000239,-173.65182481376405
168.38,0.0024242775370305,-0.0008430192320833403,-178.66413991633917
168.39,0.0024159037029532,-0.0008317628570166674,-185.12018560683362
168.4,0.0024076419777188,-0.0008205970798216761,-190.16821070188604
168.41,0.0023994914628064,-0.0008095208493358167,-194.84209179867497
168.42,0.0023914512654347,-0.0007985332549466872,-201.34083130669154
168.43,0.0023835205066007,-0.000787632971077508,-207.0433203099504
168.44,0.0023756983186668,-0.0007768189019541747,-213.28749621045486
168.45,0.0023679838451925,-0.0007660898621307981,-220.6730587329233
168.46,0.0023603762424036,-0.0007554444626466652,-226.07556852167284
168.47,0.0023528746799508,-0.0007448818593358495,-231.71111222721674
168.48,0.0023454783322508,-0.0007344011937733303,-239.29827270837478
168.49,0.0023381863870904,-0.0007240011985875193,-245.9763253120114
168.5,0.0023309980427732,-0.0007136808525099879,-252.85844372346946
168.51,0.0023239125079605,-0.0007034391462316683,-260.2578188730808
168.52,0.0023169290015128,-0.0006932749750691728,-269.69585715882346
168.53,0.002310046754555,-0.0006831868756483169,-275.66338004718347
168.54,0.0023032650125375,-0.0006731742120758563,-281.7937522604295
168.55,0.0022965830212359,-0.0006632363494841735,-291.29072457057623
168.56,0.0022900000404091,-0.0006533719911983227,-299.1132850900506
168.57,0.0022835153394659,-0.0006435802143249919,-307.27353129723616
168.58,0.0022771281973213,-0.0006338600938091653,-315.92808582806697
168.59,0.0022708379022525,-0.0006242106184908395,-327.30338468720123
168.6,0.002264643753959,-0.000614630328849164,-334.32449844389953
168.61,0.0022585450667864,-0.0006051186992058349,-341.35191175232995
168.62,0.0022525411530544,-0.0005956752368758364,-352.70430472543813
168.63,0.0022466313389204,-0.0005862986709991777,-361.906026278384
168.64,0.0022408149594561,-0.0005769881564999834,-371.5700991262017
168.65,0.0022350913585199,-0.0005677428347216541,-381.6135009095947
168.66,0.0022294598886304,-0.000558561793898352,-394.42601515972507
168.67,0.0022239199124814,-0.0005494437045675171,-403.17021926821525
168.68,0.0022184708064159,-0.0005403880429641517,-411.7966049493169
168.69,0.002213111945352,-0.0005313943430408222,-424.65358318340105
168.7,0.0022078427167509,-0.0005224614476758356,-435.48608780920796
168.71,0.0022026625163263,-0.0005135885720816864,-446.8132653540129
168.72,0.0021975707479314,-0.000504774917510017,-458.42105310378173
168.73,0.0021925668234458,-0.0004960196587858186,-472.6670980656537
168.74,0.0021876501638081,-0.00048732160500830987,-483.3563672977992
168.75,0.0021828202023942,-0.00047868022635833344,-493.85356107502446
168.76,0.0021780763721196,-0.0004700950636441949,-508.2359820649654
168.77,0.0021734181171008,-0.0004615650765983297,-520.8434148630339
168.78,0.0021688448890982,-0.00045308953468999047,-533.9418108047435
168.79,0.0021643561474148,-0.0004446676959525257,-547.2417332896163
168.8,0.0021599513587944,-0.00043629880836918485,-563.2348339112091
168.81,0.0021556299981847,-0.00042798176782000064,-575.8178193370261
168.82,0.0021513915522617,-0.0004197160686016414,-588.1138850343954
168.83,0.0021472355072916,-0.00041150128824083126,-604.2566862561133
168.84,0.0021431613598818,-0.00040333646458251115,-618.6804901709885
168.85,0.0021391686137344,-0.0003952209190600092,-633.6009853624317
168.86,0.002135256779554,-0.0003871539618208461,-648.6313874257115
168.87,0.0021314253749564,-0.00037913490516248305,-666.5846307637296
168.88,0.0021276739250763,-0.00037116268944917496,-680.9666733638174
168.89,0.0021240019665323,-0.000363236850785832,-694.9169050267903
168.9,0.0021204090348951,-0.0003553570255941641,-712.9366655708565
168.91,0.0021168946756011,-0.00034752229840248703,-729.1232304626301
168.92,0.002113458440698,-0.0003397320385633496,-745.7951213108761
168.93,0.0021100998887638,-0.00033198560489334903,-762.37994843107
168.94,0.0021068185848243,-0.0003242823670649642,-783.7319683862899
168.95,0.0021036141011987,-0.0003166210729799942,-798.4704912122235
168.96,0.002100486024225,-0.00030900150507835446,-812.5774615445677
168.97,0.002097433932727,-0.0003014235620449805,-833.7155563594339
168.98,0.0020944574176601,-0.0002938861656825029,-851.193733557588
168.99,0.0020915560761249,-0.00028638875457500144,-869.4254824273577
169.0,0.0020887295112901,-0.0002789307257366544,-887.809026528884
169.01,0.002085977332316,-0.0002715114838683443,-906.3989225588782
169.02,0.0020832991542773,-0.0002641304413483231,-924.1970906336143
169.03,0.0020806945980867,-0.0002567871100650032,-947.604613035406
169.04,0.0020781632904175,-0.00024948019488999217,-967.4720361142357
169.05,0.0020757048746454,-0.00024220901117082862,-980.2951595366943
169.06,0.0020733189901337,-0.00023497396671167775,-1000.4289956487372
169.07,0.0020710052771568,-0.00022777440744332174,-1021.8439429236204
169.08,0.0020687633865141,-0.0002206094475933265,-1040.8837422593783
169.09,0.0020665929745818,-0.00021347857355418696,-1060.4070532075334
169.1,0.0020644937032449,-0.00020638123782668267,-1079.9637121629514
169.11,0.0020624652398297,-0.00019931689964165533,-1099.3472050979512
169.12,0.0020605072570365,-0.0001922850516908217,-1118.9046963631115
169.13,0.0020586194328716,-0.00018528509062169015,-1145.422437128229
169.14,0.002056801453783,-0.0001783153137716693,-1159.8038711762526
169.15,0.0020550530246763,-0.00017137610093584418,-1173.7920110506998
169.16,0.0020533738291267,-0.00016446790042083008,-1198.799616448729
169.17,0.0020517635677335,-0.00015758928117583416,-1217.2336028493096
169.18,0.0020502219462911,-0.00015073982460831218,-1236.4963949070352
169.19,0.0020487486757326,-0.00014391901970998208,-1255.569907848967
169.2,0.0020473434720725,-0.00013712636118834182,-1274.5012315537422
169.21,0.0020460060563499,-0.000130361349400002,-1292.5105121854504
169.22,0.0020447361545721,-0.00012362358959334472,-1314.5347403189194
169.23,0.0020435334976574,-0.0001169117943416835,-1332.5824714297603
169.24,0.0020423978332837,-0.00011022550602749158,-1346.2659695402624
169.25,0.0020413289013637,-0.00010356520723748981,-1365.1954340310742
169.26,0.0020403264449458,-9.693018043167871e-05,-1383.4490626741706
169.27,0.0020393902158227,-9.031970023499949e-05,-1400.2177482768752
169.28,0.0020385199706075,-8.373331932082547e-05,-1416.809290453013
169.29,0.0020377154706855,-7.717056284500538e-05,-1432.9825797175597
169.3,0.0020369764821667,-7.06309607391684e-05,-1448.6303965426264
169.31,0.0020363027758377,-6.411407083915625e-05,-1464.081116091257
169.32,0.0020356941271138,-5.761932293083839e-05,-1480.3564191222408
169.33,0.002035150318763,-5.1145613735841214e-05,-1493.169207759827
169.34,0.0020346711443208,-4.469306505999618e-05,-1505.7862426072747
169.35,0.002034256387142,-3.82617349175268e-05,-1520.0933805713732
169.36,0.002033905841953,-3.185064825333058e-05,-1532.4277813264584
169.37,0.0020336193080107,-2.5459410772491788e-05,-1544.3424620954017
169.38,0.0020333965890608,-1.908757562831667e-05,-1555.6105482156156
169.39,0.0020332374932971,-1.2734700106663683e-05,-1566.219905820292
169.4,0.0020331418333196,-6.400345619987646e-06,-1576.1587084803643
169.41,0.0020331094260939,-8.414861667353202e-08,-1585.29906334501
169.42,0.0020331400929096,6.214903323330969e-06,-1593.6820779369912
169.43,0.0020332336678511,1.249712694834975e-05,-1601.6524027502978
169.44,0.0020333899789784,1.8762307475821863e-05,-1608.5926694570385
169.45,0.0020336088594105,2.501111777250094e-05,-1614.7526420296222
169.46,0.0020338901484877,3.124409100250675e-05,-1620.2366244555355
169.47,0.0020342336897928,3.746163350083461e-05,-1624.9189438552917
169.48,0.0020346393311165,4.3664164225000034e-05,-1628.8096314843606
169.49,0.0020351069244208,4.9852098589161543e-05,-1632.0126423550582
169.5,0.0020356363258047,5.602582309334528e-05,-1634.000547962265
169.51,0.0020362273954677,6.218589408833554e-05,-1633.8028885889375
169.52,0.0020368800007205,6.833319268917002e-05,-1636.0452604069815
169.53,0.0020375940164566,7.446761648499552e-05,-1637.1470513418662
169.54,0.0020383693105932,8.058921134748435e-05,-1634.6576099806477
169.55,0.0020392057604711,8.669878755666247e-05,-1633.1503374729602
169.56,0.0020401032474748,9.279670340002532e-05,-1630.5744252182133
169.57,0.0020410616570026,9.888335879000391e-05,-1627.2279489021794
169.58,0.0020420808784372,0.00010495915065831535,-1623.0642638948464
169.59,0.0020431608051155,0.00011102447294333909,-1619.2116881372763
169.6,0.002044301334299,0.00011707960826334346,-1607.8985199521644
169.61,0.0020455023671438,0.0001231258571624952,-1603.5039597498014
169.62,0.002046763821672,0.00012916324629832246,-1602.2982749087657
169.63,0.00204808560124,0.00013519121559667024,-1590.8129182016962
169.64,0.0020494676175128,0.00014121068078584261,-1581.966387665099
169.65,0.0020509097879986,0.00014722210574248358,-1572.8953455242147
169.66,0.0020524120340465,0.0001532258567900108,-1563.02456407866
169.67,0.0020539742808205,0.00015922231410333055,-1552.5391189246418
169.68,0.0020555964572732,0.00016521185524496763,-1541.45444548262
169.69,0.0020572784961198,0.00017119485514084063,-1529.7681074193786
169.7,0.0020590203338115,0.00017717168611749702,-1518.0528979969292
169.71,0.00206082191051,0.0001831426767374865,-1504.1189770610897
169.72,0.0020626831700607,0.00018910840381916567,-1480.6421427575146
169.73,0.0020646040649049,0.00019507027837335363,-1476.7266372335528
169.74,0.0020665845605124,0.00020102759407667533,-1470.1648915825294
169.75,0.0020686246007188,0.00020697987849248298,-1446.2303487492595
169.76,0.0020707241452827,0.00021292842520248605,-1432.6613963649243
169.77,0.0020728831576482,0.00021887349987001858,-1417.0783996441357
169.78,0.0020751016049233,0.00022481546784501117,-1401.2133392524645
169.79,0.0020773794578592,0.00023075469240000523,-1385.0248183468877
169.8,0.0020797166908293,0.0002366915347041682,-1368.5390606070898
169.81,0.0020821132818082,0.00024262635383331174,-1351.6802441371588
169.82,0.0020845692123508,0.000248559506764167,-1336.9202243252107
169.83,0.0020870844675712,0.0002544912205175125,-1308.1735839070168
169.84,0.0020896590361216,0.00026042287266749876,-1290.0837192467015
169.85,0.0020922929255125,0.0002663548404975048,-1288.1258024611575
169.86,0.0020949861311611,0.0002722860906625101,-1266.9812120409024
169.87,0.0020977386470275,0.00027821720936084624,-1244.188653131722
169.88,0.0021005504773621,0.00028414898822249094,-1227.029643413797
169.89,0.0021034216299972,0.00029008172891167893,-1208.7571583491751
169.9,0.002106352116332,0.00029601578735582513,-1190.4643467654887
169.91,0.0021093419513173,0.000301951517947501,-1172.1264278447911
169.92,0.0021123911534402,0.00030788927356832294,-1153.7555859425227
169.93,0.0021154997447091,0.00031382940557580835,-1135.4230088809968
169.94,0.0021186677506382,0.000319772254925028,-1119.221120111974
169.95,0.0021218952002322,0.00032571808876915437,-1083.866783922183
169.96,0.002125182127034,0.000331668570269152,-1076.7055768279545
169.97,0.0021285285852232,0.00033762315987666703,-1072.3219443350797
169.98,0.0021319346021339,0.0003435810670541566,-1040.510946313025
169.99,0.0021354002218462,0.00034954366901082526,-1024.5550310749777
170.0,0.0021389254919715,0.0003555112083608411,-1006.379688886005
170.01,0.0021425104636427,0.000361484036672512,-988.4131956149412
170.02,0.0021461551915026,0.00036746250445415395,-970.572391271064
170.03,0.0021498597336943,0.00037344696116832645,-952.8689441713861
170.04,0.0021536241518498,0.00037943775520834176,-935.2611424022612
170.05,0.0021574485110801,0.0003854352339174911,-918.9643259624654
170.06,0.002161332879964,0.0003914396856758365,-896.7692100925599
170.07,0.0021652773305378,0.0003974518771858456,-874.679598279132
170.08,0.0021692819452303,0.0004034725318858378,-868.4580980903731
170.09,0.0021733468079482,0.0004095011465383261,-854.0139945478569
170.1,0.0021774719954209,0.0004155378501516451,-831.3899840624985
170.11,0.002181657594478,0.0004215834668416608,-816.094687692924
170.12,0.0021859036954505,0.00042763829147416516,-799.8748303982802
170.13,0.002190210392164,0.0004337026731733382,-783.9134328832829
170.14,0.002194577781932,0.0004397769603975154,-768.1676814322187
170.15,0.0021990059655492,0.00044586150091250156,-752.6415993799536
170.16,0.0022034950472844,0.00045195664178332385,-737.2421728320296
170.17,0.0022080451348737,0.00045806272941666755,-724.3023131313039
170.18,0.002212656339514,0.0004641799991224992,-697.7944355645105
170.19,0.002217328775856,0.0004703097308499835,-688.2063243857177
170.2,0.0022220625752481,0.00047645186208085724,-684.9405064867707
170.21,0.0022268578530445,0.0004826058013674867,-663.179178800497
170.22,0.0022317147335723,0.0004887724752058178,-649.0813911021744
170.23,0.0022366333462855,0.000494952283579163,-635.5117376731821
170.24,0.0022416138241514,0.0005011455642583384,-621.9680359418732
170.25,0.0022466563036478,0.0005073526681325223,-608.6693840623551
170.26,0.0022517609247597,0.0005135739457524877,-595.603947596721
170.27,0.002256927830976,0.000519809747374163,-582.7439847399872
170.28,0.0022621571692867,0.0005260604229058159,-570.6857547627609
170.29,0.0022674490901789,0.0005323262875258493,-556.7406950404244
170.3,0.0022728037476342,0.0005386078815633582,-535.9633371858883
170.31,0.0022782213032529,0.0005449062928883385,-533.2746945611427
170.32,0.0022837019280911,0.000551221058816664,-527.6743570971715
170.33,0.0022892457786875,0.0005575519514341517,-508.360910308796
170.34,0.002294853024053,0.0005638999981333536,-498.3672732783691
170.35,0.002300523836776,0.0005702654825708313,-487.22233839911775
170.36,0.0023062583930231,0.0005766487626008188,-476.35230472275566
170.37,0.0023120568725398,0.0005830501961550125,-465.69851580475887
170.38,0.0023179194586513,0.0005894701412300379,-455.2588815733179
170.39,0.002323846338263,0.0005959089558699908,-444.9657263101697
170.4,0.0023298377018611,0.0006023669982199966,-436.36242837300256
170.41,0.0023358937435138,0.000608844538496648,-419.2395052930839
170.42,0.0023420146608713,0.0006153426478983412,-410.0866831497737
170.43,0.002348200665725,0.0006218616396091721,-410.0361082182343
170.44,0.0023544519618029,0.0006284009416375115,-398.23968631826807
170.45,0.0023607687542135,0.0006349611216708326,-386.80851916881795
170.46,0.0023671512557828,0.0006415427997400174,-378.475649227134
170.47,0.0023735996829637,0.0006481463044324838,-369.80168534621833
170.48,0.0023801142558357,0.0006547719983983072,-361.3391117852703
170.49,0.0023866951981048,0.0006614202443016616,-353.0152085723537
170.5,0.0023933427371038,0.0006680914048283543,-345.8554690982126
170.51,0.0024000571037923,0.0006747857732558427,-334.4348834102906
170.52,0.0024068385327563,0.0006815041582450053,-317.44139539123654
170.53,0.0024136872705341,0.0006882478918900064,-322.3108613067596
170.54,0.0024206035720488,0.0006950159926558286,-320.9473235190491
170.55,0.0024275876711055,0.0007018081020249991,-304.62204187923436
170.56,0.0024346398182088,0.0007086255555066806,-299.0704845762175
170.57,0.0024417602675711,0.0007154686156249867,-292.0607764066273
170.58,0.0024489492771128,0.000722337653193316,-285.27763261775414
170.59,0.0024562071084625,0.0007292330390258299,-278.6492066054196
170.6,0.0024635340269568,0.0007361551438991655,-272.04458768014206
170.61,0.00247093030164,0.0007431043352300103,-269.4343299792907
170.62,0.0024783962052649,0.0007500807144008334,-241.29192044297542
170.63,0.0024859320146997,0.0007570872197541406,-248.7906243584827
170.64,0.0024935380457063,0.0007641226218508444,-260.8984115004434
170.65,0.0025012145588007,0.0007711850309408514,-238.18522837351804
170.66,0.0025089618434508,0.0007782767871758236,-235.2687493367043
170.67,0.0025167801929428,0.0007853980629858217,-229.6275931838079
170.68,0.002524669904382,0.0007925492402433487,-224.23530458491095
170.69,0.002532631278692,0.0007997307007958411,-218.97219619874247
170.7,0.0025406646206152,0.0008069428265366473,-213.70196316945587
170.71,0.0025487702387129,0.000814185999328343,-211.62340979784182
170.72,0.0025569484453648,0.000821460346648344,-191.64704455864015
170.73,0.0025651995567694,0.0008287683068550053,-187.5701027309546
170.74,0.0025735239234694,0.0008361101715408184,-202.3863100843773
170.75,0.0025819218667271,0.0008434836157941478,-192.70772541883707
170.76,0.0025903937044415,0.0008508895958516895,-183.0841255829619
170.77,0.0025989397706509,0.0008583292794050014,-179.79358130853115
170.78,0.0026075604033576,0.0008658029613566882,-175.4808338089855
170.79,0.0026162559445273,0.0008733110380883135,-171.3237971096951
170.8,0.0026250267400899,0.0008808539059824824,-167.20031466511702
170.81,0.0026338731399387,0.0008884319613991795,-164.66697051753036
170.82,0.0026427954979309,0.0008960454502283163,-155.5844480124195
170.83,0.0026517941718874,0.0009036957266891686,-137.26114106446028
170.84,0.0026608695416521,0.0009113853730191587,-152.8161632445194
170.85,0.0026700220025056,0.0009191118192366386,-158.82915403842497
170.86,0.0026792518981142,0.0009268738240158198,-141.1617404343439
170.87,0.0026885596052758,0.000934673957325853,-140.1355529144928
170.88,0.0026979455049318,0.000942512391956671,-136.67508706332367
170.89,0.0027074099821673,0.0009503895422991801,-133.40569426681105
170.9,0.0027169534262114,0.0009583058227291733,-130.21953333512064
170.91,0.0027265762304367,0.0009662616476008279,-126.91107113591421
170.92,0.0027362787923595,0.0009742574278825063,-129.03967304935586
170.93,0.00274606151364,0.0009822930245916763,-96.51980037075585
170.94,0.0027559248004919,0.0009903738774608454,-111.69428742690756
170.95,0.0027658691325449,0.0009984973039758387,-133.1492232584982
170.96,0.0027758948783034,0.0010066592877199863,-107.68315493827765
170.97,0.0027860024596549,0.0010148640866833097,-108.65431458409171
170.98,0.0027961923028455,0.001023111728177491,-105.86688755215984
170.99,0.0028064648384797,0.0010314026480458434,-103.30559429293068
171.0,0.0028168205015205,0.0010397372821408391,-100.81314397852562
171.01,0.0028272597312894,0.0010481160662983435,-98.17984605728441
171.02,0.0028377829714662,0.0010565394363783235,-100.37031187774303
171.03,0.0028483906700895,0.001065007248971663,-74.51592819972814
171.04,0.0028590832795559,0.0010735246524758253,-74.36760616237439
171.05,0.0028698613261304,0.0010820916648775294,-103.1548660222393
171.06,0.0028807252614963,0.0010907023662891666,-92.33581316385182
171.07,0.0028916755258274,0.0010993586451158266,-81.93814171672324
171.08,0.0029027125931772,0.0011080628018074802,-81.65627585961677
171.09,0.0029138369421637,0.0011168150485474943,-79.59122535753816
171.1,0.0029250490559698,0.0011256158417816769,-77.6623084504546
171.11,0.0029363494223425,0.0011344656379633383,-75.78723930656544
171.12,0.0029477385335938,0.0011433648935666634,-73.96479684853647
171.13,0.0029592168866001,0.0011523140650483493,-72.00970656644111
171.14,0.0029707849828026,0.0011613136088841638,-74.1711151322071
171.15,0.0029824433282071,0.00117036338224836,-54.837871454325764
171.16,0.0029941924333837,0.0011794682503608437,-37.285022414056904
171.17,0.0030060328853791,0.0011886322997324938,-74.47723852597632
171.18,0.0030179652501353,0.0011978467611825003,-79.87634809359587
171.19,0.003029989986252,0.0012071099821941694,-56.876824302468535
171.2,0.003042107629025,0.0012164275753858496,-59.230427070252595
171.21,0.0030543187186334,0.0012257994306833196,-57.604510151988414
171.22,0.0030666238001402,0.0012352260364424878,-56.190771170105414
171.23,0.0030790234234916,0.0012447078810041783,-54.81886527732917
171.24,0.0030915181435175,0.0012542454527316618,-53.48779115872471
171.25,0.0031041085199313,0.0012638392399775037,-52.09056656683594
171.26,0.00311679511733,0.0012734897311108477,-52.85805029071284
171.27,0.0031295785051943,0.0012831970097675048,-46.2936464391604
171.28,0.0031424592578882,0.0012929637101783287,-8.958019511507656
171.29,0.0031554380032248,0.0013028000108191485,-47.441073024591084
171.3,0.0031685154563526,0.0013126954496974646,-72.5140431591965
171.31,0.0031816920916112,0.00132264265550083,-37.618277411684545
171.32,0.0031949685110157,0.0013326513471250176,-42.2262730314215
171.33,0.0032083453218695,0.001342721033490812,-40.91708893038999
171.34,0.003221823136764,0.0013528522434024962,-39.8871866803725
171.35,0.0032354025735787,0.0013630455056583462,-38.8902424810719
171.36,0.003249084255481,0.0013733013490641768,-37.925339174930386
171.37,0.0032628688109265,0.0013836203024250153,-36.973769449722276
171.38,0.0032767568736587,0.0013940028945458164,-36.043201071975865
171.39,0.0032907490827093,0.001404449574203331,-42.50529092783703
171.4,0.0033048460823979,0.0014149596216716997,10.579144931922663
171.41,0.0033190485319357,0.0014255500433800032,-24.873682491186837
171.42,0.0033333573128693,0.001436209711058318,-66.41391953861398
171.43,0.0033477729212749,0.0014469246539816657,-23.312206055707918
171.44,0.0033622960317845,0.001457708787628332,-29.440341257342666
171.45,0.0033769273247795,0.0014685612468841734,-28.379808397007064
171.46,0.0033916674863907,0.0014794826066983349,-27.64051808884686
171.47,0.0034065172084984,0.00149047344199333,-26.92733413544733
171.48,0.0034214771887319,0.0015015343276849858,-26.23936868662649
171.49,0.0034365481304699,0.0015126658387166942,-25.575929527613095
171.5,0.0034517307428405,0.0015238685500308527,-24.591303619768333
171.51,0.0034670257407212,0.0015351430365483087,-31.647682063213008
171.52,0.0034824338447386,0.0015464880170783452,10.656427604896447
171.53,0.0034979557812689,0.0015579198019416633,-6.923060077555815
171.54,0.0035135925051727,0.0015694321028558427,-48.300534566943554
171.55,0.003529344647961,0.001581008734996667,-21.28627738761664
171.56,0.0035452129259327,0.0015926598394966555,-18.60704530892737
171.57,0.0035611980991493,0.0016043875759733197,-19.086148490241605
171.58,0.0035773009339395,0.0016161922586491574,-18.513355595611696
171.59,0.0035935222028986,0.0016280745142208705,-18.014700266540483
171.6,0.0036098626848892,0.001640034969377506,-17.536103012011942
171.61,0.0036263231650404,0.0016520742508074966,-17.07687287473497
171.62,0.0036429044347486,0.0016641929852141647,-16.395530583296264
171.63,0.0036596072916769,0.001676391799285842,-21.220909126950044
171.64,0.0036764325397555,0.0016886697887724816,5.848782792039634
171.65,0.0036933809891813,0.0017010398531466394,7.339737665842279
171.66,0.0037104536401311,0.001713503102896666,-30.40829198225007
171.67,0.0037276513123041,0.0017260423301758436,-22.901350960295467
171.68,0.0037449747523903,0.0017386605886374948,-10.091296350770582
171.69,0.0037624248076338,0.001751364695028313,-12.213707585317865
171.7,0.0037800023321322,0.0017641545538241489,-11.746663448092868
171.71,0.0037977081868359,0.0017770308503016786,-11.409003761203145
171.72,0.0038155432395482,0.0017899942697708312,-11.087385218559124
171.73,0.0038335083649256,0.0018030454975258069,-10.781233288083559
171.74,0.0038516044444773,0.0018161852188516704,-10.381648380864972
171.75,0.0038698323665656,0.0018294141190708475,-12.351797075081798
171.76,0.003888193026406,0.001842732069408349,-2.575596489500315
171.77,0.0039066873260667,0.0018561454364166572,11.722654660653998
171.78,0.0039253162721571,0.0018696623760533111,-12.221989366947168
171.79,0.0039440808802044,0.0018832703745666943,-19.861510839879656
171.8,0.0039629819743812,0.001896965133890842,-4.500223737426717
171.81,0.0039820204989115,0.0019107556380291788,-6.862923069064083
171.82,0.004001197405747,0.0019246417237316852,-6.4945468464228275
171.83,0.0040205136545673,0.001938624163783344,-6.25491650553638
171.84,0.0040399702127798,0.0019527037309799724,-5.954867005928327
171.85,0.0040595680555199,0.001966881198072509,-7.307664684254393
171.86,0.0040793081656502,0.0019811566927916656,-0.12163697018813115
171.87,0.0040991915337618,0.0019955356645541475,7.248236771348131
171.88,0.00411921923558,0.002010023295068323,-7.733416780427248
171.89,0.0041393923352118,0.0020246108030633073,-10.945054023471142
171.9,0.004159711781842,0.0020392963440067175,-2.2590428219966228
171.91,0.0041801786074902,0.0020540861251349633,-3.581938061818298
171.92,0.0042007938525264,0.0020689803607766726,-3.345604046747989
171.93,0.0042215585656708,0.0020839798859366896,-3.1871722487857896
171.94,0.0042424738039936,0.0020990855356324933,-2.9709412371310613
171.95,0.0042635406329154,0.0021142981449175004,-4.31060048053339
171.96,0.0042847601262073,0.0021296178547433064,2.674177607647401
171.97,0.0043061333659903,0.002145050687600801,7.5765436908066865
171.98,0.0043276615260236,0.0021606008784358483,-5.318497724602627
171.99,0.0043493457489337,0.002176259787391708,-6.804396015730992
172.0,0.0043711870843422,0.002192026617892518,-0.21189002803040338
172.01,0.0043931866580521,0.0022079070367599777,-1.2707796786166448
172.02,0.0044153456048237,0.0022239013795216558,-1.1179827068676371
172.03,0.0044376650683745,0.002240010541871662,-1.0266022375197077
172.04,0.0044601462013788,0.002256235419520014,-0.8651904142936988
172.05,0.0044827901654683,0.0022725769081925447,-2.4984829476384847
172.06,0.0045055981312317,0.002289034984820815,5.759859645814121
172.07,0.0045285712782146,0.0023056175850633205,9.46044749189429
172.08,0.0045517109051707,0.0023223286095174775,-4.295269984395601
172.09,0.0045750182467727,0.002339157307801675,-4.558215319919994
172.1,0.0045984944465544,0.0023561037341425523,1.5323984206385155
172.11,0.004622140732348,0.0023731740499483706,0.47731862786892193
172.12,0.004645958341676,0.0023903686025425084,0.5792328989337775
172.13,0.0046699485217517,0.0024076883609941337,0.6232474465219644
172.14,0.0046941125294789,0.0024251342943508248,0.7467051233490651
172.15,0.0047184516314519,0.0024427073716624934,-1.1146408829073828
172.16,0.0047429671039555,0.002460407394168319,8.226011766754365
172.17,0.004767660232965,0.0024782444668432968,10.51987412960863
172.18,0.0047925324542835,0.002496221757171655,-3.619202146713923
172.19,0.0048175850980547,0.002514326402619143,-2.536918413567726
172.2,0.0048428194138125,0.00253255973140837,2.8063271812300083
172.21,0.0048682367408827,0.002550928180519176,1.8152319681330484
172.22,0.0048938384291385,0.0025694321443199613,1.8778301020652466
172.23,0.0049196258390004,0.002588072677508294,1.8877505629672102
172.24,0.0049456003414357,0.0026068508348050037,1.9804586149646743
172.25,0.0049717633179593,0.00262576767094419,0.026911996029244722
172.26,0.0049981161606331,0.0026448228547867,9.847188120875675
172.27,0.0050246602720663,0.0026640284748025013,10.641055736395638
172.28,0.0050513972317173,0.002683386535019173,-2.974326979905883
172.29,0.0050783284696566,0.002702882670925037,-0.6420476495860801
172.3,0.0051054553571532,0.002722519826319999,3.6493204902594716
172.31,0.0051327793550425,0.002742304290229104,2.7911214726917466
172.32,0.0051603019356461,0.002762236560631657,2.8196927733619375
172.33,0.0051880245827723,0.0027823177861825772,2.80330242285347
172.34,0.0052159487917158,0.0028025491155533157,2.8704109732977128
172.35,0.0052440760692582,0.0028229316973724886,0.8856987591086904
172.36,0.0052724079336669,0.0028434650779407865,10.900248899099068
172.37,0.0053009459146964,0.002864163356902505,10.34076353836194
172.38,0.0053296917458685,0.0028850271078374777,-2.475049825050407
172.39,0.0053586469640427,0.0029060406544366485,0.9183112040987244
172.4,0.0053878130754968,0.002927208803935883,4.171126483475458
172.41,0.0054171916731904,0.0029485374923541533,3.45497100195862
172.42,0.0054467843625778,0.0029700273509524473,3.4550940498158074
172.43,0.0054765927616082,0.002991679629169186,3.4181038615505295
172.44,0.0055066185007249,0.0030134955764999716,3.4663986270099576
172.45,0.0055368632228669,0.003035476442447469,1.4334646900874932
172.46,0.0055673285834674,0.003057621599234211,11.742566479229684
172.47,0.0055980162504545,0.003079947668497467,9.97992613234686
172.48,0.0056289281295176,0.0031024535024432973,-2.2757619749454077
172.49,0.0056600658710488,0.003125121673160887,2.1013071495788718
172.5,0.0056914311279286,0.003147959235647527,4.4757769593884635
172.51,0.0057230256369632,0.0031709717446515963,3.880381853055809
172.52,0.0057548511485551,0.0031941599736958477,3.8588168918243007
172.53,0.0057869094267026,0.0032175252823875506,3.8066036520611854
172.54,0.0058192022490003,0.00324106903030997,3.8417482811359247
172.55,0.0058517314066383,0.003264792577086674,1.7572184783241842
172.56,0.0058844987044035,0.003288695070585004,12.395719458060578
172.57,0.0059175059606778,0.003312796189969978,9.533814580059126
172.58,0.0059507552728461,0.003337092670399936,-2.278077445623533
172.59,0.0059842484113827,0.003361564946077488,3.0203220685082246
172.6,0.0060179871895947,0.003386222803387487,4.614072090966241
172.61,0.0060519735011373,0.0034110713129050126,4.128532048491165
172.62,0.0060862092544764,0.003436111409506713,4.0906164716694144
172.63,0.0061206963728877,0.0034613445741858173,4.027807351842019
172.64,0.0061554367944571,0.003486772287962514,4.028999859735693
172.65,0.0061904324720806,0.003512396031830828,2.462159903648849
172.66,0.0062256853734641,0.003538215385242454,10.30323714999916
172.67,0.006261197481124,0.0035642475688258037,8.069341367740638
172.68,0.0062969710205752,0.0035904899965475637,-0.05068261002557737
172.69,0.0063330079407103,0.003616927532791653,3.9617627897365346
172.7,0.0063693102505688,0.003643569233700792,4.635921363244228
172.71,0.0064058800171378,0.003670418805660042,4.358937924198499
172.72,0.0064427193239511,0.003697477558354988,4.349327045989274
172.73,0.0064798302710895,0.003724747146424151,3.5640020798413348
172.74,0.0065172149751798,0.0037522281667983835,7.164948062388005
172.75,0.0065548755693965,0.0037799306892575047,7.337406351977975
172.76,0.0065928143303913,0.0038078570193475175,2.601661639725044
172.77,0.0066310334300706,0.0038359980054708358,3.4872942199578154
172.78,0.0066695350182509,0.0038643569846441113,4.72312736944384
172.79,0.0067083213116168,0.003892938929118397,4.406222758253324
172.8,0.0067473945446036,0.0039217452046983285,4.379580279176908
172.81,0.006786756969398,0.003950777586445787,3.859923814477834
172.82,0.0068264108559367,0.0039800370829191425,5.9110913799554705
172.83,0.0068663584919081,0.004009531190953298,7.268283478267963
172.84,0.0069066022747341,0.0040392653807425506,3.5125988078164725
172.85,0.0069471445768628,0.004069231870086729,3.0138256623553366
172.86,0.0069879876898852,0.00409943085302668,4.693358792627997
172.87,0.0070291339887065,0.0041298688077916566,4.317254202778649
172.88,0.0070705858671205,0.004160547086391641,4.280810683897698
172.89,0.0071123457378102,0.004191467577754977,3.8822493231493813
172.9,0.0071544160323478,0.0042226315202200165,5.101150172055332
172.91,0.0071967992011943,0.004254045109456678,7.743163632365261
172.92,0.0072394977917669,0.004285718073720836,4.01278454035392
172.93,0.0072825144000282,0.00431764167580997,2.277347007249104
172.94,0.0073258514541725,0.00434981237794249,4.698073038966275
172.95,0.0073695114993419,0.00438223941238579,4.209924609466977
172.96,0.0074134971009234,0.00441492399778169,4.170251647404841
172.97,0.0074578108445491,0.004447868158653345,3.9101082928369717
172.98,0.0075024553360963,0.004481073456405009,4.248330053158496
172.99,0.0075474332016867,0.004514544148683319,8.086486595569129
173.0,0.0075927471432556,0.0045482949665174525,4.521186488472415
173.01,0.0076384000039815,0.004582316565176751,1.607407785094618
173.02,0.0076843943584726,0.004616600918090811,4.683418859625246
173.03,0.0077307329356015,0.004651160352293275,4.101031959973935
173.04,0.0077774184860447,0.0046859959443591856,4.059814632572366
173.05,0.0078244537822831,0.004721109874758402,3.940120565041383
173.06,0.0078718416186023,0.004756504115155041,3.4558068614768547
173.07,0.0079195848110913,0.004792180499412442,8.105564541310327
173.08,0.0079676862226917,0.004828158519540052,4.934190850432138
173.09,0.0080161489550688,0.004864429050414971,1.154464908331947
173.1,0.0080649757480775,0.0049009796838132835,4.604173032342116
173.11,0.0081141695281279,0.004937825491058362,3.9730886126759737
173.12,0.0081637332451069,0.004974967460777486,3.930698114982423
173.13,0.008213669872377,0.00501240794056005,3.9013905453434563
173.14,0.008263982406777,0.005050149278014912,2.9447421397422424
173.15,0.0083146738686215,0.005088191459734117,7.710699032118978
173.16,0.0083657473017011,0.0051265569431376175,5.214717946062411
173.17,0.0084172060566017,0.005165238165034224,1.0629830158473825
173.18,0.0084690530774421,0.005204219456409889,4.316145183411475
173.19,0.0085212914947454,0.005243516795482552,3.845288831632824
173.2,0.0085739244720815,0.005283131818550038,3.7795209899027604
173.21,0.008626955198259,0.005323066984393238,3.743695292680747
173.22,0.0086803868873249,0.005363324816902481,2.9870352289923203
173.23,0.0087342227785654,0.005403905744295846,6.553072010710814
173.24,0.0087884661365044,0.005444829674010043,5.41956935022707
173.25,0.0088431205023795,0.005486094323959266,1.6996657399496138
173.26,0.0088981891169565,0.005527684079782482,3.551541348653624
173.27,0.0089536753033071,0.005569610095020787,3.7700393609744114
173.28,0.0090095824543513,0.005611877114590954,3.609751676020487
173.29,0.0090659139901354,0.005654487495104112,3.5719856016554057
173.3,0.009122673357832,0.005697443949210764,2.9835011014048014
173.31,0.0091798640317402,0.005740747364100047,5.542997119205057
173.32,0.0092374895132844,0.005784415022374928,5.5620808335843055
173.33,0.0092955535500626,0.005828450349118237,2.199420169088203
173.34,0.0093540597017262,0.0058728376286858956,2.8700923513518934
173.35,0.0094130114973804,0.005917582833830073,3.6733463816569523
173.36,0.0094724125763845,0.0059626941091808485,3.4335677732837406
173.37,0.0095322666072694,0.006008173696156588,3.3946228724761016
173.38,0.0095925772877365,0.006054024511793346,2.9545866864922345
173.39,0.0096533483446576,0.006100247952185043,4.634060997782269
173.4,0.0097145835340749,0.0061468583510667155,5.6395112269478185
173.41,0.0097762868237144,0.00619386541259095,2.6080907871113146
173.42,0.0098384621180629,0.006241253381779029,2.2638153572805426
173.43,0.0099011131670507,0.006289022511667391,3.560738543497823
173.44,0.0099642438749518,0.006337184662893449,3.2550143698331278
173.45,0.0100278581774255,0.0063857419492066875,3.2154524914316394
173.46,0.0100919600415141,0.006434697508962434,2.9064801879855775
173.47,0.0101565534656443,0.0064840533044317784,3.8184999721824773
173.48,0.0102216424796267,0.006533820350723392,5.652110775938363
173.49,0.0102872312857945,0.0065840151848340495,2.9363703395190597
173.5,0.0103533241606289,0.006634622147792452,1.7326701013976527
173.51,0.0104199250914818,0.006685635239346624,3.434317507968343
173.52,0.01048703826739,0.0067370703224350036,3.0758514113616564
173.53,0.0105546679111617,0.0067889293748858515,3.036075558821696
173.54,0.0106228182793759,0.006841215773784135,2.840691528761923
173.55,0.0106914936623827,0.0068939321013700644,3.0954617835424063
173.56,0.0107606983843039,0.006947085715930824,5.6119342238600645
173.57,0.0108304368984213,0.007000700542403315,3.1888346468838504
173.58,0.010900713881773,0.007054761116157514,1.2703697596216292
173.59,0.0109715335770471,0.0071092546582799745,3.2973148496953195
173.6,0.0110429004793714,0.007164201331048417,2.897694668394812
173.61,0.0111148191202149,0.007219602967859096,2.857419657489916
173.62,0.0111872940673896,0.007275463202985001,2.768402665140096
173.63,0.0112603299250496,0.007331785372940023,2.502590413637421
173.64,0.0113339313336908,0.007388572798799131,4.970377023869058
173.65,0.0114081030058717,0.00744585203557182,3.3687019486463035
173.66,0.0114828499781105,0.007503613023878298,1.3835072148969907
173.67,0.0115581768361386,0.007561840839610046,3.159428137999945
173.68,0.0116340884129606,0.007620555777779218,2.842037017034633
173.69,0.0117105895839193,0.00767976037807077,2.826802259696561
173.7,0.0117876852670226,0.007739458923142466,2.799040674740128
173.71,0.0118653804232661,0.007799655727985843,2.7725388098229606
173.72,0.0119436800569579,0.007860355140110837,2.7154390906770582
173.73,0.0120225892160434,0.007921561312974211,2.7607389442331147
173.74,0.0121021129924277,0.007983279834410844,3.2502041461606517
173.75,0.0121822565494676,0.008045520656141695,2.726812508738164
173.76,0.0122630251442222,0.008108282972106643,2.3337612771198266
173.77,0.0123444239516624,0.008171567040584976,2.740325014209232
173.78,0.0124264582533333,0.008235382094652518,2.6447156677976245
173.79,0.0125091333774862,0.008299732321683352,2.623579035073441
173.8,0.0125924546994543,0.008364622448669054,2.5991690029286314
173.81,0.0126764276420284,0.008430057240034252,2.575600921806077
173.82,0.0127610576758306,0.008496041497816695,2.5292695902954234
173.83,0.0128463503196925,0.008562579878510813,2.5928331325653056
173.84,0.0129323111410291,0.008629678512330813,2.715906183919485
173.85,0.0130189457781951,0.008697344180151714,2.465499297327156
173.86,0.0131062599223717,0.00876557897966929,2.3573680235063064
173.87,0.0131942592688151,0.008834386695870765,2.47858429342358
173.88,0.0132829495884288,0.008903774255769936,2.430000231514476
173.89,0.0133723367031474,0.0089737465740534,2.407271355480712
173.9,0.0134624264863377,0.009044308813998326,2.3832666451326983
173.91,0.0135532248631999,0.009115466179011647,2.3604753537395675
173.92,0.013644737811169,0.009187223912672588,2.3060267514318604
173.93,0.0137369713603164,0.009259587008319126,2.4247960926028918
173.94,0.013829931593749,0.009332563001803284,2.466885464237823
173.95,0.0139236246828416,0.00940615827069422,2.2126009667218236
173.96,0.0140180568311542,0.009480374762788315,2.183402751640859
173.97,0.0141132342670747,0.009555217690887418,2.258521760935631
173.98,0.0142091632960792,0.009630694125857528,2.2172462451213977
173.99,0.0143058502793351,0.009706809476615912,2.194728495516787
174.0,0.0144033016341345,0.009783569377110751,2.1712322737709115
174.01,0.0145015238343232,0.009860979504193299,2.1498344514868357
174.02,0.0146005234107307,0.009939045577801717,2.0766432927977507
174.03,0.0147003069516015,0.010017772810762531,2.3059722752931813
174.04,0.0148008811030247,0.010097171453020849,2.264621280978711
174.05,0.0149022526353837,0.010177247123549144,1.9405205410600852
174.06,0.0150044283066258,0.010258000345200038,2.0100527751380244
174.07,0.0151074149255844,0.010339438472011702,2.055433357397618
174.08,0.0152112193832063,0.010421568913324174,2.019019464068407
174.09,0.0153158486313863,0.01050439760739083,1.997731057929622
174.1,0.0154213096834421,0.010587930719963248,1.975638262892247
174.11,0.0155276096145839,0.010672174464142696,1.9561487145220584
174.12,0.0156347555623915,0.010757135100419955,1.8733965594306696
174.13,0.0157427547272844,0.01084281815351827,2.1745999752773773
174.14,0.0158516143729957,0.01092923653681083,2.032343229484154
174.15,0.0159613419209953,0.011016394315421698,1.7026526981259538
174.16,0.0160719447276614,0.011104291403841513,1.8728173943143276
174.17,0.0161834302467594,0.011192938053579897,1.8616585864212232
174.18,0.0162958060106475,0.011282341371802486,1.835328768628079
174.19,0.0164090796184545,0.011372507959039966,1.815288180937066
174.2,0.0165232587366059,0.011463444570884313,1.7948190029054958
174.21,0.0166383510993418,0.011555158014910055,1.7757748704765715
174.22,0.0167543645092398,0.011647655146242511,1.7155208852094457
174.23,0.0168713068377365,0.011740942288549923,1.9185762627688139
174.24,0.0169891860262144,0.011835031717729948,1.7871128319306344
174.25,0.0171080101605126,0.011929927901266867,1.5892973160707236
174.26,0.017227787285321,0.012025633460220071,1.7243044087483732
174.27,0.0173485255624373,0.012122159200187381,1.681850055844072
174.28,0.0174702332263856,0.012219512048567353,1.6646734094747675
174.29,0.0175929185850069,0.012317699366568303,1.6471818113256136
174.3,0.0177165900200497,0.012416728574560857,1.6119107336268808
174.31,0.0178412559877619,0.01251660685587759,1.6843714638925467
174.32,0.0179669250194783,0.012617344228106012,1.6306869342133687
174.33,0.0180936057577304,0.01271894737468841,1.533928716723977
174.34,0.018221306872425,0.012821421715346771,1.5719540478419092
174.35,0.0183500371263729,0.012924776474804948,1.5513346246313717
174.36,0.0184798053627767,0.013029019499614127,1.5333122169371611
174.37,0.0186106205035674,0.013134158674664241,1.516429176358693
174.38,0.0187424915500273,0.013240201966460119,1.4875524050847826
174.39,0.018875427583418,0.01334715717582824,1.5297032228328942
174.4,0.0190094377656063,0.013455034274997373,1.4971497541915988
174.41,0.0191445313671,0.013563840992663185,1.4222592252622415
174.42,0.0192807177064836,0.013673583686412642,1.435671513886279
174.43,0.0194180061913168,0.01378427156542841,1.422706192812215
174.44,0.0195564063169712,0.013895913221705804,1.4044282749008612
174.45,0.0196959276631494,0.014008517086587426,1.3880542287205326
174.46,0.0198365798945397,0.014122091691523593,1.3602328807367874
174.47,0.0199783727614743,0.014236645383263377,1.3985629549045155
174.48,0.0201213161005876,0.014352188843327318,1.3775868481807547
174.49,0.020265419865541,0.014468730709744974,1.3004241707564854
174.5,0.020410694065874,0.014586277557915826,1.3048269437300846
174.51,0.0205571487985961,0.01470483895134178,1.2995044348357567
174.52,0.0207047942580785,0.014824424350912541,1.2808025535711192
174.53,0.020853640729016,0.014945042759373334,1.2650492210747093
174.54,0.0210036985871237,0.015066703313539043,1.2401227541218414
174.55,0.0211549782998329,0.015189414989548282,1.266350148128225
174.56,0.021307490426989,0.015313188868212434,1.257401182973017
174.57,0.0214612456491926,0.015438034646699194,1.1875675380499788
174.58,0.0216162547178158,0.015563959493406783,1.1800994016676716
174.59,0.0217725284688434,0.01569097317445986,1.1805387897550907
174.6,0.0219300778449866,0.01581908603762768,1.1618658550085312
174.61,0.0220889138856238,0.015948307696845035,1.146720308478942
174.62,0.0222490477275437,0.016078647929849976,1.1252523920658337
174.63,0.0224104906056788,0.016210116405938342,1.1372953381715305
174.64,0.0225732538538446,0.016342724423610774,1.1362241765789831
174.65,0.0227373489273184,0.016476482704289117,1.0790647224032521
174.66,0.0229027873698272,0.016611399334420622,1.062098627334809
174.67,0.0230695808090249,0.01674748430868228,1.06464325598645
174.68,0.0232377409873661,0.01688474878199182,1.0465233446078381
174.69,0.0234072797505877,0.017023203019248357,1.0318922088415066
174.7,0.0235782090484906,0.017162857465460753,1.0133044485709612
174.71,0.0237505409357111,0.017303722512153286,1.0142317545240351
174.72,0.023924287572498,0.017445809695805822,1.0163747658013844
174.73,0.0240994612411885,0.017589130644029134,0.9714180379649423
174.74,0.0242760743288131,0.01773369448029759,0.9492770608146393
174.75,0.0244541393089484,0.017879511566428353,0.9512729538893879
174.76,0.0246336687769415,0.018026593782990784,0.9339797124162991
174.77,0.0248146754382443,0.01817495207690334,0.9197092659432033
174.78,0.0249971721092214,0.018324597579886793,0.9045621224077136
174.79,0.0251811717179592,0.018475541473980124,0.8927745869533603
174.8,0.0253666873050743,0.018627795247430926,0.8848588956223821
174.81,0.0255537320281899,0.01878137068885086,0.8639222743676594
174.82,0.0257423191613753,0.018936278858255683,0.845914732279665
174.83,0.0259324620857051,0.01909253105015227,0.8365300670577462
174.84,0.0261241743022052,0.01925013920857331,0.8215776274936659
174.85,0.0263174694288108,0.019409115033411826,0.8082626559263362
174.86,0.0265123612011921,0.019569470374133174,0.7901810456722849
174.87,0.0267088634735909,0.019731216851316652,0.7768235817785614
174.88,0.02690699021555,0.01989436648855168,0.766288716845839
174.89,0.027106755521516,0.0200589316024174,0.7502078304519476
174.9,0.0273081736059667,0.020224924205710856,0.7358499277346018
174.91,0.0275112588046344,0.020392356492530905,0.721849285681984
174.92,0.0277160255758119,0.020561240769549974,0.7074128383121723
174.93,0.0279224885011739,0.020731589386127423,0.6917698544944149
174.94,0.0281306622859367,0.02090341468518328,0.6788125977009769
174.95,0.0283405617592975,0.021076729297052548,0.6656650033733355
174.96,0.0285522018785787,0.021251545925220043,0.6505015275478773
174.97,0.0287655977266636,0.021427877189783333,0.6365282052261801
174.98,0.0289807645138391,0.02160573588016066,0.6233409950903874
174.99,0.0291977175786067,0.02178513490921751,0.6049828254418124
175.0,0.0294164723885042,0.021966086833381776,0.5900104099421902
175.01,0.0296370445348783,0.022148604572522417,0.5799207529225741
175.02,0.0298594497440061,0.022332701563719297,0.5645657159145454
175.03,0.0300837038739192,0.022518390878628298,0.5509821482497899
175.04,0.0303098229131851,0.022705685744384,0.5294849727468541
175.05,0.0305378229828749,0.02289459874389672,0.5143828932364993
175.06,0.0307677203263256,0.02308514312412416,0.5064696736396531
175.07,0.0309995313297756,0.02327733291310833,0.48939775575587724
175.08,0.0312332725134958,0.02347118136386848,0.4755310460274183
175.09,0.0314689605306635,0.023666701990809256,0.4520389588137778
175.1,0.0317066121697646,0.023863907435820536,0.4371232510104684
175.11,0.0319462443410289,0.02406281126627515,0.4297031411192119
175.12,0.0321878741041205,0.024263427924192556,0.4110258721756939
175.13,0.0324315186535577,0.024465770773713855,0.39678537031954075
175.14,0.0326771953190919,0.024669853569380826,0.3731685662636523
175.15,0.0329249215679544,0.024875689140175843,0.3584245534932188
175.16,0.0331747149909684,0.025083291335298182,0.34979812830912543
175.17,0.0334265933317486,0.025292674783933267,0.3303294829583706
175.18,0.0336805744692097,0.025503852968716014,0.3164864389049234
175.19,0.0339366764198128,0.025716839904605465,0.2902342939836604
175.2,0.0341949173392361,0.025931648242187175,0.2760156352940604
175.21,0.0344553155034072,0.026148292093058276,0.26834893806247573
175.22,0.0347178893489024,0.026366786467226882,0.24689754376522485
175.23,0.0349826574459762,0.026587144754764855,0.2343315928167615
175.24,0.0352496385037209,0.026809381233588253,0.20061214537293345
175.25,0.0355188513713834,0.02703350760403627,0.18809121084541297
175.26,0.0357903150041294,0.02725953830556918,0.18473680031631126
175.27,0.0360640485367599,0.027487489128156725,0.15838294525980526
175.28,0.0363400712300646,0.027717372854358924,0.14657367806209998
175.29,0.0366184024834862,0.027949203861272337,0.10692085491839629
175.3,0.0368990618354167,0.028182992834950977,0.09569630704232528
175.31,0.037182068916224,0.028418754417376277,0.09473129256170376
175.32,0.0374674435517729,0.028656504890656707,0.06419153664251963
175.33,0.0377552056842507,0.028896256275568837,0.05160002740043227
175.34,0.0380453753927515,0.02913802273866086,0.00983169508609405
175.35,0.0383379728909845,0.029381814244808468,-0.0014137208306062633
175.36,0.038633018477004,0.029627645350024993,-0.002956379282802791
175.37,0.0389305326488937,0.029875532288182495,-0.035429872009755586
175.38,0.0392305360140221,0.030125486419767603,-0.047601446349838296
175.39,0.0395330493125474,0.0303775217196477,-0.09528326972983853
175.4,0.0398380934158615,0.030631646556787222,-0.10679706082200272
175.41,0.0401456892572512,0.030887875180888973,-0.10577098108833653
175.42,0.040455857984838,0.031146224151434636,-0.14230992695785571
175.43,0.0407686208426527,0.031406703588010974,-0.15368308774764872
175.44,0.0410839992009014,0.03166932712039804,-0.2091045322360898
175.45,0.0414020145551971,0.031934100789613826,-0.22112630529019262
175.46,0.0417226884307454,0.03220103827239485,-0.21641818918716202
175.47,0.042046042586651,0.03247015654313836,-0.2578198254315014
175.48,0.0423720988598452,0.032741463976290804,-0.2699210145927219
175.49,0.0427008792028189,0.03301497336308096,-0.33004763745481536
175.5,0.0430324056829337,0.033290688474505184,-0.344874596649595
175.51,0.0433667003677893,0.033568621698045385,-0.33881143127060603
175.52,0.0437037855626678,0.033848789811194845,-0.3825475806642358
175.53,0.0440436836369263,0.034131199497548496,-0.39695663306297013
175.54,0.0443864170586863,0.034415862103966195,-0.46110005819626104
175.55,0.0447320083962315,0.03470277875889389,-0.47966777247647796
175.56,0.0450804801846335,0.03499195996224727,-0.47302206635672867
175.57,0.0454318551934366,0.035283421873122105,-0.5186629297273625
175.58,0.0457861562408574,0.03557716914689002,-0.5357597780777859
175.59,0.046143406221248,0.0358732111665162,-0.6052446788934859
175.6,0.0465036281094979,0.03617154553680555,-0.628246523161289
175.61,0.0468668448025787,0.0364721801920115,-0.6203161789561594
175.62,0.0472330794270864,0.03677513050358225,-0.6684242182047334
175.63,0.0476023551389146,0.0370803984831216,-0.6889421483647397
175.64,0.0479746951397552,0.03738799084352715,-0.76395652526075
175.65,0.0483501226859545,0.03769790090269373,-0.7925198375020347
175.66,0.0487286609021823,0.038010133118556645,-0.7836534156099174
175.67,0.0491103331300082,0.03832470159554844,-0.83427628258148
175.68,0.049495162717958,0.03864160511367707,-0.8573122590257076
175.69,0.0498831730206943,0.03896084715478299,-0.9479377210081062
175.7,0.0502743874140299,0.039282413181891164,-0.9792236538361693
175.71,0.0506688290400094,0.039606304189026824,-0.9590644982807472
175.72,0.0510665212906518,0.03993253554239786,-1.0168059739688107
175.73,0.0514674875309863,0.04026110086924363,-1.0542695572496033
175.74,0.0518717510767574,0.040591997406174675,-1.091948056696632
175.75,0.052279335224545,0.040925220233439,-1.218397482612364
175.76,0.0526902631503804,0.0412607389829058,-1.2064680985274119
175.77,0.0531045576919576,0.041598563478646884,-1.183237404510702
175.78,0.0535222421381095,0.04193870779647443,-1.279650663964824
175.79,0.0539433395089402,0.04228114887183156,-1.295607828467651
175.8,0.0543678727506643,0.042625883952149106,-1.4096052101745222
175.81,0.0547958647277762,0.042972879446050626,-1.4873861276394411
175.82,0.0552273378145396,0.043322112731421746,-1.4441794942213337
175.83,0.0556623144864165,0.04367360048357222,-1.490688256983287
175.84,0.0561008172920161,0.04402733047977898,-1.5672771972368271
175.85,0.0565428684895596,0.044383277837164024,-1.5882518910509014
175.86,0.0569884901821109,0.04474143136362907,-1.7837958014560171
175.87,0.0574377042667152,0.045101721808261594,-1.778113934189494
175.88,0.0578905317456254,0.04546414796845581,-1.718973421206663
175.89,0.0583469943806842,0.045828728881736176,-1.8614778377649657
175.9,0.0588071133376482,0.046195411297407334,-1.8903530550049854
175.91,0.0592709095370893,0.046564176209324834,-1.9950218360986165
175.92,0.0597384036411773,0.04693497603884308,-2.1338584440041375
175.93,0.060209615663798,0.0473077502419289,-2.1050736724221433
175.94,0.0606845652266566,0.04768250062288209,-2.1263025745595274
175.95,0.0611632721918922,0.04805921078444425,-2.247085866417895
175.96,0.0616457557911851,0.04843782356818329,-2.2704127168509545
175.97,0.0621320348858927,0.048818311666537384,-2.4981932102242985
175.98,0.0626221279504786,0.04920056886262905,-2.539369470234741
175.99,0.0631160520662557,0.0495845615291008,-2.471672904974185
176.0,0.0636138249705736,0.04997030140331295,-2.62370602314497
176.01,0.0641154636631606,0.050357710180215974,-2.6916703479212902
176.02,0.0646209845573202,0.050746736446221144,-2.788580436802675
176.03,0.0651304035386026,0.051137312522450455,-3.0222148785508556
176.04,0.0656437356005631,0.05152931392328625,-3.0056281436862338
176.05,0.0661609945064097,0.05192272181576685,-2.9907134161027678
176.06,0.0666821946289827,0.05231751824884707,-3.1795589264871515
176.07,0.0672073491480674,0.05271359378769813,-3.2262175981445145
176.08,0.067736470543963,0.053110890327548226,-3.462120833393235
176.09,0.0682695705717284,0.05350926623819731,-3.5947339465423513
176.1,0.0688066591789649,0.05390862523758806,-3.5449967143515333
176.11,0.0693477462794989,0.054308954709757336,-3.678215194718852
176.12,0.0698928411776164,0.05471015822524084,-3.8236261009176697
176.13,0.0704419519957695,0.055112126482961245,-3.913833624700259
176.14,0.0709950859221008,0.05551476843539035,-4.1874262548828005
176.15,0.0715522490574187,0.05591790776228155,-4.266600634333873
176.16,0.0721134454585631,0.05632145796945672,-4.287237058332765
176.17,0.0726786793559941,0.05672536144143657,-4.498410858201375
176.18,0.0732479533543693,0.05712946491169338,-4.668342993317146
176.19,0.0738212688508959,0.057533627079578084,-4.841684774071903
176.2,0.0743986256283743,0.05793770561796745,-4.951316628887362
176.21,0.0749800222984848,0.05834158776447662,-5.107201044614217
176.22,0.0755654562609244,0.05874513603347058,-5.286049554819335
176.23,0.0761549233795594,0.05914819548407321,-5.511664243706799
176.24,0.0767484179529546,0.05955058575818929,-5.667458490821132
176.25,0.0773459323766377,0.059952160159686366,-5.811832982450007
176.26,0.0779474579465681,0.06035277680460534,-6.0197166120408365
176.27,0.078552984109305,0.06075225643560542,-6.275654336230625
176.28,0.0791624985977404,0.061150390853514924,-6.500512869974346
176.29,0.0797759868137434,0.06154698742035225,-6.654759864867488
176.3,0.0803934326796535,0.06194188918398173,-6.8859521568524436
176.31,0.0810148182741676,0.06233489746773138,-7.1390449139121985
176.32,0.0816401235790561,0.06272579499050554,-7.462434934475719
176.33,0.0822693263128365,0.06311432766638338,-7.677756081086664
176.34,0.0829024015901441,0.0635002975170159,-7.889564280247698
176.35,0.0835393230429056,0.06388350863552085,-8.196269571685788
176.36,0.084180061717567,0.06426371030998485,-8.552237477160102
176.37,0.0848245862959572,0.06464062274049928,-8.859040539048705
176.38,0.0854728623773587,0.06501399334411263,-9.10970219326211
176.39,0.0861248535923792,0.06538359944911627,-9.461564836463355
176.4,0.0867805208876495,0.06574916437876686,-9.823551451353055
176.41,0.0874398224443896,0.06611040139949398,-10.234198443799052
176.42,0.0881027134679898,0.06646700014862952,-10.57907623490577
176.43,0.0887691460671624,0.06681868594322223,-10.941364610686982
176.44,0.0894390698519963,0.0671651764524586,-11.371894742214602
176.45,0.0901124312032549,0.0675061520577182,-11.841328004514557
176.46,0.0907891733824348,0.06784127309212816,-12.29119169984853
176.47,0.0914692360637442,0.06817021295159736,-12.727229454984183
176.48,0.0921525559648553,0.06849265447460609,-13.237406197489518
176.49,0.0928390663084272,0.06880824419792896,-13.766704770139949
176.5,0.0935286968029461,0.06911662036575307,-14.30159393851779
176.51,0.0942213734647191,0.0694174221353816,-14.852288807619093
176.52,0.0949170187713001,0.06971028417838271,-15.447150004949265
176.53,0.0956155513990134,0.06999482260447212,-16.0604619593042
176.54,0.0963168861758946,0.07027064804224123,-16.69849934436283
176.55,0.0970209339889384,0.07053736360073531,-17.363591823124345
176.56,0.0977276017256311,0.07079456392658941,-18.057425427976515
176.57,0.0984367921648171,0.07104183478123516,-18.777534795691746
176.58,0.0991484039117335,0.07127875444077696,-19.531027283279762
176.59,0.0998623313040095,0.07150489061013335,-20.316286296946004
176.6,0.100578464306277,0.07171980194859602,-21.1153095225779
176.61,0.101296688447949,0.07192304654772032,-21.950326123754937
176.62,0.102016884829418,0.07211417111238408,-22.830566438076712
176.63,0.102738929903411,0.07229270645687572,-23.737539545898596
176.64,0.103462695416487,0.07245817776929155,-24.620863824810034
176.65,0.104188048369676,0.07261012603266617,-25.573620808045668
176.66,0.104914851227223,0.07274806432556644,-26.581905825503682
176.67,0.105642961265379,0.07287148371863314,-27.56832733926932
176.68,0.106372230863043,0.07297988983334207,-28.519408517470968
176.69,0.10710250741,0.07307280568648346,-29.5604403175976
176.7,0.10783363360419,0.07314971282109176,-30.650945016885206
176.71,0.108565446512177,0.07321006915940789,-31.65088807811013
176.72,0.109297778141928,0.07325337100826611,-32.61621672232052
176.73,0.110030455412775,0.07327912396258365,-33.68106174273836
176.74,0.110763300287982,0.07328677902543428,-34.75558961277283
176.75,0.111496128805099,0.07327577122503322,-35.685926036598104
176.76,0.112228751797468,0.07324558711494246,-36.53424237188087
176.77,0.112960974941659,0.07319573073582496,-37.49659198925333
176.78,0.113692598926669,0.07312563071453274,-38.4345310419749
176.79,0.114423418150408,0.07303469928710826,-39.13778088883697
176.8,0.115153221781716,0.07292242636699985,-39.71985317391312
176.81,0.115881793867582,0.07278832230275893,-40.41794156263056
176.82,0.116608913500021,0.0726318015980577,-41.04809667449704
176.83,0.117334353220517,0.07245226398575784,-41.36055875723584
176.84,0.118057880413429,0.07224921388689262,-41.52427601435142
176.85,0.118779257496555,0.07202217752591648,-41.801998347079866
176.86,0.119498242041898,0.07177056560934136,-41.97532758785847
176.87,0.120214584945159,0.07149377774198276,-41.778416389034405
176.88,0.12092803212914,0.07119134666655053,-41.429396708022956
176.89,0.121638324865453,0.07086282857765107,-41.207162758833036
176.9,0.122345199804264,0.07050764168752416,-40.86860742262325
176.91,0.123048386916833,0.07012519883503229,-40.150016060792446
176.92,0.123747611537677,0.06971507977487588,-39.310646719405334
176.93,0.124442594872553,0.06927688891811591,-38.63140605435578
176.94,0.125133053877039,0.06881006516252508,-37.85261191127119
176.95,0.125818698961555,0.06831405062819283,-36.726708566388105
176.96,0.12649923643019,0.06778849502376469,-35.53963574999894
176.97,0.127174369222378,0.06723307129553185,-34.55125578567077
176.98,0.127843796560771,0.06664725593454324,-33.49818906338048
176.99,0.128507211450739,0.06603054060029974,-32.15524511039795
177.0,0.129164303544933,0.06538267430780723,-30.81790653579286
177.01,0.129814760223638,0.06470342271983297,-29.712949321064297
177.02,0.130458265827026,0.06399231346278396,-28.568336759483866
177.03,0.131094498981103,0.06324891375148352,-27.225815162332317
177.04,0.131723135989119,0.06247307117611655,-25.888885597875998
177.05,0.132343851870204,0.061664703960325154,-24.80863990676032
177.06,0.1329563203987,0.06082343246786674,-23.741446974846447
177.07,0.133560209782512,0.0599488948067659,-22.519332113608403
177.08,0.134155187391439,0.05904107133227407,-21.312766863729184
177.09,0.134740920435304,0.058100056654041235,-20.347525982826383
177.1,0.135317077061163,0.057125603113032664,-19.42814371986286
177.11,0.135883320341819,0.05611745110082565,-18.392953165251935
177.12,0.136439314269995,0.05507573477718311,-17.376982362222282
177.13,0.136984723973861,0.0540007429430403,-16.564188128585087
177.14,0.137519217944237,0.05289239959346733,-15.811248806157408
177.15,0.13804246058259,0.05175058512089127,-14.976107685334698
177.16,0.138554119188611,0.050575608186582965,-14.16019670767034
177.17,0.139053863714346,0.04936796500055879,-13.502597273218718
177.18,0.139541370015895,0.04812778705378431,-12.905545515096716
177.19,0.140016311400795,0.04685513472901688,-12.25343133134118
177.2,0.140478366233749,0.045550511656800484,-11.62052648617488
177.21,0.140927217289696,0.044214625080481185,-11.102768796397035
177.22,0.141362555728287,0.042847845275566,-10.638664462350823
177.23,0.141784072347441,0.041450454754443415,-10.14131301626207
177.24,0.142191465262641,0.04002316925699144,-9.664820203840181
177.25,0.142584438993995,0.03856689379354156,-9.265515601252172
177.26,0.14296270858988,0.037082261977324185,-8.909351439474278
177.27,0.143325991710128,0.03556982309063303,-8.538030184048463
177.28,0.143674015554426,0.03403051436670704,-8.190288466915373
177.29,0.144006515939487,0.03246540620261834,-7.8889189150549575
177.3,0.144323240700747,0.030875408582375457,-7.619201058333178
177.31,0.144623944136382,0.02926138069820709,-7.349276343651402
177.32,0.144908392099701,0.02762447962688398,-7.10523549213562
177.33,0.145176361447334,0.025965892937676364,-6.885032918277719
177.34,0.145427641633137,0.024286803596840444,-6.685970955352133
177.35,0.145662033251349,0.022588414832600684,-6.498546881558027
177.36,0.1458793501002,0.020872084595307865,-6.336763708427872
177.37,0.146079419403926,0.019139070048550026,-6.185729759284092
177.38,0.146262080702316,0.01739079716408312,-6.047832146607967
177.39,0.146427189662451,0.0156288238638345,-5.929402454951218
177.4,0.14657461650871,0.013854672126652201,-5.832867468396082
177.41,0.146704246991418,0.012069648530072438,-5.743555789578792
177.42,0.146815978678854,0.010275348246366797,-5.6633896676044255
177.43,0.146909729199994,0.008473647021784575,-5.604528641694927
177.44,0.146985432387754,0.006666217136024518,-5.563308387558248
177.45,0.147043039020004,0.004854386284233736,-5.53115399337731
177.46,0.147082511182611,0.0030398182098825373,-5.509585478816133
177.47,0.147103833204742,0.0012246360962334577,-5.507372469991242
177.48,0.147107007680472,-0.0005893513826576066,-5.517722557913616
177.49,0.147092054671344,-0.002400832236965772,-5.541043539772408
177.5,0.147059005081346,-0.004208179745800872,-5.583259018329078
177.51,0.14700791228017,-0.006009120822358013,-5.642047412524733
177.52,0.146938850120576,-0.007801741400948378,-5.706409463916331
177.53,0.146851909483867,-0.009584783601518146,-5.7874552967784645
177.54,0.146747191679036,-0.01135675712452498,-5.903676845102934
177.55,0.146624818780032,-0.013115356499890837,-6.035874624851857
177.56,0.146484935344839,-0.014858613083941485,-6.163958189863279
177.57,0.146327701590278,-0.01658536319486606,-6.310665559579246
177.58,0.146153287731077,-0.018294333222257146,-6.517592384637318
177.59,0.14596188145332,-0.019983311849082707,-6.745301377498635
177.6,0.145753694235846,-0.021650348299101046,-6.95614189287345
177.61,0.14552895105032,-0.023294413053784324,-7.18520973812078
177.62,0.145287886302969,-0.024914499998009154,-7.5084138605708075
177.63,0.145030747556758,-0.026508615005424917,-7.865936414998675
177.64,0.144757806287111,-0.0280749170797491,-8.191270761957853
177.65,0.144469344724107,-0.02961254803939134,-8.533282610943042
177.66,0.144165653691331,-0.031120784730998923,-9.010771646083818
177.67,0.143847032555245,-0.03259795691294236,-9.54774027037603
177.68,0.143513803103935,-0.034042438134058994,-10.03684217545267
177.69,0.143166294854492,-0.035453572791906605,-10.544214901856769
177.7,0.142804844661394,-0.036830901330276125,-11.23111108618575
177.71,0.142429793749946,-0.038173156126133465,-12.015054125754757
177.72,0.1420415024272,-0.039479031872282036,-12.740385525836697
177.73,0.141640335716076,-0.04074809766953444,-13.498206395294446
177.74,0.141226664215108,-0.04198011067944249,-14.471169376456066
177.75,0.140800859773554,-0.04317424844375792,-15.585849495408988
177.76,0.140363308168557,-0.044329620960358494,-16.64632284877539
177.77,0.139914397156919,-0.04544603233747474,-17.783098588455307
177.78,0.139454517797271,-0.04652339444425821,-19.13909956259148
177.79,0.138984060683763,-0.047561333265383476,-20.669213004815127
177.8,0.13850342371662,-0.04855944092445909,-22.181371571851667
177.81,0.138013004503557,-0.04951775333985794,-23.86797216239421
177.82,0.137513201266558,-0.050436274281425816,-25.702740455794665
177.83,0.13700441148405,-0.051315044805841606,-27.68542783952024
177.84,0.136487032474335,-0.05215416648006617,-29.74011114547994
177.85,0.135961459542474,-0.05295389054839131,-32.15369318887216
177.86,0.135428085711558,-0.053714254143299306,-34.49049967554887
177.87,0.134887304247641,-0.05443565315242534,-36.80345529444389
177.88,0.134339500612867,-0.055118683986266535,-39.38979344888206
177.89,0.133785057131237,-0.055763769019682996,-42.37552424172159
177.9,0.133224350858678,-0.0563711209503504,-45.130209905343364
177.91,0.132657758496491,-0.05694129952805068,-47.526722164032776
177.92,0.132085646048941,-0.05747517024207449,-50.55850296822933
177.93,0.131508374596707,-0.05797316809790764,-53.30887764665545
177.94,0.130926300089455,-0.058435924442849556,-55.757135085833326
177.95,0.130339770992352,-0.05886422134505863,-58.23523720377885
177.96,0.129749128147243,-0.059258763924724865,-60.41192459574942
177.97,0.129154705620418,-0.05962032669901557,-62.233891071897084
177.98,0.12855682878495,-0.0599497423226759,-63.92769203186525
177.99,0.12795581529789,-0.06024778592796723,-64.9644307293684
178.0,0.12735197464574,-0.06051536613931689,-65.91543030280445
178.01,0.126745606818094,-0.06075328834575719,-66.41387949796325
178.02,0.1261370048833,-0.060962394897700244,-66.1400935781479
178.03,0.125526451799861,-0.061143659228975654,-66.08280988120605
178.04,0.1249142218876,-0.06129785276764929,-65.27329310388399
178.05,0.124300581959971,-0.061425876819733626,-64.0005652025918
178.06,0.123685788496298,-0.06152867164488316,-62.819148130137236
178.07,0.123070089887813,-0.061607049550958,-61.087627849921546
178.08,0.122453725907722,-0.06166190704387486,-59.16178689071832
178.09,0.121836927197478,-0.06169413185653309,-57.09384594430374
178.1,0.121219915818883,-0.06170459412649168,-54.872038158532675
178.11,0.120602904999885,-0.061694158447750044,-52.76284274012409
178.12,0.119986099622157,-0.06166362154907517,-50.24176284032692
178.13,0.1193696966374,-0.06161387619781737,-47.98908680286069
178.14,0.118753883504892,-0.06154571390885877,-45.85807431500187
178.15,0.118138841205503,-0.061459881192691204,-43.13610639306722
178.16,0.117524741836044,-0.061357295206200306,-41.39098864410217
178.17,0.116911749029739,-0.06123857281440844,-39.10663902826916
178.18,0.116300021523524,-0.06110450222974184,-36.65431010036837
178.19,0.115689707443072,-0.06095593098065048,-35.275856235576306
178.2,0.115080949410277,-0.06079337479105001,-32.85717785706882
178.21,0.114473883841441,-0.06061768286565877,-31.406323433137135
178.22,0.113868637685402,-0.06042940468930803,-29.870759019159877
178.23,0.113265335587951,-0.06022913778624938,-27.28453953684652
178.24,0.112664091945074,-0.06001783896950064,-26.606113787817716
178.25,0.112065014453167,-0.059795822586933625,-25.310430340620442
178.26,0.11146820928347,-0.0595636249911499,-22.87582030472393
178.27,0.110873773005551,-0.05932219396315881,-22.472176717259483
178.28,0.110281795363084,-0.05907176069258347,-21.695909914367938
178.29,0.109692366365658,-0.058812693382099754,-19.431823452527997
178.3,0.109105567447436,-0.0585459135897926,-18.942233943362794
178.31,0.108521472886219,-0.05827170132099192,-18.523185081104373
178.32,0.107940157158347,-0.057990306817691406,-16.664979627659868
178.33,0.107361688211465,-0.05770252488076638,-16.031915366146197
178.34,0.106786126867527,-0.05740869950551636,-15.792048784747912
178.35,0.106213533545351,-0.05710902358715108,-14.286215766184645
178.36,0.105643963770097,-0.05680417216785763,-13.632025211674042
178.37,0.105077466262483,-0.05649449913819153,-13.572541195305426
178.38,0.104514089264726,-0.056180130857699795,-12.25752867671002
178.39,0.103953877398966,-0.05586167149655742,-11.70808146135591
178.4,0.103396868564885,-0.055539426728182704,-11.955263028745648
178.41,0.102843101243342,-0.05521339903447516,-10.692310747648985
178.42,0.102292611227116,-0.05488418750525109,-9.487978384804915
178.43,0.101745426580951,-0.05455234834439947,-10.502082364960861
178.44,0.101201573766387,-0.05421757488349976,-9.67399692266814
178.45,0.100661083358838,-0.05388028135715195,-8.027932853154995
178.46,0.100123974436232,-0.053541201800097936,-8.588554409612506
178.47,0.0995902657025692,-0.053200198272874054,-8.812464978003678
178.48,0.0990599767322483,-0.05285724815385455,-7.709502311712466
178.49,0.0985331255197133,-0.052512873824055985,-6.666841756013538
178.5,0.0980097227518474,-0.05216754662393161,-7.796314315534568
178.51,0.0974897787182487,-0.05182090356756926,-7.1607650412865365
178.52,0.0969733079154033,-0.05147325700731627,-5.817279195930775
178.53,0.0964603152562689,-0.051125191243076136,-6.3431192639131755
178.54,0.095950805896887,-0.05077657206778314,-6.482358150977099
178.55,0.0954447855192874,-0.050427395392172475,-5.710337760337307
178.56,0.0949422586676852,-0.05007802167159096,-4.991831620207686
178.57,0.0944432248697152,-0.049728772464000676,-5.667995554445428
178.58,0.0939476833009003,-0.04937945229068428,-5.224416546222442
178.59,0.0934556352806882,-0.04903027582099038,-4.339773066197676
178.6,0.0929670762303514,-0.048681616987015716,-4.637811315612842
178.61,0.0924820014038429,-0.04833341342627811,-4.72854440198616
178.62,0.0920004063245797,-0.04798566945795694,-4.150838656169057
178.63,0.091522285645668,-0.04763864072174854,-3.593529873704467
178.64,0.0910476304999071,-0.04729255931852014,-4.111730773833867
178.65,0.090576431693072,-0.04694727852553223,-3.857872612366623
178.66,0.0901086818220341,-0.04660291605278338,-3.295443276985293
178.67,0.0896443696457479,-0.046259697227803154,-3.4062160604081115
178.68,0.0891834840476483,-0.045917619412911885,-3.2042791766204246
178.69,0.0887260131653219,-0.04557677149278304,-3.081341860496638
178.7,0.0882719443081755,-0.045237218256460994,-2.9831557569707106
178.71,0.0878212643090995,-0.04489901211753312,-2.931886877894621
178.72,0.0873739593886445,-0.04456219585691872,-2.4959612208509343
178.73,0.0869300152631779,-0.0442269314235746,-2.374034266604715
178.74,0.0864894154436329,-0.04389327326868355,-2.5333476657856533
178.75,0.0860521445198356,-0.0435611847020558,-2.3123470490973683
178.76,0.0856181862341482,-0.043230747132811526,-2.0307279296942347
178.77,0.085187523751547,-0.04290206362911944,-1.883233827424433
178.78,0.0847601389532615,-0.042575189170140804,-1.9013992552655157
178.79,0.0843360139082363,-0.04225012674338285,-1.714094378782545
178.8,0.0839151301880794,-0.04192693611533213,-1.62325209147449
178.81,0.0834974688392962,-0.041605649660768934,-1.5262051427686594
178.82,0.0830830107355805,-0.041286299541746486,-1.372178873801606
178.83,0.0826717362475373,-0.04096893184262311,-1.2801974582366513
178.84,0.0822636253990179,-0.04065357402896069,-1.1687169939523772
178.85,0.0818586579679101,-0.04034025644070657,-1.0591621132379296
178.86,0.0814568133820381,-0.04002900679964845,-0.985795131711777
178.87,0.0810580708845837,-0.03971984127667007,-0.9141095633810767
178.88,0.0806624095483645,-0.03941277547263716,-0.7523565760120557
178.89,0.0802698082517217,-0.03910784780026012,-0.6053409451319574
178.9,0.0798802453758586,-0.03880508969325257,-0.5958695011802059
178.91,0.0794936992405677,-0.03850449537937395,-0.5460923590920145
178.92,0.0791101482223229,-0.038206069679831124,-0.3319426939852888
178.93,0.078729570468961,-0.03790985860468906,-0.13570310666722693
178.94,0.0783519435645846,-0.03761590011151575,-0.16125766566153463
178.95,0.0779772450112239,-0.03732417641500649,-0.10374588727384769
178.96,0.077605452573808,-0.037034688148747275,0.06006342921587914
178.97,0.0772365437125491,-0.036747461303023844,0.19766704624993328
178.98,0.0768704957530358,-0.036462514871440116,0.28182041454194623
178.99,0.0765072858014091,-0.03617985323147976,0.34817990248273567
179.0,0.0761468910692609,-0.03589947599117217,0.4847629023394861
179.01,0.0757892886301274,-0.035621396160860054,0.5385343274793815
179.02,0.0754344555017229,-0.03534560881148207,0.6343337528973736
179.03,0.0750823688004083,-0.03507211689841074,0.7621932116236325
179.04,0.074733005488886,-0.034800928906128514,0.8266714677178664
179.05,0.0743863425552416,-0.034532040062961365,0.9418983563566518
179.06,0.0740423570091247,-0.0342654547514018,1.0707501283214949
179.07,0.0737010257698733,-0.03400117859967851,1.1194192773452372
179.08,0.0733623257761078,-0.03373920052530446,1.1840441150048557
179.09,0.0730262341230677,-0.033479511866313025,1.2889456934234877
179.1,0.0726927278977165,-0.03322211309151983,1.5276093764131484
179.11,0.0723617841667005,-0.032967027260621375,1.5711917662382908
179.12,0.0720333796961525,-0.032714239803852366,1.55465984377711
179.13,0.0717074917818303,-0.03246372506534289,1.7273090996610743
179.14,0.0713840975952171,-0.032215490503165425,1.8678455646115262
179.15,0.0710631743670585,-0.03196953853555652,1.9739684206547479
179.16,0.070744699238358,-0.031725863569759954,2.027245459089664
179.17,0.0704286495512242,-0.03148445074096645,2.1553229322310474
179.18,0.0701150026969139,-0.03124529651764088,2.2492737874855195
179.19,0.0698037361244217,-0.03100839159758106,2.3270913417649886
179.2,0.0694948274060549,-0.030773723679822694,2.4463330411824282
179.21,0.0691882542160619,-0.030541286434329167,2.55458879116777
179.22,0.0688839942716142,-0.030311071333100535,2.6359765944662072
179.23,0.0685820254210156,-0.03008306579571444,2.79037018239101
179.24,0.0682823256056566,-0.029857266829504937,2.859796494141377
179.25,0.0679848727838869,-0.029633658434177756,2.910327159942298
179.26,0.0676896451941252,-0.02941222167904279,3.0415103822011353
179.27,0.0673966211408657,-0.02919294837927684,3.1029895448667344
179.28,0.0671057790629721,-0.028975821998713493,3.2904778783994435
179.29,0.0668170975401754,-0.028760843390846873,3.5514454155682174
179.3,0.0665305550284484,-0.028548020351332193,3.4680434211373656
179.31,0.0662461300715777,-0.028337314549301922,3.47735719458888
179.32,0.0659638017563504,-0.028128699742707708,3.700252376427387
179.33,0.0656835491093076,-0.02792217688537546,3.7371519110477855
179.34,0.0654053512994125,-0.0277177265036576,4.047198082108338
179.35,0.0651291876423195,-0.027515360257314207,4.169807134052211
179.36,0.0648550372008845,-0.02731506534831285,4.061048944839705
179.37,0.0645828795519613,-0.02711680171458529,4.242310290514678
179.38,0.0643126944183445,-0.02692056252217752,4.388084371212505
179.39,0.0640444615877498,-0.02672633814848139,4.495099632222183
179.4,0.0637781609898538,-0.02653411378315147,4.581929250365536
179.41,0.0635137727018534,-0.026343872078097554,4.7019950040805405
179.42,0.0632512769851515,-0.026155599225024508,4.831891102228808
179.43,0.0629906541995031,-0.02596928220818228,4.924111463223428
179.44,0.0627318848780543,-0.025784903948907735,5.034121930333251
179.45,0.0624749497100577,-0.02560244887983299,5.139718674187097
179.46,0.0622198295434572,-0.025421900959840656,5.243221462351438
179.47,0.0619665053883063,-0.025243243826851385,5.346942207330016
179.48,0.061714958419224,-0.025066461047776094,5.44856264915305
179.49,0.0614651699754143,-0.02489153590895041,5.549238409088135
179.5,0.0612171215660543,-0.024718451303284754,5.58886644980772
179.51,0.0609707948720227,-0.024547186471529127,5.9639115950743635
179.52,0.0607261717484854,-0.024377750457100594,6.161355709241404
179.53,0.0604832338114466,-0.0242101342235584,5.947578768562698
179.54,0.0602419631362976,-0.024044292774138474,6.101202322248304
179.55,0.0600023420813473,-0.02388021265597081,6.308230027949998
179.56,0.0597643530405876,-0.02371788632309213,6.402580449189637
179.57,0.0595279785644831,-0.02355729691046847,6.540615226643644
179.58,0.0592932013601551,-0.02339843043836666,6.650386449969319
179.59,0.0590600042671435,-0.02324127064267477,6.749207717229753
179.6,0.0588283703144748,-0.02308580042736369,6.878870783533042
179.61,0.0585982826761617,-0.02293200504819501,6.990057947182894
179.62,0.0583697246835843,-0.022779868517889178,7.1118441995799335
179.63,0.0581426798258029,-0.022629375767791705,7.267240039633535
179.64,0.0579171317337511,-0.022480513959716755,7.354452738976228
179.65,0.0576930641696311,-0.022333265253692468,7.44098696940301
179.66,0.0574704611093759,-0.022187611864301952,7.584049361075283
179.67,0.0572493066612444,-0.02204354001103942,7.691677367577827
179.68,0.0570295850903737,-0.02190103371056939,7.80609276571169
179.69,0.0568112808189383,-0.021760077562889685,7.9633766552480365
179.7,0.0565943784161954,-0.021620658845945367,8.050092811750556
179.71,0.0563788625753647,-0.021482760193455623,8.127211965499335
179.72,0.0561647182032984,-0.0213463637664933,8.26847372462827
179.73,0.055951930338977,-0.02121145585324396,8.372540722500936
179.74,0.055740484177073,-0.021078020687454194,8.4802768329577
179.75,0.0555303650679508,-0.020946042699484097,8.587040984799616
179.76,0.0553215585175833,-0.020815506370594483,8.690741545614044
179.77,0.0551140501869975,-0.020686396106182718,8.792192982688807
179.78,0.0549078258939179,-0.02055869629597612,8.892982462063978
179.79,0.0547028716113695,-0.02043239140171414,8.990636950910677
179.8,0.0544991734680764,-0.0203074657012697,9.015564961146497
179.81,0.0542967177484712,-0.0201839015628096,9.606071129392424
179.82,0.0540954908748839,-0.020061710410995404,9.520920829390642
179.83,0.0538954790533666,-0.019940866647524987,9.221305683307303
179.84,0.053696669156559,-0.01982133411081409,9.658889976472736
179.85,0.053499047999575,-0.01970311468647163,9.717385824633439
179.86,0.0533026025378488,-0.019586192738382052,9.86583612910091
179.87,0.0531073198660616,-0.0194705555078283,9.791303528480459
179.88,0.0529131872170576,-0.019356180032278902,9.953092003125688
179.89,0.0527201920941848,-0.019243055334173625,10.215456640346105
179.9,0.0525283219667079,-0.019131175201197715,10.200336379549013
179.91,0.0523375645033648,-0.019020520597231444,10.313352471239956
179.92,0.0521479075146413,-0.01891107799518339,10.398600761462077
179.93,0.0519593389493198,-0.0188028332911173,10.552747438816418
179.94,0.0517718468937699,-0.018695775466765104,10.63778282142429
179.95,0.0515854195313277,-0.01858989046175201,10.676036538911351
179.96,0.0514000452267163,-0.018485162368305406,10.798911063776764
179.97,0.0512157124683012,-0.018381579044045998,10.892156502391053
179.98,0.0510324098737546,-0.0182791273608727,10.953026972185468
179.99,0.0508501261929196,-0.018177793368277333,11.18130284443958
180.0,0.0506688503069682,-0.018077569904477685,11.27358478457599
180.01,0.0504885711382033,-0.017978444108612535,11.219283167018968
180.02,0.0503092778245615,-0.017880397482277974,11.362712709538604
180.03,0.0501309596266995,-0.01778341941124703,11.472107116251719
180.04,0.0499536059128112,-0.017687498512637796,11.578282908763223
180.05,0.0497772061735505,-0.017592623008687303,11.557040784711894
180.06,0.049601750020886,-0.017498776554325295,11.621296805250878
180.07,0.0494272272523404,-0.017405946465842474,11.832532339537584
180.08,0.0492536277296495,-0.017314125575239432,11.885386335602348
180.09,0.0490809414195596,-0.017223301179252727,11.928232639754974
180.1,0.0489091584276683,-0.017133460123837606,12.006741607247466
180.11,0.0487382689780011,-0.017044590776711666,12.128443266719824
180.12,0.048568263412042,-0.016956682555399616,11.927022826320243
180.13,0.0483991321877546,-0.016869714615311282,12.071685009465451
180.14,0.0482308660123443,-0.01678367825364025,12.372039316762555
180.15,0.0480634555342569,-0.016698569934399853,12.258621146088773
180.16,0.0478968915744972,-0.01661437289028414,12.321255321993236
180.17,0.0477311650771057,-0.016531075583964217,12.355522924523015
180.18,0.0475662671019688,-0.01644866614710939,12.371272705034885
180.19,0.0474021888241054,-0.01636713368506233,13.066703049424502
180.2,0.0472389214881479,-0.01628648694212715,12.762557744750401
180.21,0.047076456208746,-0.016206703720868302,12.299376502792807
180.22,0.0469147846121489,-0.016127757559919003,12.816915747089
180.23,0.0467538982626176,-0.016049651232556753,12.79930020874918
180.24,0.046593788826311,-0.0159723732390304,12.867180383439115
180.25,0.0464344480699496,-0.015895913751831234,12.893976608203802
180.26,0.0462758678594885,-0.01582026189597396,12.86459824282808
180.27,0.0461180401782573,-0.015745405603362524,12.996213623459195
180.28,0.0459609571202895,-0.01567133750903094,13.099313998251349
180.29,0.0458046108287611,-0.015598049585350873,13.082517703606216
180.3,0.0456489935646026,-0.01552553064958842,13.13670449532445
180.31,0.0454940976830042,-0.015453771522921355,13.245344611620508
180.32,0.0453399156321849,-0.015382764095236631,12.982639424752572
180.33,0.0451864399521701,-0.015312490716130138,12.849017263433348
180.34,0.0450336634093582,-0.015242938043235888,13.305163975264422
180.35,0.0448815787863262,-0.015174108028656019,13.341992640381896
180.36,0.044730178870622,-0.015105992194188941,13.184093805175833
180.37,0.0445794566057192,-0.015038576843360725,13.22949531975847
180.38,0.0444294050278049,-0.01497185326434757,13.194373409065555
180.39,0.0442800172649927,-0.014905811639827002,13.42073833246844
180.4,0.0441312865365317,-0.014840448294675217,13.396816637219112
180.41,0.0439832060723128,-0.014775753498420807,13.184128445111499
180.42,0.0438357692817267,-0.01471171327528063,13.296148216656457
180.43,0.0436889696463632,-0.014648321286245906,13.316599287204152
180.44,0.0435428007219686,-0.014585569583749151,13.313501021351849
180.45,0.0433972561485975,-0.014523449682575114,13.30530785302855
180.46,0.043252329649651,-0.014461953196559865,13.371365586015688
180.47,0.0431080150297314,-0.014401073431598473,13.339118253768758
180.48,0.042964306154627,-0.01434080163344066,13.28022913962912
180.49,0.0428211970001973,-0.014281128626645578,13.321717281440412
180.5,0.0426786816093911,-0.014222047512316496,13.308041603890462
180.51,0.0425367541030417,-0.01416355045399358,13.302022298611819
180.52,0.0423954086788602,-0.014105629835801822,13.289176419939686
180.53,0.0422546396104293,-0.014048278007354418,13.253955430481788
180.54,0.0421144412487881,-0.013991487032200569,13.261002194597184
180.55,0.0419748080233474,-0.013935249974864524,13.264800896052911
180.56,0.0418357344260691,-0.0138795599550902,13.23060999945021
180.57,0.0416972150256611,-0.013824409455145091,13.217058491919776
180.58,0.0415592444619085,-0.013769791455964069,13.196003591286876
180.59,0.04142181744468,-0.013715698998784515,13.246992346714613
180.6,0.041284928752936,-0.013662126096760803,12.84836967703829
180.61,0.0411485732337352,-0.013609058724145875,12.944537985216758
180.62,0.0410127459059614,-0.01355649258592406,13.259523415084683
180.63,0.0408774417157807,-0.01350442753375979,12.992403557239559
180.64,0.0407426557196109,-0.013452852813563022,12.969767188129042
180.65,0.0406083830469824,-0.013401761783324076,12.934045798375015
180.66,0.0404746188932026,-0.013351147961576082,12.913102822448463
180.67,0.0403413585185132,-0.013301005123013295,12.785968936856747
180.68,0.0402085972472464,-0.013251325233734046,12.673750809458717
180.69,0.0400763304940944,-0.01320210081697179,12.766351045655922
180.7,0.0399445537259003,-0.013153328119266488,12.738576872315571
180.71,0.039813262445781,-0.013105001406889019,12.618503297118073
180.72,0.0396824522350512,-0.013057113359037377,12.57698712289368
180.73,0.0395521187361283,-0.013009658039889068,12.51945571153407
180.74,0.0394222576517632,-0.012962629432278043,12.462076930863354
180.75,0.0392928647442637,-0.012916021681109944,12.464944308894358
180.76,0.0391639358320078,-0.012869829951494296,12.368588440291559
180.77,0.0390354667798183,-0.012824047853768224,12.261784356666531
180.78,0.0389074535303793,-0.012778668934004176,12.246526769430387
180.79,0.0387798920736879,-0.01273368830933067,12.17855099573919
180.8,0.0386527784550451,-0.012689100415669112,12.116243050318456
180.81,0.0385261087742644,-0.012644899841774093,12.079093663715987
180.82,0.0383998791848716,-0.012601081513321719,11.883934378296622
180.83,0.0382740858933128,-0.012557638083647397,11.836952919345954
180.84,0.0381487251890309,-0.012514564676060932,11.905433226709421
180.85,0.0380237933775765,-0.01247185826345638,11.774373390273938
180.86,0.0378992868201085,-0.012429512898756191,11.691061612427038
180.87,0.0377752019335483,-0.012387523294433989,11.623277840162986
180.88,0.0376515351846561,-0.01234588454683885,11.575888919909847
180.89,0.0375282830892894,-0.012304592029821251,11.404298937902569
180.9,0.0374054422116579,-0.012263639264298588,11.160657092286627
180.91,0.0372830091931412,-0.012223019072720871,11.30160467032788
180.92,0.0371609807271864,-0.01218272996971077,11.31675692531602
180.93,0.0370393535022439,-0.012142768745240323,11.08926467458704
180.94,0.0369181242808448,-0.012103128715085058,11.030431005382434
180.95,0.0367972898718373,-0.01206380550565541,10.94537113670602
180.96,0.0366768471297438,-0.012024794597228472,10.876045186478585
180.97,0.0365567929541145,-0.011986091615341933,10.655481047183237
180.98,0.0364371242907298,-0.011947690304261438,10.634688698983107
180.99,0.0363178381535664,-0.011909587250563333,10.655349973802949
181.0,0.0361989315618704,-0.011871779660936726,10.469247594295721
181.01,0.0360804015933069,-0.011834262045184776,10.39303858913445
181.02,0.0359622453679662,-0.011797030319438823,10.299957969443966
181.03,0.035844460047755,-0.011760080332477604,10.215406503716052
181.04,0.0357270428357879,-0.011723408062631776,10.082359193661608
181.05,0.0356099909757778,-0.011687008936442483,9.984841626564997
181.06,0.0354933017596644,-0.011650878938002329,9.93881603200551
181.07,0.0353769725111401,-0.01161501477933563,9.832816715661474
181.08,0.0352610005912466,-0.011579412473826784,9.726150954713086
181.09,0.0351453834019557,-0.011544068049710275,9.633431155261306
181.1,0.0350301183830484,-0.011508977776900018,9.539573638846797
181.11,0.0349152030115197,-0.011474137991199866,9.474638255860976
181.12,0.0348006348009866,-0.011439545217569135,9.11916568402125
181.13,0.0346864113044053,-0.011405192683456498,9.156416512456351
181.14,0.0345725301522415,-0.011371078545437409,9.270735669187857
181.15,0.0344589889435737,-0.011337201934431888,8.983586122270689
181.16,0.0343457853397863,-0.011303557218292465,8.9130742617543
181.17,0.0342329170368955,-0.01127014118691277,8.810143621700545
181.18,0.034120381765011,-0.011236950457674488,8.730055619195852
181.19,0.0340081772878008,-0.011203981869188062,8.543638944077795
181.2,0.0338963014019496,-0.011171230994445487,8.304738823054267
181.21,0.0337847519567069,-0.011138693021860274,8.387900716127671
181.22,0.0336735268355933,-0.011106366957199429,8.358979128064446
181.23,0.0335626239195736,-0.01107425057187839,8.13199911181558
181.24,0.0334520411397471,-0.011042339348630905,8.046649907457207
181.25,0.0333417764585627,-0.011010630328884182,7.938628646820173
181.26,0.0332318278693418,-0.010979120449412506,7.851938530987132
181.27,0.0331221933957973,-0.01094780683671883,7.643862916597571
181.28,0.0330128710915534,-0.0109166853658315,7.554704646297204
181.29,0.0329038590566618,-0.010885753317836703,7.551805001169369
181.3,0.0327951554001576,-0.01085500896641246,7.394155043223744
181.31,0.0326867582627713,-0.010824448952486028,7.277415510473888
181.32,0.0325786658163989,-0.010794070320685873,7.1728837118458175
181.33,0.0324708762608905,-0.01076387032140994,7.069750829374661
181.34,0.0323633878235935,-0.010733846262149054,6.962882398372737
181.35,0.0322561987588973,-0.010703995354686854,6.721330126903872
181.36,0.0321493073519112,-0.010674313533951622,6.702852199507569
181.37,0.0320427119299945,-0.01064479914928736,6.700410431481668
181.38,0.0319364108164453,-0.01061545075317164,6.492127432830557
181.39,0.0318304023730846,-0.010586264797084882,6.401227834215715
181.4,0.0317246849870126,-0.010557238881196465,6.292531926779309
181.41,0.0316192570701831,-0.010528370541470813,6.211968970054171
181.42,0.0315141170589769,-0.010499657532906636,5.9862316198709085
181.43,0.0314092634137755,-0.010471096162792577,5.796337858730483
181.44,0.0313046946397006,-0.010442683262306662,5.878939010745656
181.45,0.0312004092555078,-0.01041441845003836,5.7922978825393185
181.46,0.0310964057843121,-0.010386299707053522,5.595009560277997
181.47,0.0309926827846721,-0.010358323863255726,5.502301692373276
181.48,0.0308892388378614,-0.010330488768815847,5.391859771825542
181.49,0.0307860725474929,-0.01030279220891675,5.318188313874419
181.5,0.0306831825391364,-0.010275232220552407,5.027070932267502
181.51,0.0305805674599421,-0.010247804875984038,4.985202739731159
181.52,0.0304782260039213,-0.010220508719723485,5.041488827882035
181.53,0.0303761568508902,-0.010193343261789256,4.815390967327432
181.54,0.030274358713088,-0.010166305381780882,4.715829840596197
181.55,0.0301728303246904,-0.010139393054164256,4.608375297608126
181.56,0.0300715704401366,-0.010112604281190044,4.50602601876967
181.57,0.0299705778337787,-0.01008593712500322,4.383537673938993
181.58,0.0298698512995372,-0.010059389443740793,4.196131611693762
181.59,0.0297693896548956,-0.010032958589135799,4.163042917694583
181.6,0.0296691917423207,-0.010006643372993472,4.114709535359178
181.61,0.029569256406743,-0.009980442495038384,3.9433338951202193
181.62,0.0294695825190756,-0.009954353552007474,3.849191826964304
181.63,0.0293701689683394,-0.009928374812489312,3.744107784277422
181.64,0.0292710146613328,-0.0099025045153366,3.645985528059737
181.65,0.0291721185222993,-0.009876740974428297,3.548955257586681
181.66,0.0290734794925952,-0.009851082400857565,3.2149941920566545
181.67,0.02897509653537,-0.009825525091717528,3.263352676712874
181.68,0.0288769686540013,-0.009800068767362493,3.3433249869630086
181.69,0.0287790948245542,-0.00977471344487995,3.064447142211736
181.7,0.0286814740581523,-0.009749456046860793,2.990166857053226
181.71,0.0285841053819636,-0.00972429513984603,2.8867104908676193
181.72,0.0284869878388998,-0.009699229164519357,2.784491132753618
181.73,0.0283901204873157,-0.009674256600161486,2.7335147755812925
181.74,0.0282935024007114,-0.009649376191848304,2.317735906352459
181.75,0.0281971326684758,-0.00962458380221332,2.374008605617689
181.76,0.0281010104312024,-0.009599879337153332,2.5368461341813244
181.77,0.0280051347875093,-0.009575263607944045,2.206121013899257
181.78,0.0279095048734378,-0.009550733365404959,2.1412934538694794
181.79,0.0278141198393123,-0.009526287385129995,2.0387696736278635
181.8,0.027718978849475,-0.009501924278488161,1.9375190266650397
181.81,0.0276240810820225,-0.009477642683428216,1.864494139026652
181.82,0.027529425728538,-0.009453441403077726,1.6246480015858982
181.83,0.0274350119938277,-0.009429317972727409,1.5723891610904075
181.84,0.0273408391122859,-0.009405271492918284,1.6070741116462766
181.85,0.027246906308733,-0.00938130178013254,1.4230158252643663
181.86,0.0271532128269306,-0.009357406937133932,1.3264957057263362
181.87,0.0270597579246012,-0.009333585694317378,1.231567523308241
181.88,0.0269665408716876,-0.009309836854375232,1.1346304543842343
181.89,0.0268735609501071,-0.009286159232270818,1.0627737076871218
181.9,0.0267808174535028,-0.009262551785771574,0.8495067475507991
181.91,0.0266883096869953,-0.009239012426700156,0.7631383401388052
181.92,0.0265960369810858,-0.009215540111070862,0.8032747681424409
181.93,0.0265039986619751,-0.00919213478985231,0.6620327338449491
181.94,0.0264121940666697,-0.009168795052399866,0.5458949313622804
181.95,0.0263206225464488,-0.009145519625669216,0.4593454921015619
181.96,0.0262292834631634,-0.00912230749296423,0.36663126876908037
181.97,0.026138176189005,-0.009099157631784073,0.3082976258936956
181.98,0.026047300106275,-0.009076069201288355,0.06411591219466148
181.99,0.0259566546071557,-0.009053040001598314,-0.08236792544191843
182.0,0.0258662391125236,-0.009030068668018268,0.04703876190373309
182.01,0.0257760530391856,-0.009007155904736658,-0.05330711482769813
182.02,0.0256860958026764,-0.008984300755215831,-0.2249092426728759
182.03,0.0255963668369465,-0.008961501668403444,-0.2992429311501213
182.04,0.0255068655852367,-0.008938757799749255,-0.3896677269401845
182.05,0.0254175914998764,-0.008916068250274141,-0.4617760848424177
182.06,0.0253285440420855,-0.008893432220027545,-0.6193521431136845
182.07,0.0252397226817698,-0.00887084828808908,-0.7903947920452187
182.08,0.0251511269067872,-0.008848315023518197,-0.7385731529609184
182.09,0.0250627562120607,-0.00882583260465239,-0.7850391608473858
182.1,0.0249746100872349,-0.008803400534664949,-0.9533611267315466
182.11,0.0248866880379097,-0.008781017434605852,-1.0256387067691062
182.12,0.024798989577739,-0.008758682572650804,-1.1122031470941474
182.13,0.0247115142282462,-0.00873639517083921,-1.1927625082969078
182.14,0.024624261518645,-0.008714154490597488,-1.291787758698113
182.15,0.0245372309856584,-0.008691959658794034,-1.42565965436417
182.16,0.0244504221759083,-0.008669809607633952,-1.4556728843895053
182.17,0.0243638346454079,-0.0086477039960676,-1.503477633797511
182.18,0.0242774679495571,-0.008625642374681641,-1.6277564800421997
182.19,0.0241913216543769,-0.00860362378067575,-1.7011262724345326
182.2,0.0241053953326221,-0.00858164758022516,-1.7810875431548516
182.21,0.024019688563609,-0.008559713125881607,-1.8617675725205567
182.22,0.0239342009330409,-0.008537819787719059,-1.8922454582101556
182.23,0.0238489320328331,-0.008515967154151845,-2.2292704412315545
182.24,0.0237638814609412,-0.008494152921010065,-2.1823997952593035
182.25,0.0236790488453096,-0.008472377339629213,-2.039528609432059
182.26,0.0235944337833741,-0.008450641292427532,-2.305178232740302
182.27,0.0235100358930518,-0.00842894304358925,-2.3518457473622574
182.28,0.0234258547979701,-0.008407282151805136,-2.429144045359933
182.29,0.0233418901273083,-0.008385658069677416,-2.505832883259048
182.3,0.0232581415156427,-0.008364070265117422,-2.544509784487863
182.31,0.0231746086027939,-0.008342518371453299,-2.794312082408022
182.32,0.023091291033669,-0.008321000717382456,-2.9121415147751395
182.33,0.0230081884760931,-0.008299516553796852,-2.748290725035462
182.34,0.0229253005881222,-0.00827806691698002,-2.8503884074084964
182.35,0.0228426270248751,-0.008256651208046462,-3.0038739265649785
182.36,0.0227601674539626,-0.008235268433391674,-3.063017947122832
182.37,0.0226779215477819,-0.00821391818416669,-3.1376905400917052
182.38,0.0225958889833836,-0.008192600001479094,-3.2071285511300167
182.39,0.0225140694423431,-0.008171313455641814,-3.289776398381361
182.4,0.0224324626106297,-0.008150058024089323,-3.418929299311385
182.41,0.0223510681804277,-0.008128832941332442,-3.4381642284045655
182.42,0.0222698858509511,-0.008107638118289944,-3.4675855012760204
182.43,0.0221889153178742,-0.008086473413212569,-3.5848009067501576
182.44,0.0221081562843965,-0.008065338163669937,-3.6465081734677285
182.45,0.0220276084575764,-0.008044232019390873,-3.7155993037515196
182.46,0.0219472715482091,-0.008023154612906766,-3.7840877124785908
182.47,0.0218671452707019,-0.00800210558927596,-3.836765553654607
182.48,0.0217872293429493,-0.007981084659920066,-3.981200707406369
182.49,0.0217075234862111,-0.007960091038781605,-4.0145220036660785
182.5,0.0216280274314731,-0.007939124599659158,-4.009930091953594
182.51,0.0215487409035461,-0.007918185440565785,-4.127189901787417
182.52,0.0214696636335884,-0.007897272974364175,-4.185681469616203
182.53,0.0213907953560014,-0.007876386921145853,-4.248242508133255
182.54,0.0213121358080392,-0.007855527003850903,-4.3117850709529195
182.55,0.02123368472969,-0.007834692954884181,-4.336546236508732
182.56,0.0211554418635593,-0.007813884654436545,-4.571653660478759
182.57,0.0210774069547483,-0.007793100820494293,-4.7120189674802315
182.58,0.020999579767038,-0.007772340791279356,-4.512268788422966
182.59,0.0209219600559789,-0.00775160580522664,-4.573200967553003
182.6,0.0208445475683576,-0.007730895684736628,-4.741316761896279
182.61,0.0207673420619323,-0.00771020959733666,-4.7836212660813215
182.62,0.0206903432968336,-0.007689547381537655,-4.8463624365631714
182.63,0.0206135510354673,-0.007668908814451615,-4.899779605070421
182.64,0.0205369650424221,-0.007648293713285899,-4.974555302004801
182.65,0.0204605850843745,-0.007627701730740077,-5.199987107883385
182.66,0.0203844109336855,-0.007607131793868251,-5.1286777356905935
182.67,0.0203084423732633,-0.007586584427472411,-5.064878276264465
182.68,0.0202326791687967,-0.007566060122092631,-5.2570213116781455
182.69,0.0201571210965608,-0.00754555802175488,-5.295913270126239
182.7,0.0200817679347166,-0.007525078013595737,-5.356999834370312
182.71,0.0200066194632331,-0.007504619920828288,-5.415630358611987
182.72,0.0199316754638066,-0.00748418357476678,-5.4946623741223855
182.73,0.0198569357197802,-0.007463768747470861,-5.44354522759014
182.74,0.0197824000160654,-0.007443375848968994,-5.539445257971234
182.75,0.019708068131,-0.0074230045287682535,-5.698336303451605
182.76,0.0196339398554413,-0.00740265412225256,-5.684115637641895
182.77,0.0195600149782396,-0.0073823248357241375,-5.738862531402476
182.78,0.0194862932886525,-0.007362016576029229,-5.792652576520462
182.79,0.0194127745769765,-0.00734172923765678,-5.844404334099157
182.8,0.01933945863446,-0.0073214627296515926,-5.890384899435388
182.81,0.0192663452532184,-0.00730121698958924,-5.938986578785751
182.82,0.0191934342261459,-0.007280991887719113,-6.169182496670118
182.83,0.0191207253492144,-0.0072607864796515355,-6.091704791837356
182.84,0.0190482184289543,-0.007240601338639007,-5.998301201190591
182.85,0.0189759132532438,-0.007220437117096713,-6.18894764536237
182.86,0.0189038096190178,-0.007200293102492712,-6.2143919309611
182.87,0.018831907323774,-0.0071801693126108115,-6.2633136560373295
182.88,0.018760206165495,-0.007160065702655882,-6.312701093216066
182.89,0.0186887059425747,-0.00713998223529439,-6.309997882389064
182.9,0.0186174064537421,-0.00711991903977801,-6.568551750552533
182.91,0.0185463074979861,-0.007099874971930667,-6.9000288984434315
182.92,0.0184754088935596,-0.0070798487123216285,-6.492135373526761
182.93,0.0184047104577464,-0.00705984240814492,-6.393331431257674
182.94,0.0183342119773031,-0.007039856790761028,-6.726168316094481
182.95,0.0182639132569115,-0.00701989053386159,-6.730176108170247
182.96,0.0181938141017717,-0.006999943732485022,-6.785389089627967
182.97,0.0181239143175586,-0.006980016341350098,-6.835813190707094
182.98,0.0180542137103781,-0.0069601083194632185,-6.940099182981474
182.99,0.0179847120867247,-0.006940219475998529,-6.727579010072102
183.0,0.0179154092534361,-0.006920351003701671,-6.7593429854079465
183.01,0.0178463049991424,-0.006900502949036633,-7.0985206238927345
183.02,0.0177773991301639,-0.006880673991043381,-7.054269265946292
183.03,0.0177086914544315,-0.006860864481784158,-7.031579408579649
183.04,0.0176401817746741,-0.006841074766551827,-7.083959512411549
183.05,0.0175718698930381,-0.006821304868589225,-7.036013642761032
183.06,0.0175037556110029,-0.0068015550916348975,-7.489783426074403
183.07,0.0174358387292926,-0.006781823649063395,-7.515376043496604
183.08,0.0173681190757063,-0.0067621106761266555,-7.1094143520995745
183.09,0.0173005964485529,-0.006742418161559231,-7.3169987168366735
183.1,0.0172332706462205,-0.00672274552130176,-7.432370742581057
183.11,0.0171661414727933,-0.006703092431994181,-7.4636111602076545
183.12,0.0170992087321857,-0.006683458960730944,-7.493893661951368
183.13,0.0170324722281138,-0.006663845176411535,-7.632000340877885
183.14,0.0169659317640722,-0.006644250715029098,-7.670388455812264
183.15,0.0168995871490547,-0.0066246756410567416,-7.628959139008006
183.16,0.0168334381855164,-0.006605120349713305,-7.722528196314528
183.17,0.0167674846765942,-0.006585584692222514,-7.78038506206649
183.18,0.0167017264263538,-0.006566068622079063,-7.926223194389138
183.19,0.0166361632388206,-0.006546571897980778,-7.480639388981649
183.2,0.0165707949179771,-0.006527096576439245,-7.575919630523837
183.21,0.0165056212373383,-0.006507642467466739,-8.136906233648487
183.22,0.0164406420036681,-0.006488207520565729,-7.967775332173113
183.23,0.0163758570204446,-0.006468792540850754,-7.95158329759427
183.24,0.0163112660852954,-0.006449397871692575,-8.045192621428269
183.25,0.0162468689952588,-0.006430023438056653,-7.904625804601942
183.26,0.0161826655467848,-0.006410670026904079,-7.961218881982629
183.27,0.0161186555249266,-0.006391337635739224,-8.191727517923333
183.28,0.0160548387258663,-0.006372025590335121,-8.155073360839724
183.29,0.0159912149441995,-0.006352734227747416,-8.174206892719825
183.3,0.0159277839718082,-0.006333463732173412,-8.177743328709164
183.31,0.0158645455997915,-0.006314214270909206,-8.437420903247434
183.32,0.0158014996184631,-0.006294985075016585,-8.464228796725743
183.33,0.0157386458299478,-0.0062757762853550385,-8.278666065835885
183.34,0.0156759840220606,-0.00625658883825252,-8.414545707811032
183.35,0.0156135139828141,-0.006237422495487463,-8.48798779777029
183.36,0.0155512355019838,-0.006218277183520025,-8.567353420620035
183.37,0.0154891483687919,-0.00619915288136167,-8.407949047215558
183.38,0.0154272523719054,-0.006180050416375879,-8.46597485742367
183.39,0.0153655472879503,-0.006160969795273288,-8.728124482668239
183.4,0.0153040329052161,-0.006141910287591604,-8.688525995138834
183.41,0.0152427090107103,-0.006122872230664243,-8.699914896151478
183.42,0.0151815753884964,-0.0061038558238208935,-8.82374351269425
183.43,0.0151206318218724,-0.0060848609553058415,-8.486987084021258
183.44,0.0150598780933714,-0.006065889071617534,-8.545556305966102
183.45,0.014999313964347,-0.006046940177703329,-8.985214361874577
183.46,0.0149389392168873,-0.006028012947246626,-8.871399770309727
183.47,0.014878753631324,-0.00600910794532748,-8.850857520621048
183.48,0.014818756982857,-0.005990225513761632,-8.892957115407796
183.49,0.0147589490455439,-0.005971365747627439,-8.959065162732948
183.5,0.0146993295922979,-0.005952528648890849,-8.992801811860106
183.51,0.0146398983965665,-0.005933714336519965,-8.993696418720283
183.52,0.0145806552289047,-0.005914923040635758,-9.041609571293662
183.53,0.0145215998587807,-0.005896154836463353,-9.081841638635169
183.54,0.0144627320548878,-0.00587740981577837,-9.12554685623226
183.55,0.0144040515848069,-0.00585868807280577,-9.113896938937694
183.56,0.0143455582150077,-0.00583998987848419,-9.152851062642952
183.57,0.0142872517084766,-0.0058213153313225645,-9.23988519983524
183.58,0.0142291318296635,-0.005802664373544149,-9.255854073666384
183.59,0.014171198341812,-0.005784037174370857,-9.283340605471428
183.6,0.0141134510065162,-0.005765433877353398,-9.32253076003033
183.61,0.0140558895842227,-0.005746854587815826,-9.353420431179156
183.62,0.0139985138342315,-0.005728299444713251,-9.341846958695296
183.63,0.0139413235140723,-0.005709768709247567,-9.411689408517674
183.64,0.0138843183786786,-0.005691262384773371,-9.48153931386075
183.65,0.0138274981849092,-0.0056727804747174915,-9.480923159217344
183.66,0.0137708626870995,-0.005654323201275729,-9.520245353559007
183.67,0.0137144116384056,-0.0056358906712659805,-9.575576317075809
183.68,0.0136581447908029,-0.005617482960148356,-9.502057918394296
183.69,0.0136020618950883,-0.005599100524576638,-9.529732801048555
183.7,0.0135461626957789,-0.0055807434967383605,-9.688786773878846
183.71,0.0134904469411628,-0.005562411612362468,-9.688090447518848
183.72,0.0134349143790075,-0.005544105079060939,-9.692589045517195
183.73,0.0133795647544006,-0.005525824111858388,-9.735976330799604
183.74,0.0133243978111686,-0.005507568811414125,-9.76421061493199
183.75,0.0132694132918746,-0.0054893393512916566,-9.612162650628502
183.76,0.0132146109361692,-0.005471136389639172,-9.76403319948978
183.77,0.0131599904765604,-0.005452959693153205,-9.935909513309694
183.78,0.0131055516554117,-0.005434808971445845,-9.829062173264568
183.79,0.013051294208993,-0.00541668473064912,-9.87976940244461
183.8,0.0129972178722035,-0.005398587068414142,-9.89142767426651
183.81,0.0129433223785727,-0.00538051615016582,-9.99504161413195
183.82,0.012889607460259,-0.005362471890474991,-10.0388818153852
183.83,0.0128360728514569,-0.005344454385124226,-9.9711743831947
183.84,0.0127827182821341,-0.0053264640408409525,-10.014173715780604
183.85,0.0127295434797884,-0.00530850096172986,-10.07092119804345
183.86,0.0126765481718119,-0.005290565198850783,-10.091705077840913
183.87,0.0126237320842869,-0.005272656899807498,-10.114849619375569
183.88,0.0125710949419842,-0.005254776186460093,-10.278694880231445
183.89,0.0125186364691437,-0.005236922828023343,-10.227900227541811
183.9,0.0124663563930415,-0.005219097174631622,-10.149830189432215
183.91,0.0124142544321081,-0.005201299647487398,-10.277847805110849
183.92,0.0123623303066552,-0.005183530125289193,-10.291359867108465
183.93,0.0123105837357518,-0.0051657887582401045,-10.343107972432646
183.94,0.0122590144372258,-0.005148075634198328,-10.270852690635062
183.95,0.0122076221276617,-0.005130391156928267,-10.259562808736208
183.96,0.0121564065180382,-0.005112735550606678,-10.42918741318492
183.97,0.0121053673210824,-0.0050951085727675574,-10.452056586999607
183.98,0.0120545042506642,-0.005077510349942519,-10.427103176148107
183.99,0.0120038170174018,-0.005059941147693325,-10.46366525306493
184.0,0.0119533053305865,-0.00504240107980426,-10.498426578073873
184.01,0.011902968898184,-0.005024890271909218,-10.423260864828084
184.02,0.0118528074264983,-0.005007409104745726,-10.501463101739986
184.03,0.0118028206173253,-0.004989957575450103,-10.607317202809233
184.04,0.0117530081762864,-0.00497253561373413,-10.558732002735532
184.05,0.0117033698055428,-0.004955143521777397,-10.59414509836786
184.06,0.0116539052058864,-0.004937781419153325,-10.587820204704931
184.07,0.0116046140767386,-0.004920449488550848,-10.739006979835493
184.08,0.0115554961161512,-0.00490314753206752,-10.868289205997364
184.09,0.0115065510262873,-0.0048858754344517415,-10.703923174397495
184.1,0.0114577785061241,-0.004868633778465923,-10.698328046729976
184.11,0.011409178248656,-0.0048514227812149,-10.810349691591128
184.12,0.0113607499485167,-0.00483424236340747,-10.828341362653966
184.13,0.0113124932991739,-0.004817092633569162,-10.971924064673937
184.14,0.0112644079938762,-0.004799973444517579,-10.933957280659035
184.15,0.0112164937275603,-0.004782885066750958,-10.878979275641942
184.16,0.01116875018895,-0.0047658278091858184,-10.983441182796044
184.17,0.0111211770677744,-0.004748801614983311,-11.072043306278795
184.18,0.0110737740526913,-0.004731806506113346,-10.731050338975725
184.19,0.0110265408312887,-0.00471484342760836,-10.831675406420528
184.2,0.010979477077798,-0.004697912321925824,-11.19368483104213
184.21,0.010932582479941,-0.00468101255739835,-11.020286541670849
184.22,0.0108858567205408,-0.00466414465531919,-11.004520864236602
184.23,0.0108392994801189,-0.0046473088260283926,-11.180780183730326
184.24,0.0107929104378595,-0.004630504832546685,-11.34500632780829
184.25,0.010746689277614,-0.004613732497469233,-11.130169606903722
184.26,0.0107006356804072,-0.004596992455329158,-11.10063783682609
184.27,0.0106547493201968,-0.004580284956059927,-11.240505716591287
184.28,0.0106090298731614,-0.004563609871766679,-11.24718618449949
184.29,0.0105634770143748,-0.004546967322180913,-11.369953922530168
184.3,0.0105180904184432,-0.004530357217720002,-11.341694467454147
184.31,0.0104728697611129,-0.004513779780387526,-11.295330074971448
184.32,0.0104278147131926,-0.0044972352684291535,-11.387083336339542
184.33,0.0103829249460165,-0.004480723661811646,-11.391345032124914
184.34,0.0103382001298835,-0.004464245092774145,-11.481191093628132
184.35,0.0102936399340575,-0.004447799536709917,-11.497363236030967
184.36,0.0102492440286535,-0.004431387117819147,-11.46527081937302
184.37,0.0102050120805817,-0.004415008054698362,-11.523399974065988
184.38,0.0101609437562154,-0.004398662391019137,-11.551718575275306
184.39,0.0101170387211165,-0.004382350218974131,-11.57595669834858
184.4,0.0100732966398542,-0.004366071641491689,-11.600735391884005
184.41,0.010029717175969,-0.004349826759921611,-11.627667742151074
184.42,0.0099862999920144,-0.0043336156705316275,-11.653428488906242
184.43,0.0099430447495887,-0.004317438471705884,-11.670219651977186
184.44,0.0098999511092756,-0.004301295275671739,-11.689569623537531
184.45,0.0098570187306633,-0.0042851861547374675,-11.987484952517685
184.46,0.0098142472736918,-0.004269110695140875,-11.903259588345199
184.47,0.0097716364034868,-0.0042530691970082335,-11.733554285766537
184.48,0.0097291857752805,-0.004237062116689127,-11.940675745053662
184.49,0.0096868950470139,-0.004221089238136642,-11.903968927145835
184.5,0.0096447638759113,-0.004205150749849186,-11.927528063787207
184.51,0.0096027919171096,-0.004189246746705,-12.008802589222526
184.52,0.009560978826028,-0.004173377217015764,-12.038008670789067
184.53,0.0095193242575521,-0.004157542241700011,-12.04385216120938
184.54,0.0094778278654932,-0.004141741960873337,-11.951637143222243
184.55,0.0094364893018352,-0.004125976669811654,-12.046660424854798
184.56,0.0093953082155976,-0.004110246332959218,-12.15868879764234
184.57,0.0093542842587647,-0.004094550887182502,-12.060694274603652
184.58,0.0093134170808843,-0.004078890596038304,-12.328815801946497
184.59,0.0092727063305907,-0.004063265131152621,-12.350750512881785
184.6,0.0092321516617302,-0.004047674583230703,-12.167317508991221
184.61,0.0091917527212702,-0.004032119389169147,-12.271287913672934
184.62,0.009151509156308,-0.0040165995060076,-12.394774636917735
184.63,0.0091114206139134,-0.004001114810884936,-12.661697511868933
184.64,0.0090714867435967,-0.003985664983629112,-12.527060669974684
184.65,0.009031707196886,-0.003970250366624106,-12.426932159255111
184.66,0.0089920816181243,-0.003954871248181711,-12.644346867786691
184.67,0.0089526096541291,-0.003939527418908342,-12.541217334100207
184.68,0.0089132909513233,-0.003924219145545865,-12.613794785900973
184.69,0.008874125152747,-0.003908946428256678,-12.760561981731337
184.7,0.008835111904533,-0.0038937091481465952,-12.748344694414769
184.71,0.0087962508511975,-0.0038785074369400777,-12.732831900809611
184.72,0.0087575416367049,-0.003863341450728268,-12.675650574793153
184.73,0.008718983902555,-0.003848211389058329,-12.813197368317738
184.74,0.0086805772894804,-0.003833117151657535,-12.891167476246315
184.75,0.0086423214400885,-0.003818058727422527,-12.811099371198626
184.76,0.0086042159951718,-0.0038030363060866912,-13.229239906417055
184.77,0.0085662605953769,-0.003788049374688262,-13.151211664686246
184.78,0.008528454888518,-0.003773098159050867,-12.900729058475882
184.79,0.0084907985118207,-0.0037581831412416998,-13.116588120716052
184.8,0.0084532911058083,-0.0037433041081550112,-13.350473973185299
184.81,0.0084159323106483,-0.003728460772756632,-13.6313800209851
184.82,0.0083787217721174,-0.003713652827737465,-13.446035391099045
184.83,0.0083416591350243,-0.0036988806311241684,-13.550936853491356
184.84,0.0083047440401448,-0.0036841441909766437,-13.280087462010377
184.85,0.0082679761306024,-0.003669443999420848,-13.376661174337261
184.86,0.0082313550396594,-0.003654780009115846,-13.808201064755293
184.87,0.0081948804110716,-0.0036401517229424944,-13.60886308622898
184.88,0.0081585518849923,-0.0036255595062724584,-13.516958970259454
184.89,0.0081223691000187,-0.0036110036065483,-13.628076566662918
184.9,0.0080863316919889,-0.003596483975785023,-13.691198143257191
184.91,0.0080504392998302,-0.003582000589616716,-14.006531049222799
184.92,0.0080146915605785,-0.003567553078637484,-14.340834644695144
184.93,0.0079790881194895,-0.0035531410948016606,-14.021011891364399
184.94,0.0079436286186998,-0.003538765155877569,-13.991864634161516
184.95,0.0079083126961768,-0.0035244253774582906,-14.624996377599649
184.96,0.0078731399927822,-0.0035101210174091585,-14.63494148423792
184.97,0.0078381101574437,-0.003495852135105811,-14.46426197965252
184.98,0.0078032228309241,-0.0034816190460733283,-14.704351593546319
184.99,0.0077684776575247,-0.0034674215906958564,-14.3677940027582
185.0,0.007733874278959,-0.003453260271161639,-14.65883662389233
185.01,0.0076994123326064,-0.0034391348109666393,-15.02666371582023
185.02,0.0076650914641171,-0.0034250448452549827,-14.75447424900407
185.03,0.0076309113161055,-0.0034109907949816656,-14.790822305387113
185.04,0.0075968715283824,-0.003396972724715003,-14.98817706994876
185.05,0.0075629717421266,-0.0033829904885824525,-14.937913781681281
185.06,0.0075292115992517,-0.003369044165834979,-15.757468977273929
185.07,0.0074955907416898,-0.0033551328533892376,-15.712239281137563
185.08,0.0074621088247882,-0.0033412566966824573,-15.185948646757259
185.09,0.0074287654888253,-0.003327416388207467,-15.867281486475456
185.1,0.0073955603799376,-0.00331361120235415,-16.45647416892272
185.11,0.0073624931494699,-0.003299840499908369,-16.324564070191226
185.12,0.0073295634542275,-0.00328610450651832,-16.382866898694516
185.13,0.0072967709431335,-0.003272403313795025,-16.000982108967133
185.14,0.0072641152700286,-0.003258737515982567,-15.611119516001024
185.15,0.0072315960735341,-0.0032451076520700188,-16.229727189650916
185.16,0.0071992129993502,-0.0032315130907041205,-16.830224252006584
185.17,0.0071669656959547,-0.0032179531868666462,-17.03874688202805
185.18,0.0071348538202779,-0.0032044278060733462,-16.514489847557897
185.19,0.0071028770233797,-0.003190937553823379,-17.55543366235857
185.2,0.007071034955479,-0.0031774813656041093,-18.141029974693925
185.21,0.0070393272840223,-0.0031640586611674914,-17.831762287118373
185.22,0.0070077536692912,-0.003150669866357478,-17.785089776163822
185.23,0.0069763137732174,-0.0031373151632116346,-17.97837812717445
185.24,0.0069450072530027,-0.003123994416470862,-18.71410334924819
185.25,0.0069138337732997,-0.0031107069901008502,-18.10310572252144
185.26,0.0068827929999261,-0.00309745361484665,-18.112872412931264
185.27,0.0068518845874167,-0.0030842344010741157,-18.659094010706774
185.28,0.0068211081997203,-0.003071048852387498,-19.247774492850503
185.29,0.0067904634997822,-0.003057896422350016,-19.498559006257537
185.3,0.0067599501611366,-0.0030447769710291598,-19.008642857406016
185.31,0.0067295678494291,-0.003031691010982546,-20.476277252000763
185.32,0.006699316233419,-0.0030186371803357895,-20.824510040519943
185.33,0.0066691949993593,-0.0030056151956166567,-20.512528997534407
185.34,0.0066392038222185,-0.0029926254652617133,-20.873335665338935
185.35,0.0066093423832991,-0.002979667774497506,-21.176226153282297
185.36,0.0065796103607688,-0.002966741899745812,-21.928169333134246
185.37,0.0065500074407014,-0.0029538472712375137,-21.374924510148922
185.38,0.0065205333094064,-0.0029409845147458013,-21.701588387943353
185.39,0.0064911876449484,-0.002928153455000828,-22.30335674224479
185.4,0.0064619701365143,-0.0029153535783124833,-23.358270447598215
185.41,0.0064328804721647,-0.002902583975589143,-23.717941257841133
185.42,0.0064039183565343,-0.0028898444343350097,-23.35431714064442
185.43,0.0063750834821791,-0.002877135393635844,-24.13474906028585
185.44,0.0063463755487497,-0.0028644563001857934,-24.48015656793097
185.45,0.0063177942571242,-0.002851806935968338,-24.89861251967956
185.46,0.0062893393121174,-0.00283918700716834,-25.96797150756558
185.47,0.0062610104214369,-0.0028265956731058357,-26.418111469849624
185.48,0.0062328073041115,-0.0028140326559416584,-26.489209833344557
185.49,0.0062047296738497,-0.002801498027434965,-27.080118929457537
185.5,0.0061767772501328,-0.002788991430504225,-27.58928755832887
185.51,0.0061489497528995,-0.002776512547375868,-28.29948330867905
185.52,0.0061212469081704,-0.0027640609251666334,-28.56107925576776
185.53,0.0060936684438356,-0.0027516364939600604,-28.828677985894068
185.54,0.0060662140886416,-0.0027392391184975252,-30.576050216413655
185.55,0.0060388835759443,-0.002726867403062428,-32.449066681566656
185.56,0.0060116766592597,-0.0027145198974908866,-32.57553083377855
185.57,0.0059845930971479,-0.002702196636624207,-32.73572423049293
185.58,0.0059576326459693,-0.0026898976538516674,-34.373446159030635
185.59,0.005930795066016,-0.0026776218889191625,-33.92030900263125
185.6,0.0059040801286667,-0.002665369958424994,-33.07747474597885
185.61,0.0058774875853974,-0.002653142742183273,-34.83728700333147
185.62,0.0058510171960315,-0.002640938974824983,-37.70877498192084
185.63,0.0058246687339964,-0.002628756532705801,-37.861344927083294
185.64,0.0057984419944377,-0.002616595406721659,-38.55802977088154
185.65,0.0057723367565717,-0.00260445521091665,-41.03547800002111
185.66,0.0057463528254405,-0.0025923342763258207,-41.4029291968573
185.67,0.0057204900073288,-0.0025802324835200304,-42.32092374395709
185.68,0.0056947481136536,-0.0025681493766741524,-43.80646258478233
185.69,0.0056691269602989,-0.0025560840807983057,-44.844585863912314
185.7,0.0056436263744022,-0.0025440360623649994,-45.71136893521981
185.71,0.0056182461830134,-0.0025320049160966287,-47.30375901010547
185.72,0.0055929862228534,-0.0025199897281383147,-48.76824123114034
185.73,0.0055678463378401,-0.0025079896971175477,-49.459931720512806
185.74,0.0055428263803924,-0.002496004465822512,-53.243595765763885
185.75,0.0055179262069795,-0.002484031553302477,-55.37592205862217
185.76,0.0054931457118673,-0.0024720696935941243,-55.383875167731055
185.77,0.0054684847760356,-0.0024601191320150007,-57.86236795434028
185.78,0.0054439432960725,-0.0024481784945116743,-59.73327678188066
185.79,0.0054195211764629,-0.0024362467543317065,-61.65673493579891
185.8,0.0053952183346271,-0.0024243229059874765,-63.50572274994225
185.81,0.0053710346949922,-0.002412406030154162,-65.3480306220787
185.82,0.0053469701930254,-0.0024004953255341846,-65.47779538094515
185.83,0.0053230247672678,-0.0023885911314049726,-66.70696885456678
185.84,0.005299198351896,-0.0023766928834141336,-72.92270439538551
185.85,0.0052754909017256,-0.0023647967539849723,-75.95889015882307
185.86,0.0052519024146975,-0.0023529010394142,-76.1776315958832
185.87,0.005228432880158,-0.0023410058828692033,-81.14915966363847
185.88,0.0052050823040849,-0.0023291084970641644,-84.44623497047975
185.89,0.0051818507227691,-0.0023172071602842416,-85.49016464446636
185.9,0.005158738175234,-0.002305301648663319,-88.47603037916927
185.91,0.0051357447085849,-0.002293390566844144,-92.13243585521732
185.92,0.0051128703884509,-0.0022814720719108073,-95.17369394234689
185.93,0.0050901152965256,-0.0022695447416708377,-97.87624372365737
185.94,0.0050674795273889,-0.0022576073784858425,-101.85988241313356
185.95,0.0050449631890894,-0.002245658004299987,-106.35862545152766
185.96,0.0050225664143796,-0.0022336943894782765,-108.9903420242835
185.97,0.0050002893529672,-0.002221715410957523,-113.84311064521381
185.98,0.0049781321651487,-0.002209718699685008,-118.15430344994691
185.99,0.0049560950445571,-0.002197702239268333,-121.3256405743697
186.0,0.004934178191061,-0.002185664693584149,-126.6008364980151
186.01,0.0049123818289778,-0.002173603587019201,-130.50205561199238
186.02,0.0048907062037444,-0.0021615172095375062,-135.45086272829718
186.03,0.0048691515764666,-0.0021494033196857963,-140.29764265075622
186.04,0.0048477182361159,-0.0021372597740241246,-144.57613397922213
186.05,0.0048264064863121,-0.0021250847440058306,-150.8121090925862
186.06,0.0048052166553913,-0.002112875371846701,-155.4367150440815
186.07,0.0047841490999505,-0.002100629712575852,-160.68526408330754
186.08,0.0047632041898447,-0.0020883455123466375,-167.19187160976134
186.09,0.0047423823274484,-0.0020760198846400523,-171.82458976442493
186.1,0.0047216839368561,-0.002063650962072469,-178.5572965110481
186.11,0.0047011094621985,-0.0020512358008190966,-184.61749248530126
186.12,0.0046806593832942,-0.0020387718580692025,-189.8599441955665
186.13,0.0046603341950515,-0.0020262570437941446,-197.45617657558122
186.14,0.0046401344226484,-0.0020136880642274697,-203.31393818210773
186.15,0.0046200606222874,-0.0020010625620833634,-209.83309857226996
186.16,0.0046001133688887,-0.0019883778718016555,-217.39406253873315
186.17,0.0045802932724239,-0.0019756308235416545,-223.34016543549313
186.18,0.0045606009683566,-0.0019628190982791628,-231.21644218882577
186.19,0.0045410371168556,-0.0019499394128892073,-238.4059791392514
186.2,0.0045216024161358,-0.0019369888762591357,-244.8707997365574
186.21,0.0045022975842042,-0.0019239649903358088,-253.37236136107896
186.22,0.0044831233722965,-0.0019108642342691438,-260.42086376650917
186.23,0.0044640805649815,-0.0018976838532041738,-267.79434781125764
186.24,0.0044451699704665,-0.0018844209572808465,-276.10512541254354
186.25,0.0044263924319487,-0.0018710721836267244,-283.61297661648564
186.26,0.0044077488229078,-0.0018576345942783357,-291.51470162908635
186.27,0.0043892400465471,-0.0018441050745041678,-299.61963971150107
186.28,0.0043708670385671,-0.0018304804049008529,-307.63733931393466
186.29,0.0043526307661636,-0.0018167574204899697,-315.6479316373213
186.3,0.0043345322284279,-0.001802932966370836,-323.8430318651018
186.31,0.0043165724558923,-0.001789003791421684,-331.97318777017534
186.32,0.0042987525123612,-0.0017749666798058384,-339.9337025182948
186.33,0.0042810734926006,-0.0017608184954616486,-348.2003672611416
186.34,0.004263536523671,-0.0017465559334958198,-356.21021502794673
186.35,0.0042461427658261,-0.0017321758047225155,-364.21120310124
186.36,0.0042288934101847,-0.0017176749041291563,-372.3317077342605
186.37,0.0042117896812769,-0.001703049935719179,-380.23921258582226
186.38,0.0041948328357729,-0.0016882976804108267,-388.1534733755692
186.39,0.004178024162818,-0.0016734148801491404,-395.9707835938946
186.4,0.0041613649841628,-0.001658398281890857,-403.6824469053907
186.41,0.004144856654014,-0.0016432446363049856,-411.3544327838747
186.42,0.0041285005591678,-0.0016279506607441375,-418.73800242647445
186.43,0.0041122981192146,-0.0016125131660058515,-426.0709268013189
186.44,0.0040962507850569,-0.001596928915800007,-433.3917106390325
186.45,0.0040803600410475,-0.0015811946023491438,-440.26343233799
186.46,0.004064627403727,-0.001565307081765016,-447.10723760551343
186.47,0.0040490544208573,-0.001549263132628326,-453.8375540361406
186.48,0.0040336426733471,-0.0015330594911333842,-460.21227587991103
186.49,0.0040183937739237,-0.0015166929856266255,-466.4394842568777
186.5,0.0040033093671942,-0.0015001604127149728,-472.44214835454505
186.51,0.0039883911299093,-0.0014834585678400048,-478.21419022274756
186.52,0.0039736407707577,-0.0014665842444000344,-483.7095683409457
186.53,0.0039590600305725,-0.0014495342551508574,-488.93427588973253
186.54,0.0039446506818278,-0.0014323054186808582,-493.95644591372957
186.55,0.0039304145290882,-0.0014148945106499714,-498.62390574566547
186.56,0.003916353409125,-0.0013972983513558038,-503.01238930762776
186.57,0.0039024691902281,-0.0013795137494442015,-507.19391438010837
186.58,0.0038887637731097,-0.0013615374480217043,-510.945926992573
186.59,0.0038752390908991,-0.0013433662634724703,-514.4380713509349
186.6,0.0038618971082556,-0.0013249969640733166,-517.7092722249247
186.61,0.003848739823012,-0.0013064262357650204,-520.4712311454392
186.62,0.0038357692657017,-0.0012876508746774806,-523.0567630038346
186.63,0.0038229874987597,-0.0012686675451266784,-525.3202340416625
186.64,0.0038103966191985,-0.0012494728792891787,-527.0290069877168
186.65,0.0037979987564016,-0.0012300636572549982,-528.376781617018
186.66,0.0037857960723516,-0.001210436622435865,-530.1409507194259
186.67,0.0037737907628551,-0.001190587853055844,-530.8503890955137
186.68,0.0037619850655188,-0.0011705139798758202,-530.8190110117474
186.69,0.0037503812441059,-0.001150211948618325,-531.2408075876032
186.7,0.0037389815999431,-0.001129677934660853,-531.4881808854627
186.71,0.0037277884720837,-0.0011089078457558383,-530.7013293699661
186.72,0.0037168042415005,-0.0010878982016758539,-529.358274533706
186.73,0.0037060313180558,-0.0010666456756433164,-528.5624227215034
186.74,0.003695472151921,-0.0010451459572725008,-527.1432689447594
186.75,0.0036851292365249,-0.0010233948971683398,-524.9040986862422
186.76,0.003675005104126,-0.001001388822127501,-522.3697679696272
186.77,0.003665102323356,-0.0009791239124300175,-520.4420839653008
186.78,0.0036554235052251,-0.0009565951114541553,-517.429807127818
186.79,0.0036459713148093,-0.0009337981468000075,-513.6362192520065
186.8,0.0036367484491269,-0.0009107292669875049,-510.23168133738136
186.81,0.0036277576521864,-0.0008873836606958397,-506.8343781177491
186.82,0.0036190017162804,-0.0008637558371891906,-502.42072685677715
186.83,0.0036104834913208,-0.0008398412231358235,-497.4426210450402
186.84,0.0036022058626648,-0.000815635550482481,-493.0455126822361
186.85,0.0035941717700379,-0.0007911329750591727,-488.21057325724564
186.86,0.0035863842120751,-0.0007663276221483352,-482.54366391039036
186.87,0.0035788462436103,-0.0007412145000483164,-476.60449856748295
186.88,0.0035715609659018,-0.0007157884737225037,-471.2818801336849
186.89,0.0035645315406573,-0.0006900423795749909,-465.0863852205769
186.9,0.0035577612052978,-0.0006639700903858297,-458.24418156712335
186.91,0.0035512532443273,-0.0006375663196650065,-451.6012276301551
186.92,0.0035450110061081,-0.000610824583689161,-445.130253165385
186.93,0.0035390379054995,-0.0005837369230433302,-438.12852696671496
186.94,0.0035333374447181,-0.0005562959809950096,-430.4347082881519
186.95,0.0035279131839725,-0.0005284957822866814,-422.9062214217767
186.96,0.0035227687516115,-0.0005003290913250039,-415.614507525421
186.97,0.0035179078545211,-0.0004717866522608227,-407.959453468309
186.98,0.0035133343000659,-0.0004428595233249848,-399.6436039602833
186.99,0.003509051969879,-0.0004135408121699974,-391.45554834520306
187.0,0.0035050648172737,-0.0003838223611341687,-383.45411294572756
187.01,0.0035013768896439,-0.00035369382619751506,-375.23329447041914
187.02,0.0034979923415212,-0.00032314483988497226,-366.6037208733058
187.03,0.0034949154230027,-0.0002921669142741636,-357.99272321807257
187.04,0.0034921504649303,-0.0002607507971650124,-349.52532326928986
187.05,0.0034897019066296,-0.0002288848862999742,-340.96115355135754
187.06,0.0034875743061962,-0.00019655703350165586,-332.16152847376384
187.07,0.0034857723394859,-0.0001637571911858301,-323.37325262595624
187.08,0.0034843007718009,-0.00013047489267586126,-314.7012804562039
187.09,0.0034831644944095,-9.669692093083274e-05,-305.99761598264865
187.1,0.0034823685327061,-6.240883405414742e-05,-297.2197712110432
187.11,0.0034819180572392,-2.7598917422527042e-05,-288.48849775582573
187.12,0.003481818334525,7.744599240000425e-06,-279.83840708210124
187.13,0.0034820747790514,4.363684274249237e-05,-271.1722398481379
187.14,0.0034826929552949,8.009461294166578e-05,-262.61226199946395
187.15,0.0034836786022693,0.00011713169743749223,-254.15670833516612
187.16,0.0034850375667152,0.00015476151856999072,-245.7301591151193
187.17,0.0034867758667213,0.00019300127276586568,-237.2845363299068
187.18,0.0034888996886825,0.00023187038221418398,-229.1122855866409
187.19,0.0034914154252758,0.0002713848372533356,-221.11183714392956
187.2,0.0034943295892855,0.0003115599222741454,-213.1173326840664
187.21,0.0034976488910749,0.0003524147322966591,-205.0283742888784
187.22,0.0035013802244024,0.00039397210272416785,-197.3347397276335
187.23,0.0035055307383354,0.0004362513273116624,-189.9791951405623
187.24,0.0035101077150426,0.00047926910619167746,-182.49987899694293
187.25,0.0035151186569191,0.0005230474642575156,-175.07219694976357
187.26,0.003520571280329,0.0005676106116383507,-167.8257626024274
187.27,0.0035264735649157,0.0006129829695674695,-161.10677419912008
187.28,0.0035328337056188,0.0006591847451241687,-154.41021834814777
187.29,0.0035396601028894,0.000706238888663339,-147.6948647852318
187.3,0.0035469614147037,0.0007541720988024977,-140.99389022877364
187.31,0.0035547465709553,0.0008030137177875124,-134.93258370598195
187.32,0.0035630247982897,0.0008527880700266585,-129.07891162540926
187.33,0.0035718055254429,0.0009035196337325171,-123.12650663137305
187.34,0.0035810984822013,0.0009552379617041597,-117.03858163176284
187.35,0.0035909136862002,0.0010079774114274786,-111.66212532593403
187.36,0.0036012615289436,0.0010617666427650064,-106.65918391810871
187.37,0.00361215261001,0.00111663221647498,-101.38875706691142
187.38,0.0036235978755479,0.0011726079971449807,-96.15886817645753
187.39,0.0036356085930576,0.0012297309575175228,-91.33352153808792
187.4,0.003648196433667,0.001288036068260016,-87.03619427925553
187.41,0.0036613733600607,0.001347554170272484,-82.59678769407559
187.42,0.0036751516833815,0.0014083215987850022,-78.19068257527897
187.43,0.0036895440903409,0.001470378296054184,-73.90612290751346
187.44,0.0037045636840544,0.0015337660259233208,-70.21782010080699
187.45,0.0037202239699174,0.0015985212000125038,-66.61119141433275
187.46,0.0037365387968827,0.0016646822349083512,-62.92762813370985
187.47,0.0037535224489658,0.0017322930282458154,-59.21665518517621
187.48,0.0037711896482526,0.0018014017720491713,-56.11046879693983
187.49,0.0037895556174871,0.0018720504924825106,-53.22595692913417
187.5,0.0038086359324072,0.0019442805275175078,-50.16639966752185
187.51,0.0038284466631047,0.002018140532137507,-47.14362652286977
187.52,0.0038490043498913,0.0020936828008474803,-44.42311318923825
187.53,0.0038703260935034,0.0021709578919316495,-42.11895112433011
187.54,0.0038924294394951,0.0022500117290133325,-39.67987267140574
187.55,0.0039153324329033,0.0023308965913600216,-37.35195853106568
187.56,0.0039390536576089,0.0024136669733091773,-35.07584153677473
187.57,0.0039636122474506,0.0024983801984658134,-33.11153403762557
187.58,0.0039890279190764,0.0025850905594383125,-31.273199529654995
187.59,0.0040153209008274,0.002673852933463295,-29.414396314436136
187.6,0.0040425120174907,0.0027647268551066586,-27.62648678781286
187.61,0.0040706226827494,0.002857774273869228,-26.017067401109585
187.62,0.0040996749518396,0.002953056436305829,-24.5842883475416
187.63,0.0041296914627543,0.003050633440692463,-23.130321928453032
187.64,0.0041606954851732,0.0031505697325166825,-21.807939607306974
187.65,0.0041927109365351,0.003252929792295833,-20.637692120204868
187.66,0.004225762374184,0.0033577771490649706,-19.427262571481272
187.67,0.0042598749997652,0.0034651803394750015,-18.29955259222764
187.68,0.0042950747331262,0.0035752093122991893,-17.261898072508497
187.69,0.0043313881673357,0.003687933789484196,-16.595281953479635
187.7,0.0043688425972721,0.0038034132479933,-15.68706132252978
187.71,0.0044074658581943,0.003921719255359145,-14.65886854728187
187.72,0.0044472866702358,0.004042932970442525,-13.983693269254488
187.73,0.0044883344404022,0.004167124114228329,-13.39895224299373
187.74,0.0045306392984822,0.004294359722376661,-13.048465468558442
187.75,0.0045742319904581,0.0044246990040774795,-12.241036647117957
187.76,0.0046191439039978,0.004558225876152497,-11.55678710180847
187.77,0.0046654074040377,0.004695023427946645,-11.076605320890591
187.78,0.0047130555019807,0.004835163822743308,-11.273337375131804
187.79,0.0047621219629677,0.0049786836778667135,-10.713219216453574
187.8,0.0048126407167086,0.0051256629489075485,-9.871442886934894
187.81,0.0048646470805169,0.005276205331851645,-9.782250053202826
187.82,0.0049181768885054,0.005430368858174968,-9.71987716284712
187.83,0.0049732666975199,0.0055882056253016435,-9.909983705385663
187.84,0.0050299533897516,0.005749751704348358,-9.263015847166518
187.85,0.0050882744154503,0.005915104180501639,-8.869810904421676
187.86,0.0051482684274268,0.006084347843764948,-8.765003636810254
187.87,0.0052099744972613,0.006257538154890905,-9.633650389094905
187.88,0.0052734323029878,0.006434649776271689,-9.22793675378922
187.89,0.0053386808413514,0.006615760423646648,-8.425588054231994
187.9,0.005405761206995,0.006800992991368312,-8.763568606675761
187.91,0.0054747144784813,0.006990362539555818,-9.135061169954014
187.92,0.0055455822410628,0.007183867749938305,-9.644919080142262
187.93,0.0056184056091471,0.007381491946710839,-9.040050038919333
187.94,0.0056932261223288,0.007583333685893381,-8.899298414007106
187.95,0.005770086495004,0.00778944817319583,-9.119314028049153
187.96,0.0058490292856108,0.007999834716170783,-10.155815245027323
187.97,0.0059300971346196,0.008214390267674999,-10.103217341929334
187.98,0.0060133310733131,0.008433133507153323,-9.59857292211605
187.99,0.0060987739645014,0.008656144482477523,-10.322578355523083
188.0,0.0061864679038068,0.00888333776356002,-10.826943410073898
188.01,0.0062764544406719,0.009114640777895809,-10.923366915516088
188.02,0.0063687743510499,0.009350033658838366,-10.95199884559755
188.03,0.0064634686490987,0.009589500684701673,-11.67017429787184
188.04,0.0065605775321606,0.009832915768054123,-12.135209047964697
188.05,0.0066601398073933,0.010080177825989986,-12.249169964541199
188.06,0.0067621937252402,0.010331236673360899,-12.476275000687508
188.07,0.0068667768546167,0.010586010339567492,-13.720738927628096
188.08,0.0069739255091445,0.010844242436442516,-14.083231200681523
188.09,0.0070836728378796,0.011105807581065807,-14.046192645579028
188.1,0.0071960524989703,0.01137064747982998,-14.999098475529726
188.11,0.0073110958634952,0.011638518327526675,-16.17670126823366
188.12,0.0074288320164897,0.011909120840783344,-16.66912460700805
188.13,0.0075492867787316,0.012182271288862526,-17.01192457241402
188.14,0.0076724853199675,0.012457808127258363,-18.32344440626889
188.15,0.0077984497366541,0.012735382422094205,-19.42650219182832
188.16,0.0079271987045987,0.013014670905104095,-20.212733179692826
188.17,0.0080587479651299,0.013295408328888347,-21.167992811998506
188.18,0.0081931106391614,0.01357729168538842,-22.76686154316397
188.19,0.0083302962136891,0.01385989483604906,-24.079273376503302
188.2,0.0084703096908257,0.014142842552444974,-25.299312207260908
188.21,0.0086131529981184,0.014425781509502496,-27.00448416698031
188.22,0.0087588238083024,0.014708272093358359,-28.92683534332225
188.23,0.0089073153723624,0.01498984161779343,-30.847203645708674
188.24,0.0090586160335747,0.015270031060552521,-32.89174600889109
188.25,0.0092127098061616,0.015548374458252523,-35.4714702185926
188.26,0.0093695755514297,0.015824331660311733,-38.40474902836626
188.27,0.0095291865802121,0.016097330003871712,-41.47315604463647
188.28,0.0096915104267413,0.016366811250274907,-44.82665296973846
188.29,0.0098565092081898,0.016632215752129968,-48.52212183212903
188.3,0.0100241392252183,0.016892974835926673,-53.088075203002276
188.31,0.0101943510777725,0.017148447087840076,-58.25429792344058
188.32,0.0103670884030917,0.01739798019160507,-63.24257962338815
188.33,0.0105422889806362,0.017641017469204958,-69.84757885459878
188.34,0.0107198848251353,0.017876879929840845,-77.54396740616231
188.35,0.0108998003578167,0.01810486302371912,-85.13783864354045
188.36,0.0110819538289548,0.018324381990385913,-94.92260990568721
188.37,0.0112662574483459,0.018534739375604216,-106.47641617556366
188.38,0.0114526157105226,0.01873520976659581,-118.11632390241775
188.39,0.0116409266852866,0.018925205905811662,-132.97095156973944
188.4,0.0118310825524889,0.019104022670085034,-150.82150562934123
188.41,0.0120229674753789,0.019270913693420846,-167.77416211180932
188.42,0.0122164593108508,0.01942536938351745,-189.90222333086595
188.43,0.0124114311089713,0.019566706441975792,-216.95747057725865
188.44,0.012607747295206,0.01969415766929412,-240.17239840138222
188.45,0.0128052665771834,0.019807327502261766,-270.3244996962458
188.46,0.0130038441362323,0.01990559610164423,-306.13769198278914
188.47,0.0132033265369103,0.01998822821681743,-333.61133667456244
188.48,0.0134035554408239,0.02005490373370326,-366.14217383102704
188.49,0.0136043696278981,0.020105094422281734,-400.2445355580733
188.5,0.0138056004160903,0.02013816832254498,-419.67701973013374
188.51,0.0140070750083677,0.020153861536758324,-437.3880057975949
188.52,0.0142086182858753,0.020151753511435028,-449.52523637778836
188.53,0.0144100492017671,0.020131341097505043,-441.9029869367313
188.54,0.0146111835419133,0.020092469390611576,-429.08770090063206
188.55,0.0148118361249711,0.020034867062767473,-410.88906183862747
188.56,0.0150118173446339,0.019958168189334997,-379.44897049032676
188.57,0.0152109355759998,0.019862296511454183,-346.4497821348486
188.58,0.0154089989674227,0.01974713772998914,-314.0277360242267
188.59,0.015605813525907,0.01961250596860012,-278.0097105187422
188.6,0.0158011844162928,0.019458468036936686,-244.86683284197065
188.61,0.0159949184507286,0.01928510750780735,-216.3100725080896
188.62,0.0161868222015631,0.019092415413313423,-189.07691518221273
188.63,0.0163767029071325,0.01888055600107426,-165.0237164889482
188.64,0.0165643702179264,0.018649764729483393,-144.61142857822134
188.65,0.0167496358615061,0.018400265817406527,-126.98319207198188
188.66,0.0169323140690139,0.018132318275988248,-111.76483955160072
188.67,0.0171122218177437,0.01784623336770671,-98.38204171695028
188.68,0.0172891796747086,0.01754242850542263,-87.16509130164414
188.69,0.0174630127029389,0.017221316843840043,-77.74183645175614
188.7,0.0176335497299248,0.01688330304983231,-69.29606453070107
188.71,0.0178006242382125,0.0165289257401532,-62.10867156166496
188.72,0.0179640755909175,0.01615875110842086,-56.058764166048945
188.73,0.0181237485020621,0.015773337037334155,-50.69102614793222
188.74,0.0182794937077111,0.015373331492649252,-46.085898600737096
188.75,0.0184311687280812,0.014959404477343468,-42.1987188964711
188.76,0.0185786376199524,0.014532209377952274,-38.65261867770277
188.77,0.0187217712627113,0.014092518448009997,-35.60393783890991
188.78,0.0188604488593976,0.013641106654816548,-33.249400815229606
188.79,0.0189945564298816,0.013178575003373449,-30.854027835534293
188.8,0.0191239861587368,0.01270577758213668,-28.719960232869933
188.81,0.0192486406570201,0.012223619378671596,-27.26942097760544
188.82,0.0193684293666492,0.011732674059448396,-25.67456143420135
188.83,0.0194832677677402,0.011233808298410775,-24.215424521868552
188.84,0.0195930821573638,0.010727966164847594,-23.256546215512312
188.85,0.0196978059869276,0.010215767141506765,-22.210996846950632
188.86,0.0197973791803667,0.009698064007204975,-21.248723681869695
188.87,0.0198917518947826,0.009175780668303248,-20.629306826316355
188.88,0.0199808817393392,0.008649560885107295,-19.965341286928766
188.89,0.0200647327785112,0.008120233285036835,-19.349156685910398
188.9,0.0201432789439826,0.0075887012779858945,-19.009109948231153
188.91,0.0202165015377254,0.007055569995355077,-18.630784225120887
188.92,0.0202843876596945,0.006521624224751592,-18.276002411527976
188.93,0.0203469341047638,0.005987741379213091,-18.158532588717392
188.94,0.0204041445733196,0.0054544661631083955,-18.01305856484662
188.95,0.0204560278812206,0.00492251738045847,-17.889575290569024
188.96,0.0205026019317759,0.004392707477324001,-17.948036974778397
188.97,0.0205438908867592,0.003865541248604763,-18.00749652959673
188.98,0.0205799237203495,0.003341657496551756,-18.10465299696018
188.99,0.0206107372399768,0.0028217605907552372,-18.323827604518087
189.0,0.0206363738579305,0.0023063363652625337,-18.579921760993333
189.01,0.0206568807165166,0.0017959339757522726,-18.89081874988651
189.02,0.0206723111688364,0.001291136903725041,-19.28795553447172
189.03,0.0206827236501337,0.0007923997465608911,-19.7477428216774
189.04,0.0206881808984203,0.0003001825068158342,-20.277475852438176
189.05,0.0206887505836005,-0.00018503947538924792,-20.886305407346494
189.06,0.0206845047357529,-0.0006628692758251359,-21.573974791585457
189.07,0.0206755190858412,-0.0011329313703089285,-22.348994043277674
189.08,0.0206618732294449,-0.0015948504487339928,-23.213439776601128
189.09,0.0206436502975736,-0.002048298173311138,-24.173815808578155
189.1,0.0206209364834602,-0.0024929773185758688,-25.240449761234252
189.11,0.0205938208987609,-0.002928608202240757,-26.421294220344013
189.12,0.0205623953171724,-0.003354935194845235,-27.724857865682605
189.13,0.0205267539515401,-0.003771729637243402,-29.152655582181865
189.14,0.0204869931290752,-0.004178800284838075,-30.731804981901853
189.15,0.0204432109504525,-0.004575966934100157,-32.48144380350591
189.16,0.0203955073426522,-0.004963060408711816,-34.371573134430534
189.17,0.0203439836922481,-0.005339966994897475,-36.45934274404179
189.18,0.0202887423124854,-0.005706580539723179,-38.79763018829489
189.19,0.0202298867485058,-0.00606278500186767,-41.29186530156032
189.2,0.0201675214574806,-0.00640853352561844,-44.028001977045655
189.21,0.0201017510524338,-0.00674379302013003,-47.153871904175645
189.22,0.0200326807669836,-0.007068491568410894,-50.45055397451867
189.23,0.0199604163869454,-0.007382636335077504,-54.013508196912234
189.24,0.0198850631217827,-0.00768626355718433,-58.18873455461557
189.25,0.0198067262510359,-0.007979339751798311,-62.5467114141978
189.26,0.0197255113065697,-0.008261916422180911,-67.17155412273627
189.27,0.0196415226354572,-0.008534088941826765,-72.7235951997551
189.28,0.0195548641678148,-0.008795859086752414,-78.46660038437734
189.29,0.0194656398140159,-0.009047314474058214,-84.44990930665122
189.3,0.0193739518254496,-0.009288596840245836,-91.74597632054744
189.31,0.0192799016334226,-0.009519743090202672,-99.25424221969669
189.32,0.0191835903438979,-0.009740868354652718,-106.97992525542232
189.33,0.0190851171324266,-0.009952143286928323,-116.27157696327887
189.34,0.0189845800200399,-0.0101536501505157,-125.98842376568108
189.35,0.01888207623699,-0.0103455178633618,-135.84691490061385
189.36,0.018777701198467,-0.010527930695809184,-147.21799955133596
189.37,0.0186715487034468,-0.010701018579218312,-159.4651347122752
189.38,0.0185637114351914,-0.010864916980947437,-171.56779054699712
189.39,0.0184542803602914,-0.011019819275189982,-184.86392785993286
189.4,0.0183433444909375,-0.011165891781983404,-199.5026142930267
189.41,0.0182309914624384,-0.011303276306700877,-213.46819683428208
189.42,0.0181173072662054,-0.011432171064690733,-227.93578784102922
189.43,0.0180023757192387,-0.011552767237895037,-244.1005044050395
189.44,0.0178862790731028,-0.011665211724994913,-258.7147881333626
189.45,0.017769097986165,-0.011769704848346574,-272.67336343595525
189.46,0.0176509108086152,-0.011866454611527608,-288.5251005400696
189.47,0.0175317941851395,-0.011955611500194242,-301.6898360143586
189.48,0.0174118232182821,-0.01203737443710249,-312.72216475148906
189.49,0.0172910706435235,-0.012111960316134117,-325.64006386929475
189.5,0.0171696074081395,-0.012179522654662557,-334.7697339255736
189.51,0.0170475029419348,-0.012240257081875082,-340.5727994147127
189.52,0.016924824324132,-0.012294380804343316,-347.8869311361093
189.53,0.0168016368212885,-0.012342052637133335,-351.11206677726346
189.54,0.0166780041394903,-0.012383461737960004,-350.6587124677567
189.55,0.0165539877812572,-0.012418817036155116,-350.73746525272094
189.56,0.0164296474124368,-0.012448287299343462,-347.92231343196795
189.57,0.0163050410491991,-0.01247205136174319,-341.75768839478
189.58,0.0161802247589467,-0.01249030571468408,-335.2425485902123
189.59,0.0160552527167456,-0.012503226560188457,-327.67728973567824
189.6,0.0159301774385709,-0.012510982358929022,-317.42361900168765
189.61,0.0158050496734153,-0.012513758109904821,-306.66627669022853
189.62,0.0156799182953758,-0.01251173020683765,-296.2873347873015
189.63,0.0155548305443734,-0.01250505831111671,-284.07958680983535
189.64,0.0154298320310562,-0.012493916224395827,-271.5311026965743
189.65,0.0153049665561925,-0.012478475666258376,-260.2063483088596
189.66,0.0151802763368561,-0.012458888282033289,-247.82037415266313
189.67,0.0150558020707236,-0.01243531686342668,-235.31095666868063
189.68,0.014931582741149,-0.01240792532236257,-224.30222209397684
189.69,0.0148076558141469,-0.012376858183682504,-212.83853927553514
189.7,0.014684057322926,-0.01234226737968429,-201.46336337543235
189.71,0.0145608217069815,-0.012304306401215805,-191.44702422856219
189.72,0.0144379819693879,-0.012263112910104084,-181.41753453757445
189.73,0.014315569753988,-0.012218827912889961,-171.62608304519247
189.74,0.0141936152481905,-0.012171593116695904,-162.79648522703422
189.75,0.0140721472869491,-0.012121540110880073,-154.31849925045856
189.76,0.0139511934070802,-0.0120687989871634,-146.15394235912524
189.77,0.0138307798384112,-0.012013499249333351,-138.57596609534596
189.78,0.0137109315383469,-0.011955765291784092,-131.49215391696916
189.79,0.0135916722470027,-0.011895717387112436,-124.74806122551813
189.8,0.0134730245108263,-0.011833473951696665,-118.4198092869286
189.81,0.0133550097046999,-0.011769150081259084,-112.49701383757224
189.82,0.0132376480741281,-0.011702857278415843,-106.93795171681754
189.83,0.0131209587631682,-0.011634703789165871,-101.73098189915575
189.84,0.0130049598519826,-0.011564794579597595,-96.76436057666504
189.85,0.0128896683822358,-0.01149323284940747,-92.17277992200994
189.86,0.0127751003762206,-0.011420117348463347,-87.9222778258281
189.87,0.0126612708990011,-0.011345542793458362,-83.71138598552301
189.88,0.0125481940679206,-0.011269604818159943,-79.91379179104898
189.89,0.0124358830510508,-0.011192393025635896,-76.44699261539155
189.9,0.0123243501707974,-0.011113992180865903,-72.96237363677066
189.91,0.0122136068850918,-0.011034488494969144,-69.67508182375776
189.92,0.0121036638019525,-0.01095396544048591,-66.76859090947417
189.93,0.0119945307196879,-0.010872499819549198,-64.06868753412293
189.94,0.0118862167004245,-0.010790165284466703,-61.106161117507284
189.95,0.0117787300512137,-0.010707040767457399,-58.630666089341716
189.96,0.0116720782882949,-0.010623196139310825,-56.48170157871092
189.97,0.011566268314746,-0.010538695084708307,-54.0438442884252
189.98,0.0114613063454002,-0.010453606857750044,-51.774749329402646
189.99,0.0113571979182211,-0.010367997516444216,-49.88126817475043
190.0,0.0112539479390257,-0.01028192535167242,-48.11803812994412
190.01,0.0111515607657233,-0.01019544612579669,-45.95479290483053
190.02,0.0110500401676185,-0.010108622817621702,-44.27958431711025
190.03,0.0109493892820591,-0.010021508541789065,-42.89723428348081
190.04,0.0108496108078267,-0.009934150254215074,-41.12769925880576
190.05,0.0107507069124036,-0.009846601788305822,-39.505927032286976
190.06,0.0106526792408803,-0.009758913698296555,-38.2231493742096
190.07,0.0105555289610846,-0.009671129089245037,-37.022705117941086
190.08,0.0104592568410703,-0.009583289135754158,-35.38097135366978
190.09,0.010363863204633,-0.00949544249644915,-34.20335691812421
190.1,0.010269347885558,-0.0094076283020567,-33.293705088807755
190.11,0.0101757104165601,-0.009319879947724215,-31.94753189101168
190.12,0.0100829499327339,-0.00923223816452085,-30.733217126059607
190.13,0.0099910651757671,-0.009144740583008366,-29.840564538261845
190.14,0.0099000545389565,-0.009057417826673292,-28.995642477708703
190.15,0.0098099161363019,-0.00897029918616492,-27.686340849596984
190.16,0.0097206477562131,-0.008883421357805949,-26.82711254691466
190.17,0.0096322468161597,-0.008796812111139961,-26.21866089650217
190.18,0.0095447105407556,-0.008710494050643232,-25.145437529705106
190.19,0.0094580358659787,-0.008624497113094166,-24.200717683303825
190.2,0.0093722194408423,-0.008538848310740858,-23.55655088729818
190.21,0.0092872576704246,-0.00845356843107999,-22.931695173053335
190.22,0.0092031467736117,-0.008368677463862545,-21.86950398328956
190.23,0.0091198827398635,-0.008284201822584164,-21.21682784048648
190.24,0.009037461292017,-0.008200160289509187,-20.795615872456434
190.25,0.0089558780363771,-0.008116567272134154,-19.876070066785097
190.26,0.0088751283804616,-0.008033444478663351,-19.09950262319672
190.27,0.0087952075200764,-0.007950810594982514,-18.690106965365754
190.28,0.008716110499051,-0.007868677573002476,-18.23836335136118
190.29,0.0086378322564902,-0.007787057560589107,-17.421406154312663
190.3,0.0085603675805323,-0.007705967930478298,-16.606940625780556
190.31,0.0084837110791975,-0.00762542506156246,-16.340927123662624
190.32,0.0084078572323668,-0.0075454362899992295,-16.036128581119158
190.33,0.0083328004785537,-0.007466009129720834,-15.24040263201259
190.34,0.0082585351301818,-0.007387157949537525,-14.41653199699161
190.35,0.008185055357284,-0.007308896675795836,-14.214874141912285
190.36,0.0081123552161537,-0.007231229645949903,-14.015545293007087
190.37,0.0080404287674244,-0.007154160822069204,-13.273005235821044
190.38,0.007969269968819,-0.007077701323132564,-12.501198114793251
190.39,0.0078988726772547,-0.007001861996612484,-12.296380049640804
190.4,0.007829230653572,-0.00692664543101329,-12.14845153611595
190.41,0.0077603376850419,-0.006852053181042499,-11.489619357228774
190.42,0.0076921874828382,-0.00677809306869084,-10.781746771963991
190.43,0.0076247736931094,-0.0067047729976908626,-10.568517394897695
190.44,0.0075580898863549,-0.006632094094593307,-10.454512616837398
190.45,0.0074921296728984,-0.0065600560408733246,-9.877221802007291
190.46,0.0074268866125014,-0.006488663819779189,-9.194208819854612
190.47,0.0073623542271862,-0.006417923179504164,-8.994133505800077
190.48,0.0072985259790308,-0.006347833742555016,-8.931430863484275
190.49,0.0072353953866741,-0.006278393399119211,-8.408709067603095
190.5,0.0071729559375112,-0.006209604970264187,-7.7272838178492735
190.51,0.0071112011029237,-0.006141472588285833,-7.544515761874069
190.52,0.0070501243054593,-0.006073994559194124,-7.545063604692367
190.53,0.0069897190408532,-0.0060071671631008565,-7.050598213355056
190.54,0.0069299787880505,-0.005940991717004188,-6.233072981505498
190.55,0.0068708970232254,-0.005875472261134119,-6.184900536065731
190.56,0.0068124671704774,-0.0058106048051117095,-6.354196546973264
190.57,0.0067546827716045,-0.005746383236395865,-5.794783823994735
190.58,0.0066975373516967,-0.005682808001524091,-5.554457793434256
190.59,0.0066410244613473,-0.005619877238503368,-4.501266082750892
190.6,0.0065851376486027,-0.0055575953181200115,-4.675124982518142
190.61,0.0065298704154729,-0.005495955491676637,-5.039026248313563
190.62,0.0064752164228759,-0.005434949414784148,-4.378555578589067
190.63,0.0064211693145341,-0.005374577247214955,-4.087863023412236
190.64,0.0063677227708664,-0.005314836757484148,-3.0512205292852586
190.65,0.0063148704690627,-0.0052557306726991925,-3.354232684657141
190.66,0.0062626060700028,-0.005197250892570023,-3.6980383120210436
190.67,0.0062109233883492,-0.005139389051631707,-3.04787118316953
190.68,0.0061598162322668,-0.0050821443093666515,-2.7055712984055313
190.69,0.0061092784533705,-0.005025514012762441,-1.8909039760842463
190.7,0.0060593039072972,-0.004969498097622518,-2.18433292233783
190.71,0.0060098864701239,-0.004914088510640877,-2.3569779486293134
190.72,0.0059610201380087,-0.004859278047872491,-1.8468481673342867
190.73,0.0059126989203394,-0.004805064237696709,-1.471342723515925
190.74,0.0058649168747659,-0.004751443953805831,-0.881635635482559
190.75,0.0058176680727051,-0.004698414895141673,-1.1364544848434261
190.76,0.005770946631391,-0.004645969343749218,-1.1643797057765384
190.77,0.0057247467607572,-0.004594100975596673,-0.8147258551939466
190.78,0.0056790627004326,-0.004542805939850831,-0.38677301762583643
190.79,0.0056338887421095,-0.004492080942360057,0.06642456101918474
190.8,0.0055892191949915,-0.004441922437194959,-0.22493017636334897
190.81,0.0055450484303116,-0.004392322651613315,-0.17354202939684424
190.82,0.0055013708985128,-0.004343275693702544,0.06428177028746297
190.83,0.0054581810884735,-0.0042947769423299954,0.5708978472098508
190.84,0.005415473543531,-0.004246823205395838,0.9183785614123016
190.85,0.0053732428235368,-0.004199410157798386,0.5422865035279987
190.86,0.0053314835636667,-0.0041525298541666665,0.6706833996110829
190.87,0.0052901904684949,-0.0041061768199499755,0.8068338894928899
190.88,0.0052493582856958,-0.004060345975943338,1.4867495657546328
190.89,0.0052089818181636,-0.0040150347079466455,1.6772177276891211
190.9,0.0051690558781295,-0.003970237871425025,1.1004427983301523
190.91,0.0051295753729181,-0.00392594696628415,1.362197644861189
190.92,0.0050905352683028,-0.0038821571861358695,1.5250114227946978
190.93,0.0050519305755041,-0.0038388635090525333,1.5332313476876098
190.94,0.0050137563611538,-0.003796060532938305,2.5501812751102517
190.95,0.0049760077368124,-0.0037537466608916466,2.1502389693454647
190.96,0.0049386798227218,-0.003711914489192545,1.4427985608173315
190.97,0.0049017678673551,-0.003670555603095827,2.126612544983778
190.98,0.0048652671441985,-0.003629666900804981,1.9339129580079946
190.99,0.0048291729809975,-0.0035892424220891894,2.482329331854909
191.0,0.0047934807599576,-0.0035492788034149902,2.8574390893567534
191.01,0.0047581858840786,-0.003509771879084975,2.1761187696396798
191.02,0.0047232838252571,-0.00347071384036417,2.132615626851488
191.03,0.0046887701288837,-0.00343209914236414,2.4230084996539207
191.04,0.0046546403792421,-0.0033939234916574882,2.240813209127425
191.05,0.0046208902130423,-0.0033561813342916766,3.0581683460854556
191.06,0.0045875153175248,-0.003318870105182514,2.765428941986206
191.07,0.0045545113952603,-0.0032819837179058767,2.055707864695441
191.08,0.004521874249608,-0.0032455149779558505,2.5686997066874246
191.09,0.0044895997158566,-0.003209460343517446,2.3993700768880664
191.1,0.0044576836796499,-0.0031738145435874767,2.5346245503332905
191.11,0.0044261220768176,-0.003138573170756674,2.7908524657457487
191.12,0.0043949108825265,-0.0031037321169617126,2.395890219989392
191.13,0.0043640461193602,-0.0030692855434458067,2.1589110371015376
191.14,0.0043335238740261,-0.003035228125527441,2.3055428062810974
191.15,0.0043033402740279,-0.003001555612495055,2.080104495768678
191.16,0.0042734914949314,-0.0029682630019283477,2.446285430804437
191.17,0.004243973760102,-0.00293534671907079,2.2533457487843025
191.18,0.0042147833228503,-0.0029028018351641705,1.7042242992895882
191.19,0.0041859165036676,-0.002870622684103339,1.832416658316717
191.2,0.0041573696636759,-0.0028388052211850293,1.654215202657862
191.21,0.0041291392087992,-0.0028073448582683572,1.5564582450596796
191.22,0.0041012215904453,-0.002776237259527499,1.708125857224488
191.23,0.004073613300815,-0.002745478630923304,1.3112648395847926
191.24,0.0040463108709456,-0.002715064059845856,0.9038854770761441
191.25,0.0040193108885124,-0.002684988707295005,0.9250045657259331
191.26,0.003992609979206,-0.002655248671610008,0.6236748111579976
191.27,0.0039662048117736,-0.0026258395561625262,0.6518591355506697
191.28,0.0039400920976284,-0.0025967576260725054,0.44838852815685754
191.29,0.0039142685826311,-0.0025679987405217075,-0.06610764766746792
191.3,0.0038887310611947,-0.0025395582631583206,-0.2445507139712586
191.31,0.0038634763691666,-0.0025114322356599873,-0.4757420975780646
191.32,0.0038385013814914,-0.002483616705043325,-0.7744636515147051
191.33,0.0038138030132839,-0.002456107679745846,-0.9437478544772108
191.34,0.0037893782187383,-0.002428901433825845,-1.3219243323681038
191.35,0.0037652239887113,-0.0024019939564100187,-1.753371738207893
191.36,0.0037413373569697,-0.0023753812287375113,-2.0105661200501936
191.37,0.0037177153939043,-0.0023490595770558464,-2.382958161706976
191.38,0.0036943552077308,-0.002323025229509171,-2.7696845577454448
191.39,0.0036712539440468,-0.002297274453759966,-3.170666310776866
191.4,0.0036484087856508,-0.0022718035687625117,-3.570171181648827
191.41,0.0036258169517155,-0.0022466089651883205,-3.9998416856023438
191.42,0.0036034756973319,-0.0022216870600408277,-4.453088907853269
191.43,0.0035813823133182,-0.002197034306418335,-4.907506862966554
191.44,0.0035595341256773,-0.0021726472162174972,-5.478420116394719
191.45,0.0035379284952489,-0.002148522223783326,-5.953620247174187
191.46,0.0035165628187236,-0.002124655961850841,-6.409685876632963
191.47,0.0034954345245426,-0.0021010451514999993,-7.012773127693935
191.48,0.003474541075449,-0.002077686400421668,-7.566604161775776
191.49,0.0034538799672321,-0.0020545764365316917,-8.156831502644145
191.5,0.0034334487282902,-0.002031712006836662,-8.884086004894632
191.51,0.003413244919656,-0.0020090897766249748,-9.45308605122987
191.52,0.0033932661356606,-0.001986706664900018,-10.016484965635964
191.53,0.0033735099993903,-0.001964559658304988,-10.774329932258743
191.54,0.0033539741659526,-0.0019426455983099962,-11.440714999916375
191.55,0.0033346563209886,-0.0019209614760258681,-12.226490218302503
191.56,0.0033155541802442,-0.0018995042161966684,-13.191619143206747
191.57,0.0032966654908462,-0.001878270647223321,-13.791315948138672
191.58,0.003277988030757,-0.0018572580379774886,-14.450416699789141
191.59,0.0032595196027578,-0.001836463655472501,-15.43500263217233
191.6,0.0032412580400943,-0.001815884516550836,-16.21952846660762
191.61,0.0032232012042013,-0.0017955178652125049,-17.284984599654756
191.62,0.0032053469842911,-0.0017753607536983341,-18.407908074837273
191.63,0.0031876933001577,-0.0017554102726299755,-19.056294536579017
191.64,0.0031702380981893,-0.0017356640002758276,-19.94233707801846
191.65,0.0031529793481025,-0.0017161193651791492,-21.114844438820118
191.66,0.0031359150478826,-0.001696773608929994,-22.04535150101872
191.67,0.0031190432215256,-0.0016776242058633584,-23.470841383738275
191.68,0.0031023619186457,-0.0016586683044174898,-24.693958142693223
191.69,0.0030858692189109,-0.0016399033041133329,-25.40923804058019
191.7,0.0030695632234951,-0.0016213270599725012,-26.63975237434828
191.71,0.0030534420568144,-0.001602937091193338,-27.977134939074702
191.72,0.0030375038690704,-0.0015847308846358324,-29.08866252944214
191.73,0.0030217468344565,-0.0015667061227424956,-30.930342849087317
191.74,0.0030061691507882,-0.0015488600486508416,-32.209034141065764
191.75,0.0029907690452859,-0.001531190388223308,-33.03591611971691
191.76,0.0029755447615437,-0.0015136952282933222,-34.71174940660064
191.77,0.0029604945670873,-0.0014963721430108217,-36.19469314652631
191.78,0.0029456167525946,-0.0014792188737233144,-37.53400870316831
191.79,0.0029309096308544,-0.00146223328605752,-39.847993217672126
191.8,0.0029163715365273,-0.0014454127175316763,-41.1746282318484
191.81,0.0029020008328758,-0.001428755203967484,-42.14559234330291
191.82,0.0028877958948696,-0.0014122590387824875,-44.33849219555612
191.83,0.0028737551220689,-0.0013959218477916733,-45.96005713075304
191.84,0.002859876934726,-0.0013797416186024916,-47.70378215255469
191.85,0.002846159773462,-0.0013637163075341688,-50.46947332823685
191.86,0.0028326021002467,-0.0013478433914175243,-51.83361497793267
191.87,0.0028192024031386,-0.0013321212038225109,-53.00403406972592
191.88,0.0028059591791089,-0.0013165482189233444,-55.66542402383586
191.89,0.0027928709488183,-0.0013011221751741556,-57.59579858565933
191.9,0.0027799362519551,-0.0012858412214308112,-59.53824808578821
191.91,0.0027671536469291,-0.0012707035508783056,-62.31990008638291
191.92,0.002754521710567,-0.001255706978011697,-65.23795639366809
191.93,0.0027420390438189,-0.0012408493596466428,-66.40513357059473
191.94,0.0027297042644349,-0.0012261294617908333,-68.43358717518791
191.95,0.0027175160010299,-0.0012115456833483268,-71.45629879949236
191.96,0.0027054729036699,-0.0011970959972108243,-73.82546142306883
191.97,0.0026935736397007,-0.0011827787218883531,-76.0062924289888
191.98,0.0026818168934666,-0.0011685922713274958,-80.43094747637271
191.99,0.0026702013660301,-0.0011545341703891703,-82.7523314565875
192.0,0.0026587257868644,-0.0011406029541841712,-83.74242270750838
192.01,0.0026473888873298,-0.0011267977503066546,-87.58629927861101
192.02,0.0026361894183663,-0.0011131165620574782,-90.53920272726569
192.03,0.0026251261480821,-0.0010995577617950079,-93.43230162835337
192.04,0.0026141978603297,-0.0010861198172616693,-96.56777399928914
192.05,0.0026034033544524,-0.0010728011132716381,-101.43356614159089
192.06,0.0025927414474001,-0.001059599476496658,-103.61361869777936
192.07,0.0025822109782379,-0.001046513830582503,-105.62522789254159
192.08,0.0025718107877933,-0.0010335431901183317,-110.30670688207479
192.09,0.0025615397372679,-0.0010206856498291578,-113.63094979185622
192.1,0.0025513967024543,-0.0010079398084266874,-117.0431835564857
192.11,0.0025413805735054,-0.0009953042885883332,-121.67605380855626
192.12,0.0025314902547045,-0.0009827773384666688,-126.16051370435875
192.13,0.0025217246699001,-0.0009703573524550166,-128.67376276081052
192.14,0.0025120827542279,-0.0009580434374150247,-132.52670052749886
192.15,0.0025025634519872,-0.0009458343062733118,-137.2958320533935
192.16,0.0024931657238911,-0.0009337284108841773,-141.4255401064397
192.17,0.0024838885439585,-0.0009217244553074897,-145.37034320939728
192.18,0.0024747308993044,-0.0009098212184424897,-151.91187878554013
192.19,0.0024656917899305,-0.0008980167753233337,-155.87522306964388
192.2,0.0024567702378802,-0.000886310060505826,-158.6714883978328
192.21,0.0024479652656037,-0.0008747003837208142,-164.8052315661669
192.22,0.0024392759119507,-0.0008631861480483459,-169.65247791777267
192.23,0.002430701228541,-0.0008517661361400274,-174.61675225860043
192.24,0.0024222402791444,-0.0008404391652866439,-180.0332186688722
192.25,0.0024138921394901,-0.0008292039508083387,-187.06061497839377
192.26,0.0024056558993779,-0.0008180588640008366,-191.31777845077505
192.27,0.002397530664506,-0.0008070030848183234,-195.69096705370845
192.28,0.0023895155429517,-0.0007960357988599989,-202.71844828727168
192.29,0.0023816096582587,-0.0007851555577108388,-208.4378180118156
192.3,0.0023738121452627,-0.0007743612741258283,-214.12237749654898
192.31,0.0023661221499193,-0.000763651906421684,-222.17538604899292
192.32,0.0023585388291316,-0.0007530258890641694,-229.1136965815113
192.33,0.0023510613579805,-0.000742482027295013,-233.0824978530562
192.34,0.00234368891644,-0.0007320198816783282,-239.99918238704367
192.35,0.0023364206916619,-0.0007216383676624681,-247.73004014948037
192.36,0.0023292558843842,-0.000711336235755849,-254.5711017388716
192.37,0.0023221937056536,-0.0007011124891308576,-261.77823527239826
192.38,0.0023152333766643,-0.0006909661210208369,-268.4859530981806
192.39,0.0023083741285984,-0.000680896231861665,-279.10753980388733
192.4,0.0023016152024651,-0.0006709011361741442,-287.69201200564606
192.41,0.0022949558598834,-0.0006609797071150235,-291.3765942212159
192.42,0.0022883953632852,-0.0006511318988275163,-299.9405367118109
192.43,0.002281932980013,-0.0006413566956749885,-309.64690305218744
192.44,0.0022755679913612,-0.0006316528561283056,-317.8676339258462
192.45,0.0022692996879724,-0.0006220194896150069,-326.59784876371106
192.46,0.0022631273696958,-0.0006124556826424996,-334.7120264447685
192.47,0.0022570503454436,-0.0006029606350125191,-347.5829790342207
192.48,0.0022510679330479,-0.000593532688456675,-357.85148248406585
192.49,0.0022451794709907,-0.0005841708089183489,-362.32955736840205
192.5,0.0022393842966874,-0.000574875104194161,-372.75107751867563
192.51,0.0022336817516298,-0.0005656446198674911,-384.3804792692217
192.52,0.002228071190664,-0.0005564781822974925,-394.29123070661353
192.53,0.0022225519771876,-0.0005473749815283519,-404.78579776914165
192.54,0.0022171234830255,-0.000538334181064172,-414.7430130829712
192.55,0.0022117850883052,-0.000529355040624149,-429.1980082496863
192.56,0.0022065361813325,-0.0005204360919799915,-441.14798203873056
192.57,0.0022013761685185,-0.0005115764132208372,-447.879333338477
192.58,0.0021963044557695,-0.0005027760264383426,-460.2300838515187
192.59,0.0021913204533877,-0.0004940340490158285,-473.59265252171787
192.6,0.0021864235834587,-0.0004853494370166452,-485.4738548649
192.61,0.002181613275914,-0.00047672144320916527,-497.9221509095482
192.62,0.0021768889684219,-0.0004681492993750257,-509.95756529105677
192.63,0.0021722501062784,-0.00045963231480168577,-525.9368238048494
192.64,0.0021676961422989,-0.0004511692191391456,-539.7045073815445
192.65,0.0021632265447062,-0.0004427591913691662,-549.1467410665555
192.66,0.002158840782141,-0.00043440214462584544,-563.5074717668804
192.67,0.0021545383279795,-0.00042609726869164707,-578.654190351494
192.68,0.0021503186658404,-0.00041784364464168486,-592.6395286882106
192.69,0.0021461812865444,-0.0004096405816633391,-607.1473208022925
192.7,0.0021421256880172,-0.0004014873740524911,-621.2815310430219
192.71,0.0021381513751935,-0.00039338338553834146,-639.1939513198977
192.72,0.0021342578599195,-0.000385327458800846,-654.9212248446106
192.73,0.0021304446680274,-0.00037731885123249196,-666.6701712789283
192.74,0.0021267113257445,-0.00036935746268333826,-683.1235834486515
192.75,0.0021230573639414,-0.00036144254038748694,-700.2045918403358
192.76,0.0021194823227535,-0.0003535732503908264,-716.2528679976853
192.77,0.0021159857489459,-0.000345748955265829,-732.7865149119287
192.78,0.0021125671958274,-0.0003379690049441746,-748.9218098377185
192.79,0.0021092262231645,-0.00033023281663831954,-768.8668039397273
192.8,0.0021059623970956,-0.0003225392936424972,-786.4735925190593
192.81,0.0021027752970881,-0.00031488775718834525,-800.1526175353424
192.82,0.0020996645024533,-0.0003072781435158457,-818.5692345149666
192.83,0.0020966295968887,-0.00029970974316166925,-837.4536344110151
192.84,0.0020936701727223,-0.000292181781733319,-855.3181278857373
192.85,0.0020907858284195,-0.0002846936694100175,-873.6185243687693
192.86,0.0020879761685077,-0.00027724480374665273,-891.2834195304889
192.87,0.0020852408035011,-0.0002698346662608466,-913.832779865166
192.88,0.0020825793498247,-0.0002624620559016832,-932.6464124908133
192.89,0.0020799914389068,-0.0002551263971799873,-946.5853545797492
192.9,0.0020774766984615,-0.00024782786958917985,-966.9717468386045
192.91,0.0020750347602571,-0.00024056573291832646,-987.3870564430628
192.92,0.0020726652649778,-0.0002333392162991549,-1006.4205367384328
192.93,0.0020703678589874,-0.00022614778164917787,-1025.8152189491711
192.94,0.0020681421942598,-0.00021899087135831747,-1045.2740219827283
192.95,0.002065987928311,-0.0002118679346866585,-1064.7129925574711
192.96,0.0020639047241296,-0.00020477844148335012,-1083.5806040544069
192.97,0.0020618922501082,-0.00019772188708585148,-1110.5280615912427
192.98,0.0020599501816154,-0.00019069652459416386,-1125.428800696299
192.99,0.0020580782146477,-0.000183702621869993,-1138.9128195242688
193.0,0.0020562760233969,-0.00017674067899833474,-1164.2159174367237
193.01,0.0020545432989846,-0.0001698092633091691,-1182.7796590969106
193.02,0.0020528797377904,-0.00016290794872331552,-1202.2364338397074
193.03,0.0020512850413928,-0.00015603621834666542,-1221.5455776851272
193.04,0.0020497589165093,-0.00014919356122918367,-1240.7500287581904
193.05,0.0020483010749374,-0.00014237947236250148,-1259.2267783518425
193.06,0.0020469112334947,-0.00013559352886082925,-1280.5770008570119
193.07,0.0020455891139595,-0.00012883467875332653,-1301.3002631567224
193.08,0.0020443344521494,-0.00012210198615248942,-1315.009792032478
193.09,0.0020431469856254,-0.00011539596395666079,-1332.360580723472
193.1,0.0020420264451602,-0.00010871635194582306,-1352.6682185654597
193.11,0.0020409725737207,-0.00010206213823665822,-1369.82381512421
193.12,0.0020399851191453,-9.54328987483365e-05,-1387.0900525158609
193.13,0.0020390638340946,-8.882815376501764e-05,-1403.9725360895352
193.14,0.0020382084760012,-8.224742859251001e-05,-1420.4886467528654
193.15,0.0020374188070197,-7.569025350334123e-05,-1436.0227297870456
193.16,0.0020366945939772,-6.915628505332547e-05,-1454.526801768815
193.17,0.002036035608323,-6.264404059664599e-05,-1468.3981247178217
193.18,0.002035441640634,-5.6153487921659865e-05,-1480.4532148024084
193.19,0.0020349124651457,-4.968514573500868e-05,-1496.3655704666487
193.2,0.0020344478671094,-4.323793260667672e-05,-1509.8566090020672
193.21,0.0020340476376144,-3.68113721116556e-05,-1522.82177829621
193.22,0.0020337115722964,-3.040502214416048e-05,-1535.2147062889385
193.23,0.0020334394712951,-2.4018434402498276e-05,-1546.9861036599093
193.24,0.0020332311392123,-1.7651164773332027e-05,-1558.0957912953127
193.25,0.0020330863850699,-1.130280130916377e-05,-1568.6281583090245
193.26,0.0020330050222676,-4.972747621661272e-06,-1578.3718006669499
193.27,0.0020329868718946,1.3399727766499718e-06,-1587.2905763432218
193.28,0.0020330317635245,7.635217173336655e-06,-1595.7096748710178
193.29,0.0020331395183919,1.3913002414171963e-05,-1603.208624828794
193.3,0.0020333099681852,2.0174222975019355e-05,-1610.0615154400032
193.31,0.0020335429488905,2.6419255866671206e-05,-1616.1264897756146
193.32,0.0020338383007563,3.26485254916473e-05,-1621.419663479248
193.33,0.0020341958682567,3.886245262250433e-05,-1625.9200363865996
193.34,0.0020346155000558,4.5061454468348114e-05,-1629.8984127344256
193.35,0.0020350970489718,5.1245881763315834e-05,-1631.460197853088
193.36,0.0020356403719409,5.741665059831577e-05,-1633.4256531617457
193.37,0.0020362453375259,6.357415513832203e-05,-1636.5077527891642
193.38,0.0020369118104168,6.971818421750223e-05,-1636.524062783169
193.39,0.0020376396581624,7.584928895750472e-05,-1635.6782649453332
193.4,0.0020384287549268,8.196803453166439e-05,-1634.6376235216487
193.41,0.002039278978931,8.80748040075137e-05,-1632.6867489253725
193.42,0.0020401902124218,9.4169998447486e-05,-1629.9498995837744
193.43,0.0020411623416415,0.00010025401586167843,-1626.475539644094
193.44,0.0020421952567971,0.00010632724285834219,-1622.5639442101328
193.45,0.00204328885203,0.00011239005766914274,-1613.3105122959446
193.46,0.0020444430263868,0.00011844354012335075,-1610.0934085725653
193.47,0.0020456576914388,0.00012448762102416233,-1607.0170696641603
193.48,0.0020469327472527,0.00013052210722082667,-1596.332147356197
193.49,0.0020482681044343,0.00013654790431918582,-1588.866918788941
193.5,0.0020496636774843,0.00014256534540251506,-1580.1327095674642
193.51,0.0020511193847733,0.0001485748161916497,-1570.7604553088288
193.52,0.0020526351485164,0.00015457669988083286,-1560.7180031628807
193.53,0.0020542108947481,0.00016057137714416643,-1550.7131065385722
193.54,0.002055846553297,0.00016655917613248158,-1536.533918403391
193.55,0.0020575420577608,0.00017254084527750218,-1522.3126025198274
193.56,0.0020592973514821,0.00017851700861749504,-1515.635561939015
193.57,0.0020611123787956,0.00018448736782916914,-1503.5840841174374
193.58,0.0020629870805413,0.00019045217758415915,-1487.0726552365466
193.59,0.0020649214060949,0.00019641215182169538,-1473.6894232798577
193.6,0.0020669153085664,0.00020236762302082724,-1459.2711752103291
193.61,0.0020689687447778,0.00020831896131999426,-1444.4542621681483
193.62,0.002071081675242,0.00021426653473834606,-1429.2407855282615
193.63,0.0020732540641413,0.0002202107091374771,-1413.6045252896715
193.64,0.0020754858793058,0.00022615184820749118,-1398.8302980996991
193.65,0.0020777770921917,0.00023209024306086387,-1376.9498456443498
193.66,0.0020801276778603,0.00023802679568001188,-1357.9155460855097
193.67,0.00208253762341,0.00024396206668082267,-1350.3217845168758
193.68,0.0020850069135706,0.0002498955565016665,-1333.251927268404
193.69,0.0020875355298724,0.00025582758927080373,-1311.846218361357
193.7,0.0020901234627793,0.0002617588935216645,-1295.0301727587769
193.71,0.0020927707063671,0.00026768978533668814,-1277.2472235536663
193.72,0.0020954772583056,0.0002736206232974817,-1259.3506107614703
193.73,0.0020982431198424,0.0002795517643458288,-1241.3300841236662
193.74,0.002101068295786,0.000285483563720004,-1223.1387933232973
193.75,0.0021039527944888,0.000291416374976666,-1206.4435077093763
193.76,0.0021068966278304,0.0002973504695650082,-1180.590423703107
193.77,0.0021098998112004,0.0003032868330591601,-1160.9473461797143
193.78,0.002112962373131,0.00030922590703833864,-1153.4424754518511
193.79,0.0021160843369265,0.00031516714399251733,-1133.5803729233965
193.8,0.0021192657247946,0.00032111097740749196,-1111.4094975916128
193.81,0.0021225065672301,0.00032705807709248287,-1093.7505807320688
193.82,0.0021258068982709,0.0003330087573166665,-1075.3641481129337
193.83,0.0021291667554858,0.0003389633705491818,-1057.073478049751
193.84,0.0021325861799622,0.00034492226807919426,-1038.8605275797986
193.85,0.0021360652162946,0.00035088579997666607,-1020.6708160697334
193.86,0.0021396039125718,0.0003568543150916405,-1004.162216713478
193.87,0.0021432023203654,0.00036282808465997965,-978.485720093869
193.88,0.0021468604947176,0.00036880807186418315,-960.89284912528
193.89,0.0021505785033018,0.0003747946009699991,-953.1109267116142
193.9,0.0021543564074393,0.0003807872297008338,-932.912361855142
193.91,0.0021581942700226,0.0003867864803024936,-912.9326908098744
193.92,0.0021620921609199,0.00039279292221248784,-896.2266114825942
193.93,0.0021660501535103,0.0003988068772858555,-879.1253524195471
193.94,0.0021700683246754,0.00040482869542832374,-862.2323855240926
193.95,0.0021741467547923,0.0004108587257374809,-845.530066465842
193.96,0.0021782855277245,0.0004168973164783418,-828.9598571285337
193.97,0.0021824847308146,0.00042294481517668345,-814.0638636870106
193.98,0.0021867444548764,0.00042900149669250893,-790.5673901577533
193.99,0.0021910647941863,0.00043506829645415895,-775.9998688774057
194.0,0.002195445855095,0.000441145453356652,-768.7808574899199
194.01,0.0021998877369889,0.00044723262337585163,-749.9048116249045
194.02,0.0022043905428944,0.0004533303940483383,-733.1012874402458
194.03,0.0022089543817764,0.00045943925696165526,-718.3885461154567
194.04,0.0022135793661092,0.000465559542618344,-703.5242370508037
194.05,0.0022182656118719,0.0004716916012858145,-688.906200984276
194.06,0.0022230132385442,0.00047783578281500186,-674.5195472534017
194.07,0.0022278223691021,0.0004839924365924994,-660.3017340722481
194.08,0.002232693130013,0.0004901619115241757,-647.7990096989284
194.09,0.0022376256512312,0.0004963444802358294,-626.5315328231816
194.1,0.0022426200661941,0.0005025411226516499,-615.369028956451
194.11,0.0022476765209226,0.0005087519960874894,-610.0397062942274
194.12,0.002252795152826,0.0005149767661117012,-592.850671661154
194.13,0.0022579761047559,0.0005212161052750156,-579.2551846308355
194.14,0.0022632195249271,0.0005274704582858014,-566.9106750771055
194.15,0.0022685255650984,0.0005337401643483164,-554.5411083699573
194.16,0.0022738943805717,0.0005400255777216668,-542.4130530199723
194.17,0.0022793261301909,0.0005463270525300262,-530.5124078662044
194.18,0.0022848209763405,0.0005526449428175034,-518.7727299295282
194.19,0.0022903790849452,0.0005589796025075029,-508.77720639446085
194.2,0.002296000625468,0.0005653313015108077,-489.6693985767171
194.21,0.00230168577091,0.0005717011009191632,-481.84671541315925
194.22,0.0023074347078776,0.0005780890694258337,-478.60757778570644
194.23,0.0023132476121117,0.000584494850374159,-463.07504706770493
194.24,0.0023191246667505,0.0005909192224425085,-452.49839122637235
194.25,0.0023250660598483,0.0005973625916341662,-442.4344743304434
194.26,0.0023310719830773,0.0006038253090241566,-432.42620039005
194.27,0.00233714263173,0.0006103077367366886,-422.6309124031087
194.28,0.0023432782047212,0.0006168102371574948,-413.038131918186
194.29,0.0023494789045911,0.0006233331729283205,-403.532092631936
194.3,0.0023557449375072,0.0006298769068875274,-396.8850622329915
194.31,0.0023620765132666,0.0006364416411199923,-373.7210417423506
194.32,0.0023684738452987,0.0006430291279116509,-372.9554053667529
194.33,0.0023749371699887,0.0006496389286833278,-377.0470444582204
194.34,0.0023814666959346,0.0006562700742966832,-358.05262119666406
194.35,0.0023880626469118,0.0006629239466583248,-350.5871139757141
194.36,0.0023947252517679,0.0006696009004208413,-342.57633738041574
194.37,0.0024014547430561,0.0006763012948758438,-334.63888485008994
194.38,0.0024082513570385,0.0006830255011849913,-326.88294592374706
194.39,0.0024151153336915,0.0006897738909358391,-319.2982765437341
194.4,0.0024220469167089,0.0006965468361183187,-311.8814824370405
194.41,0.002429046353507,0.0007033447091716661,-304.6300307018999
194.42,0.0024361138952283,0.000710167882943341,-297.5407496835696
194.43,0.0024432497967461,0.0007170167307133165,-290.606568942419
194.44,0.0024504543166685,0.0007238916261924999,-283.7173143005408
194.45,0.002457727717343,0.0007307929366849952,-281.28127095181895
194.46,0.0024650702648604,0.000737720749395008,-248.6566617086665
194.47,0.0024724822298791,0.0007446784249366548,-260.0502129231569
194.48,0.0024799639270299,0.0007516642735891583,-275.2022085208364
194.49,0.0024875156037066,0.000758676036285005,-247.81104476336668
194.5,0.0024951375426497,0.0007657165293283507,-245.3495246229621
194.51,0.0025028300304833,0.0007727858792775119,-239.3847279610141
194.52,0.0025105933577241,0.0007798844757508208,-233.70257000761313
194.53,0.0025184278187885,0.00078701270914167,-228.1512696132238
194.54,0.0025263337120012,0.0007941709706833365,-222.72889304903123
194.55,0.0025343113396031,0.0008013596523699724,-217.43238364980778
194.56,0.0025423610077589,0.0008085791470124987,-212.25929877275772
194.57,0.0025504830265657,0.0008158298482283458,-207.20730661453337
194.58,0.0025586777100605,0.0008231121504183379,-202.24850495129758
194.59,0.0025669453762285,0.0008304264488058221,-197.7857610085187
194.6,0.0025752863470111,0.0008377730905291644,-194.62407149440915
194.61,0.0025837009483138,0.0008451524853625075,-165.581732550207
194.62,0.0025921895158794,0.0008525683511150135,-181.01182471117644
194.63,0.0026007524289314,0.0008600183108058295,-195.82785972948395
194.64,0.0026093899898181,0.0008674999119724925,-170.53929513387902
194.65,0.0026181025425267,0.0008750164321100027,-169.78306867087022
194.66,0.0026268904352051,0.0008825679754725013,-165.50264114262183
194.67,0.0026357540201742,0.0008901549600350182,-161.46851956950985
194.68,0.0026446936539414,0.0008977778050641495,-157.53024128528085
194.69,0.0026537096972129,0.0009054369311024744,-153.6856350487107
194.7,0.002662802514907,0.0009131327599900157,-149.93273508409055
194.71,0.0026719724761667,0.0009208657148616978,-146.26954125890092
194.72,0.002681219954373,0.0009286362201516489,-142.69436305986684
194.73,0.0026905453271575,0.0009364447015566658,-139.16647560162457
194.74,0.0026999489764152,0.00094429158606251,-136.47218202873435
194.75,0.0027094312883175,0.0009521772115241573,-131.82013800953172
194.76,0.0027189926533255,0.0009601024213958453,-111.76736478934309
194.77,0.002728633477057,0.0009680703914158491,-125.67117650381938
194.78,0.0027383541957637,0.0009760786787441664,-135.04096468327037
194.79,0.0027481551808532,0.0009841254545033288,-116.51016659747752
194.8,0.0027580368422458,0.0009922137310674974,-116.12775686860532
194.81,0.0027679995943734,0.0010003436769908257,-113.10009758110293
194.82,0.0027780438561972,0.0010085157460924825,-110.25485116185442
194.83,0.0027881700512255,0.001016730393971691,-107.47856539954604
194.84,0.0027983786075315,0.0010249880780133442,-104.76972994298062
194.85,0.0028086699577712,0.0010332892573899752,-102.127026877713
194.86,0.0028190445392012,0.00104163439303665,-99.54875167103182
194.87,0.0028295027936963,0.00105002394769752,-97.03370378018934
194.88,0.0028400451677679,0.0010584583858883447,-94.53563494925595
194.89,0.0028506721125811,0.001066938173890825,-93.04072481309898
194.9,0.002861384083973,0.0010754636526166565,-87.53141852147569
194.91,0.0028721815424702,0.001084036082161668,-74.9325235098179
194.92,0.0028830649685667,0.0010926579755416604,-86.5243478720944
194.93,0.0028940348594713,0.0011013269734125013,-91.28291282035214
194.94,0.0029050916629168,0.0011100419824541703,-78.5826619762865
194.95,0.0029162358604615,0.0011188056344391766,-78.30036491236557
194.96,0.0029274679385938,0.001127618182510838,-76.17737129530178
194.97,0.0029387883887546,0.0011364801230725069,-74.18341211408081
194.98,0.0029501977073603,0.0011453919547774866,-72.23910937396366
194.99,0.0029616963958248,0.0011543541784966643,-70.34299787288951
195.0,0.0029732849605821,0.0011633672974008268,-68.49427567662171
195.01,0.0029849639131094,0.0011724318169074994,-66.69196635950505
195.02,0.002996733769949,0.0011815482446633405,-64.93493943419521
195.03,0.0030085950527311,0.0011907170905708154,-63.170239136365645
195.04,0.0030205482881961,0.001199938866809997,-62.58253987242586
195.05,0.0030325940082177,0.0012092139088350218,-56.292711735538354
195.06,0.0030447327498246,0.0012185439999800075,-48.3703589398775
195.07,0.0030569650766989,0.001227931184135004,-59.131456281712104
195.08,0.0030692915560481,0.0012373728926208332,-61.04191033119898
195.09,0.0030817127159095,0.0012468686368983278,-51.853694270974096
195.1,0.0030942291163949,0.0012564208856458235,-51.751114948991834
195.11,0.0031068413230455,0.0012660299608608563,-50.2665105743399
195.12,0.0031195499068586,0.0012756964095566635,-48.87734196607264
195.13,0.0031323554443158,0.0012854207815474904,-47.523812917151666
195.14,0.0031452585174105,0.0012952036293649794,-46.205010444788726
195.15,0.003158259713675,0.001305045508291672,-44.92011573046151
195.16,0.0031713596262084,0.0013149469763800005,-43.668464824192405
195.17,0.003184558853704,0.0013249085944308176,-42.44934576086151
195.18,0.0031978580004769,0.0013349309259875152,-41.20151143744081
195.19,0.0032112576764913,0.001345014537348368,-41.338636443775826
195.2,0.0032247584973883,0.0013551597422900062,-34.059541879792796
195.21,0.0032383610845134,0.001365369055764157,-29.598677423333154
195.22,0.0032520660955789,0.0013756440400958508,-40.25306910280784
195.23,0.0032658741753244,0.0013859816549958329,-39.90016102461435
195.24,0.0032797859390648,0.0013963820902733134,-33.13394980589112
195.25,0.0032938020338011,0.0014068477404817034,-33.175767040529884
195.26,0.0033079231125597,0.0014173789957124844,-32.141195651226
195.27,0.0033221498344258,0.001427976463523324,-31.179376083035383
195.28,0.0033364828645769,0.0014386407548033285,-30.24316108934471
195.29,0.0033509228743159,0.0014493724837383445,-29.331871029619165
195.3,0.0033654705411041,0.0014601722678508156,-28.4450490756933
195.31,0.0033801265485948,0.00147104072797501,-27.58214461746807
195.32,0.003394891586666,0.0014819784882633433,-26.742570484580913
195.33,0.0034097663514541,0.0014929861762091525,-25.859142820890145
195.34,0.0034247515453869,0.0015040644226166572,-26.516171189444407
195.35,0.0034398478772169,0.0015152135157883487,-18.41750778050874
195.36,0.0034550560620544,0.0015264368506775013,-16.969114206755904
195.37,0.0034703768628995,0.0015377353134499881,-27.202400617847605
195.38,0.0034858110087664,0.0015491053748608466,-24.77989336419927
195.39,0.0035013592132989,0.0015605481227516376,-20.172951833555363
195.4,0.0035170222202663,0.001572065778729175,-20.2440199593576
195.41,0.0035328007801685,0.0015836588225500259,-19.530657903262977
195.42,0.0035486956502757,0.0015953279332324897,-18.87084222692336
195.43,0.0035647075946681,0.0016070737937391578,-18.229446315228426
195.44,0.0035808373842752,0.0016188970909991715,-17.606051262799134
195.45,0.0035970857969158,0.0016307985159183273,-17.000416331041937
195.46,0.0036134536173374,0.001642778763323308,-16.411962276714153
195.47,0.0036299416372555,0.0016548385320400171,-15.840452415369397
195.48,0.003646550655394,0.0016669785248400058,-15.215580432932542
195.49,0.0036632814775238,0.001679199448424999,-16.215865249851774
195.5,0.003680134916503,0.001691501567275828,-7.609052303612818
195.51,0.0036971117923165,0.001703889271144177,-8.657234182443688
195.52,0.0037142129856625,0.0017163625749408325,-18.158096524751354
195.53,0.0037314393182625,0.001728917495380829,-14.014077596961057
195.54,0.0037487916150781,0.0017415562322874905,-11.290663198825532
195.55,0.0037662707281956,0.0017542807181108505,-11.322408479492807
195.56,0.0037838775172528,0.0017670915468958393,-10.839213624072693
195.57,0.0038016128494868,0.001779989480896631,-10.393391527675696
195.58,0.0038194775997802,0.0017929752869591691,-9.960915676959793
195.59,0.0038374726507072,0.0018060497366058396,-9.541464688951802
195.6,0.0038555988925809,0.001819213606057509,-9.134965542688606
195.61,0.0038738572234997,0.0018324676761341712,-8.74095320903342
195.62,0.0038922485493933,0.0018458127323475102,-8.359203332332367
195.63,0.0039107737840703,0.0018592495648824864,-7.917044547686596
195.64,0.003929433849264,0.001872778968554149,-9.167558869851936
195.65,0.0039482296746794,0.0018864011721766807,-0.12954470821567798
195.66,0.0039671621980396,0.0019001217933175022,-3.1990498205575837
195.67,0.0039862324336139,0.0019139397524466663,-12.051139101452618
195.68,0.0040054413055419,0.001927850502741633,-6.473441495804165
195.69,0.0040247897644042,0.0019418576231466618,-5.2756465282344
195.7,0.004044278784033,0.001955962674445879,-5.248707061205737
195.71,0.0040639093467651,0.001970166386434176,-4.929945543667082
195.72,0.0040836824434956,0.001984469617694167,-4.635578555931639
195.73,0.0041035990737329,0.0019988732322207803,-4.350943284360687
195.74,0.0041236602456521,0.002013378099464144,-4.075836385940086
195.75,0.0041438669761506,0.0020279850943308295,-3.8101500938213873
195.76,0.0041642202909015,0.002042695097125816,-3.5536122404285777
195.77,0.0041847212244084,0.002057508993597508,-3.306012612376594
195.78,0.0042053708200594,0.002072427674949192,-2.992516340008208
195.79,0.0042261701301821,0.0020874520378125075,-4.430799658397241
195.8,0.0042471202160972,0.0021025822564558535,5.001464031486749
195.81,0.0042682221481733,0.00211782549015249,0.2600446999845815
195.82,0.0042894770932143,0.0021331792556441567,-8.037964697662309
195.83,0.0043108860883006,0.002148638293334197,-1.2344940868206542
195.84,0.0043324502264383,0.0021642079242274667,-1.2896835209738373
195.85,0.0043541706187652,0.0021798892196741573,-1.1935233106905279
195.86,0.0043760483860238,0.002195683071673331,-0.9919465454045643
195.87,0.0043980846586237,0.002211590450127473,-0.8043620276512908
195.88,0.0044202805767055,0.002227612331281703,-0.6240086836513151
195.89,0.0044426372902035,0.002243749697631666,-0.45061761708913445
195.9,0.0044651559589084,0.002260003538009968,-0.2840838351960946
195.91,0.0044878377525311,0.002276374847559148,-0.12428519024427535
195.92,0.0045106838507651,0.002292864627711686,0.028949351427841087
195.93,0.00453369544335,0.0023094738862116724,0.22511792762271912
195.94,0.0045568737301342,0.0023262036371199694,-0.7389067482414976
195.95,0.0045802199211385,0.002343054303996679,5.5324372263891215
195.96,0.0046037352366187,0.0023600320662091638,2.032310955408001
195.97,0.0046274209787464,0.0023771348949558247,-2.8640153284961314
195.98,0.0046512783430523,0.0023943593023983594,1.927331578883585
195.99,0.0046753085852126,0.0024117102449008484,1.3329999820368108
196.0,0.0046995129720605,0.002429188421145008,1.49465804473075
196.01,0.0047238927814239,0.00244679493256996,1.6228568889492738
196.02,0.0047484493022053,0.002464530890680856,1.7456731057534904
196.03,0.0047731838344626,0.002482397414981672,1.8633637211779797
196.04,0.0047980976894884,0.0025003956329875177,1.9836558315993522
196.05,0.0048231921898909,0.002518526680225005,1.9309222307001612
196.06,0.0048484686696732,0.0025367915917966135,2.7473501021988658
196.07,0.004873928474314,0.002555192303252537,3.5979535174379476
196.08,0.0048995729738576,0.0025737307316658375,2.130546935907832
196.09,0.0049254035469758,0.002592406434305029,1.8726064319673323
196.1,0.0049514215631677,0.0026112201471758557,2.853691922333409
196.11,0.0049776284166782,0.0026301739926616495,2.786175316874388
196.12,0.0050040255138157,0.0026492690751158524,2.8786108558785815
196.13,0.0050306142730404,0.002668506614079188,2.9599123155085163
196.14,0.0050573961250514,0.002687887837820792,3.0370325760484915
196.15,0.0050843725128743,0.0027074139833483096,3.110059839072601
196.16,0.0051115448919484,0.002727086296426728,3.191556305246366
196.17,0.0051389147302146,0.002746906031581681,2.978367467695303
196.18,0.0051664835082026,0.0027668742407833498,4.565405837853097
196.19,0.0051942527191181,0.0027869939998741416,3.8507009564130352
196.2,0.0052222238942824,0.00280726567985,2.5482375105063437
196.21,0.0052503985388681,0.0028276888631133344,3.661150121507426
196.22,0.0052787781846206,0.0028482660798933037,3.6409413831253046
196.23,0.0053073643782501,0.0028689986451250764,3.68052800571941
196.24,0.0053361586797512,0.0028898878772116855,3.7283497255914546
196.25,0.0053651626624979,0.002910935118806644,3.7719566747942395
196.26,0.0053943779133376,0.002932141721913306,3.812264060978381
196.27,0.0054238060326845,0.0029535090479483085,3.853240204900615
196.28,0.0054534486346144,0.002975038467767489,3.8082576348916786
196.29,0.0054833073469585,0.0029967312841941763,4.141718578435904
196.3,0.0055133838113975,0.0030185893909600342,4.866636175392978
196.31,0.005543679692846,0.003040615182170036,4.030752854916661
196.32,0.0055741966747992,0.0030628088376549708,3.6381391779671586
196.33,0.0056049364323117,0.0030851711140924792,4.279629237352733
196.34,0.0056359006666045,0.003107704342184983,4.208501698526819
196.35,0.0056670910935973,0.0031304099009642006,4.242357256994314
196.36,0.0056985094440218,0.0031532892772574823,4.272688825272071
196.37,0.0057301574635344,0.003176343969247439,4.223776413144922
196.38,0.0057620369128304,0.0031995754094108642,4.615279985939168
196.39,0.0057941495677564,0.003222985730271675,4.660325395793033
196.4,0.0058264972286685,0.003246576515602481,4.226131335140452
196.41,0.0058590817026066,0.003270348558668374,4.345970117022786
196.42,0.0058919048097597,0.003294303554010838,4.48560421532268
196.43,0.0059249683894458,0.0033184433027649957,4.47869470356322
196.44,0.0059582742969008,0.0033427693752016707,4.495333856110672
196.45,0.0059918244034036,0.0033672833817207843,4.511808592819914
196.46,0.0060256205963979,0.0033919869449883207,4.454144227994949
196.47,0.0060596647796161,0.003416881619243345,4.840122816386814
196.48,0.0060939588732022,0.00344196973871414,4.660818921680609
196.49,0.0061285048235288,0.003467252629566683,4.360153946008271
196.5,0.0061633045790538,0.003492731373030027,4.627392477893524
196.51,0.0061983601108809,0.0035184081295974536,4.595196284184675
196.52,0.0062336734072554,0.0035442845677658296,4.599907292178788
196.53,0.0062692464735899,0.0035703624098683247,4.6023504978469845
196.54,0.0063050813325939,0.003596643392147483,4.5913725009086335
196.55,0.0063411800244047,0.0036231292466708037,4.6161034837625206
196.56,0.0063775446067161,0.0036498218215442143,4.814619437643365
196.57,0.006414177156967,0.003676723320950883,4.661865904218111
196.58,0.006451079774507,0.003703835230826613,4.522666285945662
196.59,0.0064882545682178,0.0037311590565549963,4.661272574459202
196.6,0.0065257036690233,0.003758696926451693,4.636526818973887
196.61,0.0065634292263108,0.0037864506630933253,4.618021664367029
196.62,0.0066014334080768,0.003814422111085027,4.683482498812246
196.63,0.0066397184010746,0.003842613329139995,4.723316605893619
196.64,0.0066782864138035,0.0038710263298641964,4.614789871378764
196.65,0.0067171396726276,0.0038996627914375066,4.598722962261931
196.66,0.0067562804209171,0.003928524616440044,4.635420112696098
196.67,0.0067957109230109,0.003957613867489196,4.620747599587445
196.68,0.0068354334628971,0.003986932504991634,4.580983856730576
196.69,0.0068754503443689,0.004016482466634152,4.731549419028036
196.7,0.0069157638911821,0.00404626617460671,4.684277996193082
196.71,0.0069563764532948,0.004076285560800838,4.492246968234995
196.72,0.0069972903933515,0.00410654217056333,4.513344547319458
196.73,0.007038508094428,0.004137038103506663,4.454908075108299
196.74,0.0070800319597801,0.004167775297527504,4.3374565806506675
196.75,0.0071218644123028,0.00419875574294415,5.404476102199422
196.76,0.0071640079006466,0.0042299845632791785,4.742706563176277
196.77,0.0072064649322067,0.004261462085065011,3.8461651260386676
196.78,0.0072492379714178,0.004293187799225836,4.530600650360123
196.79,0.0072923295282646,0.004325165744400861,4.27780885955666
196.8,0.0073357421332027,0.004357397579075024,4.5447481267353504
196.81,0.0073794783371578,0.004389886505220815,5.237756875879467
196.82,0.0074235407330744,0.004422636931037489,4.39020512504419
196.83,0.0074679319466117,0.0044556485150025185,3.88656751512311
196.84,0.0075126545771094,0.004488921821399953,4.395456122977254
196.85,0.0075577112676375,0.004522460692844995,4.0723169595051845
196.86,0.0076031046827128,0.004556266704954979,4.864408212294289
196.87,0.0076488375082975,0.004590344961589211,5.040147705324822
196.88,0.0076949124977948,0.004624698503037513,3.9508413878772832
196.89,0.0077413323929028,0.004659325986642512,4.000285412475993
196.9,0.0077880999391907,0.004694229812913283,4.262993010963065
196.91,0.0078352179210676,0.004729413346300803,3.8896845943928064
196.92,0.0078826891455636,0.004764878107888434,5.199166558167086
196.93,0.0079305164423299,0.004800631383071666,4.697523285555447
196.94,0.0079787027363425,0.004836673949132443,3.4819982275472086
196.95,0.0080272508813302,0.004873003698220002,4.2044285994589705
196.96,0.0080761637836701,0.004909625696181735,4.062400714841501
196.97,0.0081254443771643,0.00494654219190668,4.0003112220964585
196.98,0.0081750956194735,0.004983755854526623,5.0381395817538435
196.99,0.0082251205047286,0.005021273495114118,4.313104659125929
197.0,0.0082755221016413,0.005059094927816673,3.4518013492752173
197.01,0.008326303415093,0.005097219161793301,4.129933256473074
197.02,0.0083774675110507,0.005135651547648334,3.8674867228339216
197.03,0.0084290174805886,0.005174394023500943,4.188922759395768
197.04,0.0084809564398883,0.005213450956057413,4.735017067724199
197.05,0.0085332875629737,0.005252827592293341,3.916589026344478
197.06,0.0085860140554046,0.005292523143870873,3.538613092180217
197.07,0.0086391390936438,0.005332538570758239,3.9596065727835326
197.08,0.0086926659079846,0.005372878575670044,3.664814561429052
197.09,0.0087465977551227,0.005413545071500916,4.405059025523668
197.1,0.0088009379181554,0.00545454462492663,4.429729628708891
197.11,0.0088556897664301,0.005495880408136637,3.4848623302550994
197.12,0.0089108566434526,0.005537550747335892,3.628554553883931
197.13,0.0089664419085239,0.005579559130904193,3.78184603982412
197.14,0.0090224489652255,0.005621909398535813,3.4633060511316955
197.15,0.0090788812449048,0.005664603445204123,4.579944887171903
197.16,0.0091357422066755,0.005707650224114199,4.130738277803842
197.17,0.0091930354266994,0.005751050626097533,3.0824358783205184
197.18,0.0092507643926886,0.0057948020601717035,3.701973740232109
197.19,0.0093089326578779,0.005838910789085841,3.576258012049785
197.2,0.0093675438088829,0.005883379573035794,3.4614763124963552
197.21,0.0094266014615635,0.00592821140823835,4.44857718064058
197.22,0.0094861092734091,0.005973415255155843,3.8100053706402903
197.23,0.0095460710050989,0.006018990832234991,2.9696308788716728
197.24,0.0096064903265474,0.006064936344252493,3.60585419640598
197.25,0.0096673709868017,0.006111258704259165,3.3819175021088266
197.26,0.0097287167657212,0.006157960315698455,3.543825545088005
197.27,0.0097905314739782,0.006205045929269241,4.181490413927182
197.28,0.0098528189860756,0.0062525230894691294,3.47672936128369
197.29,0.0099155832381246,0.006300390859726628,2.9821064841826397
197.3,0.0099788281081561,0.006348649341275008,3.4364112214814035
197.31,0.010042557547455,0.006397304914256619,3.1948302040600183
197.32,0.0101067755397658,0.00644635999689326,3.63395321348245
197.33,0.0101714861012914,0.006495821450590026,3.9057884912578227
197.34,0.0102366933392201,0.0065456949241558815,3.135162107255606
197.35,0.0103024013690186,0.006595978700892532,3.0028295642018406
197.36,0.0103686142906847,0.0066466752978099845,3.265206067611143
197.37,0.0104353362689011,0.006697790326731703,3.005826574976608
197.38,0.0105025715025429,0.006749326204184171,3.7340850221231636
197.39,0.0105703242246764,0.006801292367650027,3.6218232602141485
197.4,0.010638598792385,0.006853691984166693,2.785977204698901
197.41,0.0107073995035199,0.006906522415287388,3.0338720055767125
197.42,0.0107767306951909,0.006959789223462381,3.0933789038605437
197.43,0.0108465967572891,0.007013496948584192,2.7761361982152257
197.44,0.0109170021157231,0.007067647815513426,4.099500668272424
197.45,0.0109879512339474,0.007122256779381643,3.3735207397487907
197.46,0.0110594487705957,0.0071773220583574646,2.216117749960787
197.47,0.0111314991827441,0.007232837633109257,3.0940007317665446
197.48,0.0112041070590938,0.007288814742047425,2.8985430148806155
197.49,0.0112772770259591,0.007345256363195755,2.810146128098953
197.5,0.01135101374727,0.007402165944350812,2.773289548948408
197.51,0.0114253219245702,0.007459548278988367,4.071581337840291
197.52,0.0115002063346605,0.007517419692449918,3.062368682721215
197.53,0.0115756719316045,0.0075757752564066996,2.001700697794326
197.54,0.0116517234404504,0.007634608778167516,2.9276421849091636
197.55,0.0117283657401206,0.007693933135750796,2.7246610852728828
197.56,0.0118056037494092,0.007753751366462479,2.575042047921053
197.57,0.0118834424269848,0.007814066710309974,2.9127856513554127
197.58,0.0119618867713885,0.007874887955495782,3.8196105289459514
197.59,0.0120409419107178,0.007936229166507556,2.65738422199847
197.6,0.0121206130646137,0.007998082856519248,2.0106965861475823
197.61,0.0122009052728055,0.00806044618015921,2.746872965525354
197.62,0.0122818237253078,0.00812333152916338,2.5746998819539835
197.63,0.0123633736546515,0.008186742256999934,2.370571228693239
197.64,0.0124455603358821,0.008250681394796674,3.069368079311201
197.65,0.0125283890865599,0.00831516236518088,3.4432892088460485
197.66,0.0126118654131994,0.008380194579339105,2.245312142902209
197.67,0.0126959947893682,0.008445768819510018,2.1149559206916835
197.68,0.0127807826088278,0.008511887788705059,2.5545593542184974
197.69,0.0128662343932459,0.00857856187750004,2.429998517316005
197.7,0.0129523557095764,0.008645794925889199,2.1754461180298206
197.71,0.013039152170057,0.008713589707552604,3.206225712328377
197.72,0.0131266294322099,0.008781964914757566,3.0642554536744893
197.73,0.0132147934094076,0.008850924211312448,1.8520261472684862
197.74,0.0133036498346103,0.008920456637294117,2.215606487998102
197.75,0.0133932044839027,0.008990571546175878,2.363159718311041
197.76,0.0134834632316954,0.009061276721673275,2.285539742709032
197.77,0.0135744320005473,0.009132576560508357,1.9778990496504767
197.78,0.0136661167611663,0.00920447345321591,3.3495716105786295
197.79,0.0137585235324089,0.009276992604055768,2.709103404221089
197.8,0.0138516586722023,0.00935013067195494,1.460738247882512
197.81,0.0139455281763486,0.009423874350109138,2.3078246701219136
197.82,0.0140401382320493,0.009498241050194216,2.1790114373729708
197.83,0.0141354950891718,0.009573235391784974,2.1120919738819
197.84,0.0142316050487646,0.009648862087944238,1.9935179515459587
197.85,0.0143284744630568,0.009725126404642494,3.1761239739839566
197.86,0.014426109772576,0.009802053222385037,2.369121311064017
197.87,0.0145245177111059,0.009879635667321739,1.3845358056884454
197.88,0.0146237046464712,0.009957862773658354,2.206882303515579
197.89,0.0147236771741398,0.010036753591663363,2.0314613851409424
197.9,0.0148244419440082,0.010116312120786598,1.932265442858275
197.91,0.0149260056604023,0.010196542989369112,2.090824206251514
197.92,0.0150283750820768,0.010277456369169177,2.8862064320993395
197.93,0.0151315571199643,0.010359072958504969,2.034972182513577
197.94,0.0152355588562039,0.010441383706425006,1.430179007854963
197.95,0.0153403870983985,0.010524382975783387,2.0418120163795015
197.96,0.0154460488647794,0.010608088235859996,1.9005552473916405
197.97,0.0155525512314743,0.010692504003533275,1.75907319570164
197.98,0.0156599013325071,0.010777634640338396,2.1919097878673073
197.99,0.0157681063597961,0.010863496288288465,2.594805647548851
198.0,0.0158771737345132,0.010950103990660058,1.7077704934730356
198.01,0.0159871108929285,0.011037446274121562,1.4857184929493785
198.02,0.0160979251186871,0.011125524380031608,1.8814554742187575
198.03,0.0162096238802927,0.011214353442371625,1.7751726096796805
198.04,0.016322214707823,0.011303938591263399,1.5925276017120125
198.05,0.0164357051929311,0.011394283820934971,2.293049079883399
198.06,0.0165501029888427,0.011485412430778299,2.3070751055012266
198.07,0.0166654160699381,0.011577332216215215,1.390050014772597
198.08,0.0167816522321856,0.01167002897256841,1.5459237375361783
198.09,0.0168988192737285,0.011763512503181611,1.7262508873860634
198.1,0.0170169251424577,0.011857794798680906,1.6548562774688815
198.11,0.0171359778517331,0.011952881703461486,1.4322596950306046
198.12,0.0172559854803807,0.01204877672554237,2.392982675331516
198.13,0.0173769561726971,0.012145511684085852,2.0254445543479433
198.14,0.0174988985031046,0.012243085321475815,1.082592799538256
198.15,0.017621820631434,0.01234148032860597,1.6085307861193898
198.16,0.0177457309116988,0.01244071698064166,1.5768653947956999
198.17,0.017870637802018,0.012540803211686519,1.5267720511894685
198.18,0.0179965498300996,0.012641745518033345,1.3935504277403792
198.19,0.018123475593238,0.012743549580414959,2.1496995322562076
198.2,0.0182514237792948,0.012846244806612405,1.7337610131390193
198.21,0.0183804034459298,0.012949827941836564,1.1016913040801892
198.22,0.0185104232748405,0.01305428829775996,1.5982687386003884
198.23,0.0186414922045832,0.013159647939590177,1.498575908599779
198.24,0.0187736192527908,0.013265913318886673,1.4817463093522374
198.25,0.0189068135167814,0.01337309237321825,1.452138694534318
198.26,0.0190410841741597,0.01348119311426494,1.5747364419246983
198.27,0.0191764404907482,0.013590228160912371,1.480372303936899
198.28,0.0193128918708134,0.013700203380465997,1.3576328877779587
198.29,0.0194504477107015,0.013811123527098334,1.4362076332673137
198.3,0.0195891175281302,0.013923000001434966,1.4060318518343822
198.31,0.0197289109260308,0.014035841053887561,1.3915058718588447
198.32,0.0198698375932756,0.014149655316582384,1.3763522493215312
198.33,0.0200119073053982,0.014264451487634057,1.3583877272473337
198.34,0.0201551299250795,0.014380238243649323,1.3447587056529489
198.35,0.0202995154019459,0.01449702448754588,1.331445969246532
198.36,0.0204450737764193,0.014614819212765685,1.3142294958104912
198.37,0.0205918151776111,0.014733631342080718,1.29911691646713
198.38,0.0207397498248692,0.014853469941892463,1.2837185390034418
198.39,0.0208888880284954,0.01497434414561427,1.2681663057255115
198.4,0.0210392401904666,0.015096263149325079,1.250876802939471
198.41,0.0211908168049166,0.015219236157598017,1.2364513809954396
198.42,0.0213436284583198,0.015343272563143422,1.2220396312493735
198.43,0.0214976858324092,0.015468381837715057,1.2051046505792669
198.44,0.0216529997028302,0.015594573422045722,1.1895887458481127
198.45,0.021809580940474,0.015721856881589204,1.1724850750345532
198.46,0.0219674405121927,0.01585024180563915,1.1593939671185516
198.47,0.0221265894815185,0.015979738103989265,1.1685030101999392
198.48,0.0222870390145095,0.016110356694607298,1.1341158239526157
198.49,0.0224488003865297,0.01624210661335581,1.1013684549716891
198.5,0.0226118849489294,0.016374996970534968,1.1036263864589961
198.51,0.022776304163275,0.016509038599647377,1.0855478487291865
198.52,0.0229420695920077,0.01664424154177186,1.0685470357365665
198.53,0.0231091928991984,0.016780615932436543,1.058447873322151
198.54,0.023277685851304,0.016918172410642474,1.0690639932693193
198.55,0.023447560325753,0.01705692266718934,1.032054611440117
198.56,0.0236188283151674,0.017196876053086722,1.0001096242556922
198.57,0.0237915018900429,0.017338042165242325,1.0042142298011174
198.58,0.0239655932392528,0.017480432600214257,0.9866285500884878
198.59,0.0241411146586071,0.017624057989767787,0.9711177326550874
198.6,0.0243180785516553,0.017768929105268887,0.9602458047438136
198.61,0.0244964974304908,0.017915057102443177,0.9573998085655091
198.62,0.0246763839216901,0.018062453638541053,0.9316839816175517
198.63,0.0248577507665923,0.018211129141337448,0.9101306572138177
198.64,0.0250406108038424,0.018361094311056637,0.9046646214010577
198.65,0.0252249769907487,0.018512360901672596,0.8890875788086068
198.66,0.0254108623976145,0.018664940200042307,0.8749722131018222
198.67,0.0255982802085684,0.018818843628243383,0.8610192453341186
198.68,0.0257872437223949,0.01897408270629325,0.8472795946137921
198.69,0.0259777663536027,0.019130669049201878,0.8327503754083312
198.7,0.0261698616331337,0.019288614303466057,0.8184379330506412
198.71,0.0263635432085746,0.01944793021034077,0.8046500730550608
198.72,0.0265588248457542,0.01960862862958162,0.7905018910569085
198.73,0.0267557204293258,0.01977072148282077,0.7769526034708886
198.74,0.0269542439635935,0.01993422080213995,0.7608044722071167
198.75,0.0271544095733505,0.02009913850672413,0.7434257173395443
198.76,0.027356231501695,0.02026548652104924,0.7336636896182968
198.77,0.0275597241133309,0.020433277408256605,0.7212605247697038
198.78,0.0277649019009108,0.020602523639884122,0.7044436926285153
198.79,0.0279717794780861,0.020773237423288467,0.6907242729448881
198.8,0.0281803715829505,0.0209454312652034,0.6774375925360075
198.81,0.0283906930788539,0.02111911777878765,0.6596966242245828
198.82,0.0286027589552288,0.0212943092864732,0.6413349470968505
198.83,0.028816584322858,0.021471018156330682,0.6337681797335646
198.84,0.0290321844206065,0.02164925772754238,0.6214779055488735
198.85,0.0292495746231158,0.021829041060347575,0.6036504123677775
198.86,0.0294687704299861,0.02201038079759577,0.5899998227638512
198.87,0.0296897874706531,0.022193289997129214,0.5778397499810136
198.88,0.0299126415051934,0.022377781885505866,0.5546848160169621
198.89,0.0301373484251187,0.022563868753620674,0.5328207583183842
198.9,0.0303639242394502,0.022751563116636647,0.5330596604372302
198.91,0.030592385094273,0.022940879629045757,0.5213250603476617
198.92,0.0308227472844314,0.0231318319794151,0.49987277823283804
198.93,0.0310550272294828,0.023324432927421895,0.48652575221283423
198.94,0.0312892414835988,0.023518696048611665,0.47631503362864624
198.95,0.0315254067363216,0.023714635202198103,0.4426132550613583
198.96,0.0317635398133084,0.023912261914280607,0.4164209555120473
198.97,0.0320036576428958,0.02411158859801094,0.42989805375700124
198.98,0.0322457773064787,0.02431263192373435,0.4172203801932836
198.99,0.0324899160499227,0.02451540603462058,0.3904096080667291
199.0,0.0327360912386755,0.02471992343686663,0.3773363224555005
199.01,0.0329843203763157,0.024926198125061035,0.3680316089268005
199.02,0.0332346211051987,0.025134244440925234,0.32618802819666337
199.03,0.033487011207101,0.025344073074474657,0.300132552960353
199.04,0.0337415085520469,0.02555569663681978,0.32064002239743844
199.05,0.0339981311821643,0.025769133356619407,0.30425704240676316
199.06,0.0342568973092867,0.025984397354368235,0.2757576231233176
199.07,0.0345178252622251,0.02620150104630815,0.2621993559390895
199.08,0.0347809335100091,0.026420458668805054,0.25362284550854874
199.09,0.0350462406623865,0.026641284920520154,0.20372814540605133
199.1,0.0353137654703213,0.026863989288717444,0.1795453654123368
199.11,0.0355835267542603,0.027088584661143802,0.20563190112846327
199.12,0.0358555435303534,0.027315090757919387,0.18421542818235415
199.13,0.036129834983306,0.027543521254090136,0.15528554807871725
199.14,0.0364064204117366,0.027773888415955825,0.141041693513751
199.15,0.0366853192548351,0.02800620653566928,0.13234533891321357
199.16,0.0369665510926715,0.028240490450031838,0.07941506005619531
199.17,0.0372501356465049,0.02847674867032807,0.052555371735911766
199.18,0.0375360926910912,0.028714993493180893,0.0747151540677947
199.19,0.0378244422017533,0.02895524467357146,0.05070476397369658
199.2,0.038115204315477,0.02919751534361057,0.022757040833166698
199.21,0.0384083992807627,0.029441817562064362,0.00893961956199899
199.22,0.0387040474819331,0.02968816505777254,-0.05080536150717639
199.23,0.0390021694259544,0.029936564655631596,-0.05138644997707528
199.24,0.0393027856700779,0.03018703249803237,-0.04129859925453253
199.25,0.0396059170272453,0.030439586792207464,-0.08611623066751477
199.26,0.0399115843924964,0.030694236669831163,-0.09991508968262842
199.27,0.0402198087902375,0.030950995723497077,-0.1305267313482788
199.28,0.0405306113736358,0.031209874779775857,-0.16170883331320737
199.29,0.0408440133895408,0.0314708844700454,-0.16994581470564357
199.3,0.0411600362133497,0.031734039442361,-0.18822313181832306
199.31,0.0414787013715433,0.031999352630723385,-0.21301650220128224
199.32,0.0418000304965725,0.03226683530806341,-0.25103885094350725
199.33,0.0421240453396364,0.03253649613607403,-0.2703561892946263
199.34,0.0424507677211269,0.03280834723149353,-0.27664722253465085
199.35,0.0427802196316496,0.033082403210080394,-0.30577974686901094
199.36,0.0431124231648989,0.03335867371175138,-0.3633322067447957
199.37,0.0434474005046027,0.03363716256770746,-0.3689323877819642
199.38,0.0437851738593415,0.033917884021778096,-0.35882225432012455
199.39,0.0441257656790655,0.03420085552443813,-0.41816409839999374
199.4,0.044469198477988,0.03448607948570298,-0.47492657811251987
199.41,0.0448154947908421,0.034773558285434936,-0.46625217161326576
199.42,0.0451646772152699,0.035063308713077085,-0.4565465346946364
199.43,0.0455167685830685,0.03535534735897734,-0.5512494257264814
199.44,0.04587179177023,0.03564966703963057,-0.5932373526869881
199.45,0.0462297695474456,0.03594627167097687,-0.564471700297126
199.46,0.046590724885531,0.036245182219613155,-0.5717929032536596
199.47,0.0469546809049593,0.03654641016338483,-0.7022461149058253
199.48,0.047321660763986,0.03684993729633901,-0.710742845491658
199.49,0.0476916873554794,0.03715577391584467,-0.6602690882792818
199.5,0.0480647840141311,0.037463945768153456,-0.7240529739460202
199.51,0.0484409740362187,0.03777444898657115,-0.8383905277676466
199.52,0.048820280717722,0.03808726555387838,-0.8325534150089577
199.53,0.0492027271058181,0.03840240840941202,-0.78373560317376
199.54,0.0495883367044609,0.03871990194972153,-0.8882778040638466
199.55,0.0499771329210005,0.03903972861207406,-0.994727717935693
199.56,0.0503691390052146,0.03936186883705499,-0.9559373273645053
199.57,0.0507643780783988,0.03968634341794137,-0.9246511479487275
199.58,0.0511628737032007,0.04001317189076571,-1.0120166241899926
199.59,0.0515646492947363,0.04034233669343544,-1.1847059859451314
199.6,0.0519697281090227,0.04067379522203977,-1.1368119411904825
199.61,0.0523781329217626,0.04100756907185795,-1.058401196732202
199.62,0.0527898872927663,0.04134369105929352,-1.1508267305335054
199.63,0.0532050144760621,0.041682138143447615,-1.3844086539446565
199.64,0.0536235376163035,0.042022842910722655,-1.3405427448123077
199.65,0.0540454789328465,0.04236582350184172,-1.2135568074552416
199.66,0.0544708617977548,0.04271112753384121,-1.3121304041103288
199.67,0.0548997091074515,0.043058725885918026,-1.5852717673945318
199.68,0.0553320437090825,0.04340853030196576,-1.5623084024866831
199.69,0.0557678871171579,0.04376054945177017,-1.3950610370840333
199.7,0.0562072622391701,0.044114843504472825,-1.5177719646385472
199.71,0.0566501914139399,0.04447137169085215,-1.7539108198962696
199.72,0.0570966968628018,0.044830048271916834,-1.8063393738869375
199.73,0.0575467995033092,0.04519085260374228,-1.6465459518604677
199.74,0.0580005211614945,0.04555384117454874,-1.7130660030085314
199.75,0.0584578834910324,0.04591898809073175,-1.946391168869407
199.76,0.0589189078236415,0.04628619984343568,-2.0776073123418666
199.77,0.0593836142295974,0.046655420956023125,-1.9253521986402027
199.78,0.0598520230888022,0.047026703205703346,-1.9368901122250795
199.79,0.0603241550975952,0.047400037639259755,-2.1373527087362807
199.8,0.0608000303829395,0.04777533454377574,-2.341365127213566
199.81,0.0612796680659846,0.04815250139211016,-2.2679668087362366
199.82,0.0617630866906643,0.04853155439027267,-2.2592101342423723
199.83,0.0622503053923404,0.048912487452073994,-2.3926582830756273
199.84,0.0627413424669532,0.049295231213634244,-2.5596720001706794
199.85,0.063236215782047,0.04967969879584184,-2.6134977586993218
199.86,0.0637349420626809,0.05006584940390584,-2.607587207007596
199.87,0.064237538302661,0.050453666770030006,-2.7408800757935428
199.88,0.0647440207033966,0.05084307530825843,-2.830777180581975
199.89,0.065254404895369,0.051234011296504595,-2.9572468309842113
199.9,0.0657687057673539,0.05162639561710827,-3.017203535699234
199.91,0.0662869374587388,0.052020175819683774,-3.0863617188560553
199.92,0.066809113736302,0.052415294704219115,-3.1898464845940313
199.93,0.0673352475485917,0.05281167549974475,-3.3447226687838425
199.94,0.0678653511216708,0.05320921597331598,-3.4416384939737816
199.95,0.0683994354817199,0.053607838282018185,-3.4928667987746755
199.96,0.0689375112845296,0.05400748424513001,-3.6197259398766177
199.97,0.0694795882576199,0.054408059014532384,-3.742002560359704
199.98,0.0700256752194553,0.05480946332347391,-3.9259830733641667
199.99,0.0705757798793816,0.05521156868398269,-4.0045873396886895
200.0,0.0711299086598063,0.05561429406101317,-4.0828461034441155
200.01,0.07168806753835,0.056017558207293455,-4.2319799548895745
200.02,0.0722502612038809,0.0564212404024305,-4.435190407977221
200.03,0.0728164932471031,0.056825189563625145,-4.583661086471917
200.04,0.0733867654815395,0.05722928029642527,-4.653539034388786
200.05,0.0739610790119838,0.05763342457719932,-4.819506358370933
200.06,0.0745394336873555,0.05803748539867232,-4.985314836788812
200.07,0.0751218279443672,0.058441317729302986,-5.225197901625895
200.08,0.075708258692766,0.0588447390241396,-5.354353729666964
200.09,0.0762987209277515,0.05924762051840102,-5.470560398331564
200.1,0.0768932088715332,0.05964983948872638,-5.681886659107861
200.11,0.0774917149122967,0.06005121995070866,-5.919887144246441
200.12,0.0780942298304804,0.06045156691871339,-6.137672700059999
200.13,0.078700742205244,0.060850695768058474,-6.276937305077562
200.14,0.079311239184866,0.061248461106839375,-6.4909728376649465
200.15,0.0799257062552146,0.0616446777804959,-6.715410579221357
200.16,0.0805441268974244,0.062039147304870576,-7.03527106129736
200.17,0.0811664825720517,0.06243162121279157,-7.24089407405781
200.18,0.0817927520429783,0.0628219097980387,-7.4169953471691255
200.19,0.0824229128741107,0.06320983879014933,-7.71724876011416
200.2,0.0830569401381318,0.0635951654848892,-8.015341877998898
200.21,0.0836948066784617,0.06397764205311891,-8.346685147699992
200.22,0.0843364826195996,0.06435700512057152,-8.58357684991919
200.23,0.0849819356794789,0.06473304074528936,-8.868345432839414
200.24,0.0856311315318008,0.06510551036898657,-9.196972103167543
200.25,0.0862840330866366,0.06547414612793553,-9.622319920214213
200.26,0.0869406006325828,0.06583862931129984,-9.952016069574979
200.27,0.0876007909503826,0.06619869307334127,-10.237708522172879
200.28,0.0882645589244129,0.0665540949744294,-10.664946939182444
200.29,0.0889318562524765,0.06690451823752944,-11.06848001264747
200.3,0.0896026316524025,0.06724965389422397,-11.539445487216831
200.31,0.0902768305857958,0.06758916188480714,-11.93935850421317
200.32,0.0909543951236604,0.0679227410954334,-12.359516404317121
200.33,0.0916352645963628,0.06825008244503046,-12.857174300347435
200.34,0.0923193748054865,0.06857083637991333,-13.390063385029302
200.35,0.093006658147001,0.06888463634312283,-13.915868862929528
200.36,0.0936970431631764,0.06919112404811373,-14.418304531744365
200.37,0.0943904550967072,0.06948995673929984,-14.996205350916593
200.38,0.0950868155173624,0.069780757087858,-15.593119515825265
200.39,0.095786042171773,0.07006313977412741,-16.235635624346642
200.4,0.0964880489131599,0.07033670183557879,-16.87056033856775
200.41,0.097192745490192,0.07060104928935385,-17.524715579393575
200.42,0.0979000378444449,0.07085578375600778,-18.241896530622174
200.43,0.0986098277073305,0.07110048124489773,-18.965884891568102
200.44,0.099322012599547,0.07133471930468224,-19.722545085787942
200.45,0.100036485781621,0.0715580657128964,-20.516925843166653
200.46,0.100753136122207,0.07177007585325869,-21.337102455271282
200.47,0.101471848003063,0.07197029846239221,-22.196412938878854
200.48,0.102192501268692,0.07215827200451666,-23.012239615255776
200.49,0.102914971138014,0.0723335597263492,-23.933839951571457
200.5,0.103639128561273,0.07249568021727484,-24.91745124775119
200.51,0.104364839176549,0.07264412786466684,-25.850423432546542
200.52,0.105091963950899,0.0727784255132998,-26.81526490649427
200.53,0.105820358911262,0.07289808913765057,-27.733215500340613
200.54,0.106549875377381,0.07300265486976712,-28.811653459050344
200.55,0.107280359891887,0.07309158676702526,-29.896955587045206
200.56,0.108011653211527,0.0731643440168496,-30.923531538492416
200.57,0.108743591172387,0.07322041553874115,-31.82964843080862
200.58,0.109476004339359,0.07325934018056711,-32.84671726922129
200.59,0.110208719049894,0.07328059705199198,-34.02106909610055
200.6,0.110941555409915,0.07328358484855006,-35.00012692498379
200.61,0.111674328090596,0.07326777398463345,-35.98032062419548
200.62,0.112406846483149,0.0732326307268576,-36.67244170654415
200.63,0.11313891475761,0.07317772290358292,-37.67140979233169
200.64,0.113870333058804,0.07310245671211686,-38.70514218683808
200.65,0.114600893947406,0.07300619064956732,-39.37525724962703
200.66,0.115330385196063,0.07288841727241617,-39.94603542162758
200.67,0.116058588977734,0.07274864994106674,-40.38284696002154
200.68,0.116785283228738,0.07258641444427491,-41.101918807533224
200.69,0.117510240215878,0.07240105750227466,-41.564534834311445
200.7,0.118233225367902,0.0721919869739422,-41.84572414834289
200.71,0.118953999190773,0.07195866285995764,-41.574410621018124
200.72,0.119672316591025,0.07170076050052564,-41.70418171662427
200.73,0.120387930457667,0.07141769313139176,-41.96720211985341
200.74,0.121100584242991,0.07110872835942433,-41.548092656137804
200.75,0.121810017230734,0.07077342461932444,-41.15978387045181
200.76,0.12251596337243,0.07041129395967521,-40.32521669237133
200.77,0.12321815253886,0.07002203199311721,-39.95026649264023
200.78,0.123916311432838,0.06960499922396661,-39.46093826103787
200.79,0.124610157874824,0.06915953958924251,-38.530591386811984
200.8,0.125299406153266,0.06868523628463345,-37.332152038012346
200.81,0.125983765551575,0.06818183687555743,-36.25879664032836
200.82,0.12666294449269,0.06764895610936693,-35.526276505648475
200.83,0.127336644165149,0.06708589137400824,-34.37336986478167
200.84,0.128004560328734,0.06649221407830827,-33.19800930223348
200.85,0.128666385275046,0.06586753959294256,-31.57390777456282
200.86,0.129321807682469,0.06521189963196658,-30.531021887610056
200.87,0.129970518243876,0.06452477492738229,-29.6170332550085
200.88,0.130612196123538,0.06380546497199968,-28.20820154287864
200.89,0.131246519812312,0.06305382508829255,-26.89397669034805
200.9,0.131873164433317,0.06226971438311723,-25.4960622246946
200.91,0.132491805711513,0.06145315307497373,-24.538589613843392
200.92,0.133102117591172,0.06060360472610812,-23.483305253375676
200.93,0.133703766706155,0.059720681625950504,-22.325165110168072
200.94,0.13429641982332,0.05880427923452489,-20.977929692557723
200.95,0.134879741773583,0.05785478817777537,-19.989697163440088
200.96,0.135453404622453,0.05687205741549152,-19.231595908849105
200.97,0.136017070517886,0.05585552034936571,-18.182471716130088
200.98,0.136570402887885,0.054805331589016563,-17.265658377168236
200.99,0.137113065455115,0.053721582031533946,-16.226497279328978
201.0,0.137644724329603,0.05260486210833318,-15.51951182676029
201.01,0.138165052207846,0.051455006152865274,-14.86849558143382
201.02,0.138673713456733,0.05027176553484142,-14.064326852315427
201.03,0.139170377733811,0.049055574256442795,-13.334980480660386
201.04,0.139654716673142,0.047806899594833356,-12.647365263289291
201.05,0.140126409028345,0.046526261601716426,-12.101875908773254
201.06,0.140585135861625,0.045213781004759444,-11.54651164896713
201.07,0.141030579849469,0.04386980838102471,-10.962749508891775
201.08,0.141462429521563,0.04249510510877311,-10.469583970945322
201.09,0.141880381302126,0.041090214379500604,-10.026304150535728
201.1,0.142284134869828,0.03965560888662424,-9.581115256437228
201.11,0.142673396910049,0.03819201982278494,-9.16781652597809
201.12,0.143047881318552,0.036700248783301526,-8.794612693994365
201.13,0.143407310513184,0.03518106121874106,-8.452138634871906
201.14,0.143751413840912,0.033635238832166924,-8.121704486425807
201.15,0.14407992974268,0.03206374142820749,-7.816371080771077
201.16,0.14439260649466,0.030467593984207418,-7.542466383222549
201.17,0.144689202771783,0.028847782261949794,-7.289959996969918
201.18,0.144969486795631,0.02720534401653314,-7.049376832720866
201.19,0.145233238279014,0.0255414889283249,-6.83248358652661
201.2,0.145480249270524,0.023857439298026473,-6.637067157773757
201.21,0.145710323899528,0.022154426667558617,-6.456363962178034
201.22,0.14592327904398,0.020433785091224232,-6.296627470603098
201.23,0.146118945266555,0.018696825011750344,-6.14990595729847
201.24,0.146297165995793,0.01694498476954252,-6.016775373057329
201.25,0.146457800512622,0.01517981694247513,-5.903456319858456
201.26,0.146600722840171,0.01340281140717418,-5.808847250591053
201.27,0.146725821988482,0.01161534113866709,-5.721616131803541
201.28,0.146833000433812,0.009819083126650734,-5.646758404927246
201.29,0.14692218032511,0.00801587239917384,-5.594756364948191
201.3,0.146993299557997,0.0062071587018590335,-5.554369852641308
201.31,0.147046310294061,0.004394421997733674,-5.522908122782753
201.32,0.147081181141197,0.0025796282002147715,-5.5077326873222106
201.33,0.147097902350982,0.0007647374031573747,-5.509471762451315
201.34,0.147096480629339,-0.0010487056257830567,-5.5217297890507355
201.35,0.147076937710818,-0.002859407750675086,-5.550943296624353
201.36,0.147039308694979,-0.004665259197333035,-5.59828985406697
201.37,0.146983655806183,-0.0064640355794664634,-5.658065157258435
201.38,0.146910056495939,-0.008254199803783373,-5.7196665145729275
201.39,0.146818604388034,-0.010034723260149425,-5.817169094223853
201.4,0.146709401326241,-0.011803499306259579,-5.9422133497394105
201.41,0.146582581239817,-0.013558099393748876,-6.069460575391409
201.42,0.146438291226954,-0.015297046421592724,-6.1844654332441085
201.43,0.146276695520988,-0.017019578640584586,-6.362491744687503
201.44,0.1460979611462,-0.018723730095124756,-6.5891586178745225
201.45,0.145902290030655,-0.020406997927950126,-6.799808321354519
201.46,0.145689894915705,-0.022068054658240986,-6.98820302864078
201.47,0.145461005428382,-0.023706295432716677,-7.263433416534988
201.48,0.145215850887005,-0.025320058374891468,-7.622975885507191
201.49,0.144954693252981,-0.026906970196808926,-7.943701187450396
201.5,0.144677804517484,-0.028465898469457372,-8.25460814864991
201.51,0.144385470895831,-0.02999621174217491,-8.644938107151109
201.52,0.14407797984614,-0.031496752229749396,-9.16796450230469
201.53,0.14375564129129,-0.03296555660625677,-9.668317125353548
201.54,0.143418777948726,-0.034401504001833665,-10.149707739601983
201.55,0.14306772250927,-0.03580408564949275,-10.701377062855498
201.56,0.1427028100702,-0.03717260950804903,-11.44057528953639
201.57,0.142324388541021,-0.0385056083381669,-12.19826204802912
201.58,0.1419328193437,-0.03980208647994278,-12.927981790725006
201.59,0.14152846969785,-0.04106169322270782,-13.721790822775613
201.6,0.141111709702425,-0.04228410442513274,-14.747651290966617
201.61,0.140682914597546,-0.04346839489176811,-15.856511974434747
201.62,0.140242471072284,-0.04461382829010046,-16.93682933486511
201.63,0.139790768043734,-0.04572024438978991,-18.104540319345052
201.64,0.139328196666741,-0.04678755138530823,-19.50686610644458
201.65,0.138855148679977,-0.04781535080690981,-21.054662482008215
201.66,0.138372022328465,-0.048803295726499815,-22.600307597525624
201.67,0.137879215434355,-0.04975143688265895,-24.323164939328567
201.68,0.137377126188945,-0.05065979147329929,-26.193338743699353
201.69,0.136866151989736,-0.051528419122416166,-28.20632879296999
201.7,0.136346689748309,-0.05235744820490894,-30.294993980890798
201.71,0.135819134203957,-0.05314714466597472,-32.763150798336
201.72,0.135283877687302,-0.05389754183770061,-35.124257661045235
201.73,0.134741312861597,-0.05460906162909132,-37.44598361618361
201.74,0.134191824029953,-0.0552823333074659,-40.03260856851362
201.75,0.133635792340656,-0.055917802119574936,-43.23075736142314
201.76,0.13307359351667,-0.05651553774119189,-45.919842969840396
201.77,0.132505605009682,-0.057076194539100226,-48.095321241925035
201.78,0.131932189911104,-0.05760082414236594,-50.85091059636516
201.79,0.13135370684082,-0.0580900071540084,-54.26420347394024
201.8,0.130770507062858,-0.058543938328659006,-56.966089320600865
201.81,0.130182943082195,-0.058963285874276176,-58.28921688488707
201.82,0.129591352441543,-0.05934936581519108,-60.28436904845168
201.83,0.128996064175213,-0.05970298274602405,-63.00324713988123
201.84,0.128397399704825,-0.06002448898125175,-65.08400609733381
201.85,0.127795679117974,-0.06031448190459074,-64.97970269816771
201.86,0.127191210661381,-0.06057433460904168,-65.2068299746922
201.87,0.126584289656212,-0.06080509255767507,-66.46361776786505
201.88,0.125975204163814,-0.0610072375369831,-67.4252336163584
201.89,0.125364238244359,-0.061181279136500455,-65.73313355124296
201.9,0.124751667870995,-0.06132854562940794,-63.93736966808835
201.91,0.12413775281004,-0.06145025312080804,-63.62767696670327
201.92,0.123522746164791,-0.061546970034750154,-63.54188852986009
201.93,0.122906894969224,-0.06161911926675853,-60.76835853843629
201.94,0.122290441548637,-0.0616679276067333,-57.57148637746348
201.95,0.121673610192819,-0.06169468752806722,-56.183938041983126
201.96,0.121056619266359,-0.06170003105062476,-55.14339506830384
201.97,0.120439679214368,-0.06168442082830882,-52.50826804573971
201.98,0.119822997447104,-0.06164880678528352,-49.160823794965715
201.99,0.119206766138176,-0.06159434229862498,-47.64896203125646
202.0,0.118591171471057,-0.06152159502542584,-45.276340556594555
202.01,0.117976392481827,-0.06143136817354916,-42.82058465181682
202.02,0.117362599599363,-0.061324503879966324,-40.623047857618715
202.03,0.11674995534545,-0.06120176279164162,-38.55454099576207
202.04,0.116138614845637,-0.06106386678917583,-36.39653221522185
202.05,0.115528725987016,-0.060911578511541636,-34.196632501622496
202.06,0.114920428746592,-0.06074567674832429,-32.74653488158838
202.07,0.114313855974475,-0.06056670211864203,-30.89462162113525
202.08,0.113709135955108,-0.06037534190186679,-28.79667328886216
202.09,0.113106387909381,-0.06017238206956546,-27.494797694785778
202.1,0.112505725254064,-0.05995834278415095,-26.201545130793733
202.11,0.111907256214471,-0.05973374215321725,-24.638113667875707
202.12,0.111311083529926,-0.059499210413924954,-23.228368505518986
202.13,0.110717303174663,-0.05925533804470735,-22.03298445319389
202.14,0.110126006185271,-0.05900264394825851,-20.869896933325414
202.15,0.109537278022596,-0.058741637349566764,-19.877709211104865
202.16,0.108951199587181,-0.05847277703141633,-18.682028718370777
202.17,0.108367846871891,-0.058196605153933156,-17.604351895790003
202.18,0.107787290223401,-0.057913625536541495,-16.81970600188666
202.19,0.107209595730828,-0.057624232956933474,-15.963720992211618
202.2,0.106634825523062,-0.05732885074646634,-15.06841210897526
202.21,0.106063037224011,-0.05702792264685823,-14.313264077831372
202.22,0.105494284258441,-0.05672184157645907,-13.588821987289068
202.23,0.104928616331483,-0.05641098532884933,-12.98711600812461
202.24,0.104366079372013,-0.05609568386631669,-12.389211422753444
202.25,0.103806716372049,-0.05577626602613339,-11.757797886491852
202.26,0.103250566646927,-0.055453073792608124,-11.224535202161146
202.27,0.102697666453931,-0.05512641323655009,-10.622389961797463
202.28,0.102148048882182,-0.05479661213570834,-10.196536397355723
202.29,0.101601743842475,-0.054463925352250114,-9.87462970039093
202.3,0.101058779211564,-0.05412857118182168,-9.154362044392878
202.31,0.100519180131257,-0.05379091931424218,-8.770605126073779
202.32,0.0999829677342566,-0.05345120518354049,-8.586341439382892
202.33,0.0994501623417249,-0.05310958256762993,-8.05988390176499
202.34,0.098920781517332,-0.05276633458853898,-7.657944865983629
202.35,0.0983948403039757,-0.05242169772639016,-7.373716858763066
202.36,0.0978723515828877,-0.05207585572014594,-7.091151489991644
202.37,0.0973533265933374,-0.05172898913560313,-6.71113422007183
202.38,0.0968377745186431,-0.05138131256855426,-6.439715608597878
202.39,0.0963257024862912,-0.051032995839694895,-6.221480525337799
202.4,0.0958171162347446,-0.05068418549898796,-5.897772286798661
202.41,0.0953120198229128,-0.05033506449681052,-5.63169331156615
202.42,0.0948104154714945,-0.04998579055701056,-5.456995460674523
202.43,0.0943123041199077,-0.04963648282652437,-5.252165528876377
202.44,0.093817685477545,-0.0492872711803722,-4.904949426899699
202.45,0.0933265578104997,-0.0489383338400453,-4.7341179341309605
202.46,0.0928389175378752,-0.048589779612355846,-4.652963543415221
202.47,0.0923547606633547,-0.048241682944472064,-4.34319279251353
202.48,0.0918740818538677,-0.04789419748694561,-4.1175267053916595
202.49,0.0913968742917764,-0.04754744478823909,-4.011145901073377
202.5,0.0909231302636823,-0.04720149901828915,-3.86225553519158
202.51,0.0904528413164603,-0.04685644766692134,-3.5999618926986665
202.52,0.0899859979335336,-0.04651241477995489,-3.458028018064679
202.53,0.0895225893706173,-0.0461694796524263,-3.367286498855905
202.54,0.0890626044705329,-0.045827701481649524,-3.1591574890141545
202.55,0.0886060311707458,-0.04548717625616483,-2.992852701748804
202.56,0.0881528565123595,-0.04514798401112202,-2.8837562657586164
202.57,0.08770306685597,-0.04481018211029084,-2.7708754840467535
202.58,0.0872566480336612,-0.04447382812942924,-2.5612730816554596
202.59,0.0868135851943943,-0.04413900785572636,-2.4454304257259523
202.6,0.0863738625952855,-0.04380577424213083,-2.3813699324972233
202.61,0.0859374642916515,-0.04347416219006491,-2.202131204085669
202.62,0.0855043737207745,-0.04314424041454493,-2.0459829364853235
202.63,0.0850745736611141,-0.042816068606753764,-1.9622000668985409
202.64,0.0846480464007316,-0.04248968118670318,-1.8775295255223703
202.65,0.0842247739641188,-0.042165112237882905,-1.6750548003087165
202.66,0.0838047378872165,-0.041842427964100884,-1.581030270519833
202.67,0.0833879190215392,-0.041521660644907796,-1.5279465879985752
202.68,0.0829742982157869,-0.04120282842905755,-1.4044752127323266
202.69,0.082563855870071,-0.04088596921950523,-1.2166471528833727
202.7,0.0821565720869578,-0.040571137197864884,-1.1263887939558248
202.71,0.081752426297247,-0.04025835619409571,-1.0972083081083612
202.72,0.0813513980969386,-0.039947631847080695,-0.9683262593849797
202.73,0.0809534666932089,-0.03963899617917266,-0.7922414633651779
202.74,0.0805586110763027,-0.03933249275308385,-0.6949588330442714
202.75,0.0801668096736605,-0.03902814117148687,-0.6685681837304183
202.76,0.0797780410709214,-0.03872594142420201,-0.5470617200809126
202.77,0.0793922835907369,-0.03842591692028094,-0.3912799219108407
202.78,0.0790095153838182,-0.03812809908970011,-0.28707106941534777
202.79,0.0786297142072686,-0.03783250387561325,-0.2454057485275485
202.8,0.078252857893939,-0.037539130676413304,-0.13873096308862434
202.81,0.0778789241367769,-0.03724799362230628,0.0006959761021061558
202.82,0.0775078905010542,-0.03695911399787151,0.1076295631722609
202.83,0.0771397342988669,-0.036672503440993966,0.163245357349415
202.84,0.0767744328704036,-0.03638816052657206,0.2569622769695813
202.85,0.0764119635044914,-0.03610609172500674,0.3909232057825793
202.86,0.0760523034092389,-0.03582631182057611,0.5025438438355573
202.87,0.0756954296165501,-0.035548828990524556,0.5611745953172576
202.88,0.0753413191853423,-0.03527363878105411,0.6477450180933235
202.89,0.0749899491921816,-0.03500074206337796,0.7801473734967821
202.9,0.0746412966680175,-0.03473014876873813,0.8985245757364354
202.91,0.074295338525557,-0.03446186446171562,0.959827218467097
202.92,0.0739520517045941,-0.03419588201911637,1.0415301152228535
202.93,0.0736114132202003,-0.03393219786557641,1.1756883062468437
202.94,0.0732734000674578,-0.033670818206886735,1.2960873135452313
202.95,0.0729379891723358,-0.03341174528035176,1.354697443781056
202.96,0.0726051575065044,-0.03315496861077359,1.4386606737590246
202.97,0.0722748821662152,-0.03290048156390456,1.5360139908217385
202.98,0.0719471402517859,-0.03264828042319872,1.6929731547025568
202.99,0.0716219089222564,-0.0323983712694467,1.803094757661502
203.0,0.0712991652056177,-0.03215075020475955,1.8297197482551295
203.01,0.0709788863492032,-0.031905398352290636,1.9421052636447593
203.02,0.0706610496919315,-0.031662310456860465,2.027807222958371
203.03,0.0703456326150417,-0.03142147825927234,2.227845481718966
203.04,0.070032612587149,-0.03118291054608098,2.305098460105904
203.05,0.0697219669020559,-0.03094659485618235,2.312995668825443
203.06,0.0694136732535748,-0.030712507566497384,2.4704878553667453
203.07,0.0691077093291899,-0.03048064749607421,2.556688810857604
203.08,0.0688040529122007,-0.03025100384993288,2.7252191235824426
203.09,0.068502681870592,-0.030023576446200004,2.801043279622212
203.1,0.0682035740467835,-0.029798350581201085,2.8480886735186335
203.11,0.0679067075793963,-0.029575307116318693,2.9871694729943865
203.12,0.0676120606523793,-0.029354439627155584,3.088992010216676
203.13,0.0673196115693167,-0.029135737012338354,3.233649830822551
203.14,0.0670293387214054,-0.028919192817991025,3.3094169238358537
203.15,0.0667412205730857,-0.028704790725335903,3.382135896288184
203.16,0.0664552358206901,-0.02849251370264904,3.500944309650148
203.17,0.0661713632506346,-0.02828235084468683,3.6341506121031326
203.18,0.0658895817861145,-0.02807429330437608,3.785861657641663
203.19,0.0656098703978433,-0.027868333348437732,3.8365170702707183
203.2,0.0653322081948849,-0.02766445029024472,3.920935038966145
203.21,0.0650565745226104,-0.027462627295179315,4.050211255037122
203.22,0.0647829488190807,-0.02726285317904177,4.183435379603516
203.23,0.0645113106668312,-0.027065117121608206,4.300746464818376
203.24,0.0642416397301363,-0.02686940568189846,4.372279453121528
203.25,0.0639739158656482,-0.026675700040445484,4.48543048993465
203.26,0.0637081190914445,-0.02648398569916379,4.582678886002419
203.27,0.0634442295621502,-0.026294247177274452,4.774728124253132
203.28,0.063182227586052,-0.02610647850746472,4.872485509148775
203.29,0.0629220934837812,-0.025920663094163254,4.908695990700343
203.3,0.0626638078853882,-0.025736777968000137,5.064724818808076
203.31,0.0624073515281393,-0.025554812083553962,5.169930763986437
203.32,0.0621527052970769,-0.025374749923463606,5.311630487906198
203.33,0.0618998502273173,-0.02519657896470727,5.413821537277769
203.34,0.0616487674696278,-0.02502028263258362,5.5021172267600384
203.35,0.0613994383843114,-0.02484584298037557,5.63004589458767
203.36,0.0611518444689397,-0.024673245694639922,5.743683088482443
203.37,0.0609059673794576,-0.024502475443603674,5.891760253583242
203.38,0.0606617889141542,-0.024333519571944028,5.985064930801725
203.39,0.0604192909992598,-0.024166360403724288,6.073276365639279
203.4,0.0601784557759906,-0.024000979807822266,6.204295064355815
203.41,0.0599392655225957,-0.023837363378499215,6.325777702171364
203.42,0.0597017026777801,-0.023675496113124743,6.459076001226257
203.43,0.0594657498189957,-0.023515363662180863,6.551022523183754
203.44,0.0592313896807656,-0.023356948264000324,6.653622734944491
203.45,0.0589986051859414,-0.023200232975129655,6.7665447583600695
203.46,0.0587673794050257,-0.023045202068107222,6.931709381948971
203.47,0.0585376955700921,-0.02289184386050786,7.068456344500633
203.48,0.0583095370021441,-0.02274014410141983,7.122136611464541
203.49,0.0580828872261495,-0.02259008236634661,7.243582754464854
203.5,0.0578577299456553,-0.022441643197914155,7.376526670888895
203.51,0.0576340490021433,-0.02229481222114372,7.486046773109906
203.52,0.0574118283938442,-0.022149573444727365,7.600167013450357
203.53,0.0571910522781979,-0.0220059111656966,7.715569903233762
203.54,0.0569717049674594,-0.021863809829688528,7.8276640995857445
203.55,0.0567537709309485,-0.021723253690774057,7.928893636653663
203.56,0.0565372347954116,-0.02158422659795841,8.090209279827421
203.57,0.0563220813447084,-0.02144671621983682,8.1966376075313
203.58,0.0561082954692936,-0.021310706639394647,8.264349139293218
203.59,0.0558958622683849,-0.02117617963467202,8.400706460233767
203.6,0.055684766981551,-0.021043121246497147,8.502900032670642
203.61,0.0554749949989282,-0.020911515916559667,8.655574666075902
203.62,0.0552665318632196,-0.020781350957942205,8.7553308174343
203.63,0.0550593632317209,-0.02065261056954203,8.83049231860953
203.64,0.0548534749588457,-0.02052527767762817,8.96497662330149
203.65,0.054648853032282,-0.020399338646567323,9.064331736957262
203.66,0.0544454835890238,-0.02027477834599424,9.225001469294185
203.67,0.0542433529107338,-0.020151584867105003,9.317659315347818
203.68,0.0540424473879794,-0.020029742636569887,9.386292859271984
203.69,0.0538427536079794,-0.019909234969483006,9.526769345745718
203.7,0.053644258283377,-0.019790049033764346,9.630056795509674
203.71,0.0534469482702526,-0.019672170298275747,9.718160047917962
203.72,0.0532508105702167,-0.01955558355045163,9.830807290080653
203.73,0.0530558323384901,-0.019440274980597694,9.94806296398329
203.74,0.0528620008553312,-0.019326231123435157,10.03720546340327
203.75,0.0526693035488403,-0.019213437312189052,10.142008644533076
203.76,0.0524777279878305,-0.0191018797801059,10.262563713748468
203.77,0.0522872618759472,-0.018991545603976555,10.349565853634077
203.78,0.0520978930457991,-0.018882420418660808,10.43246175917736
203.79,0.0519096094850663,-0.018774489825044347,10.537808191631123
203.8,0.0517223993110226,-0.018667740641623427,10.644660995309243
203.81,0.0515362507767405,-0.0185621600306541,10.772430073698976
203.82,0.0513511522561875,-0.01845773602265552,10.831049518841144
203.83,0.051167092250064,-0.018354453805219963,10.901690815675003
203.84,0.0509840594203293,-0.018252299256754877,11.017758973044838
203.85,0.0508020425465013,-0.018151260336111454,11.10178314967988
203.86,0.0506210305384965,-0.018051323911915294,11.178049925801602
203.87,0.050441012435735,-0.017952476865819127,11.344639040553117
203.88,0.0502619774036287,-0.017854709610615947,11.396092749968098
203.89,0.0500839146914572,-0.017758008108189824,11.413446806888329
203.9,0.049906813737548,-0.017662357233412994,11.551032048467231
203.91,0.0497306640800722,-0.017567746561172246,11.623905114625451
203.92,0.0495554553805583,-0.017474163601993373,11.702093972328393
203.93,0.0493811774228802,-0.01738159612320421,11.790127856611955
203.94,0.0492078201122512,-0.01729003241887888,11.868857787849821
203.95,0.0490353734683999,-0.017199460586467496,11.932177175120245
203.96,0.0488638276349814,-0.01710986834460553,12.007542883924279
203.97,0.0486931728750979,-0.017021243996824243,12.081983508625546
203.98,0.0485233995671878,-0.016933576002914112,12.150632594813548
203.99,0.04835449820567,-0.016846852794214346,12.219539293309913
204.0,0.0481864593999079,-0.016761062977865088,12.289833096942527
204.01,0.0480192738721644,-0.016676195360444276,12.350180596959625
204.02,0.0478529324564868,-0.01659223858708897,12.409329735272548
204.03,0.0476874261015545,-0.016509181432888126,12.472773211931376
204.04,0.0475227458654794,-0.016427012977013843,12.530637087753716
204.05,0.0473588829160518,-0.016345722292001864,12.582296334473117
204.06,0.0471958285297069,-0.01626529847617101,12.66229270058424
204.07,0.0470335740904147,-0.01618573160373256,12.705619819697187
204.08,0.0468721110775231,-0.016107010788424133,12.73512921864228
204.09,0.0467114310910293,-0.016029124911747426,12.801390560601796
204.1,0.0465515258292346,-0.015952064082070706,12.845983017226251
204.11,0.0463923870935164,-0.015875817996100113,12.892503228574554
204.12,0.0462340067872684,-0.015800376524426122,12.931170719924232
204.13,0.0460763769148317,-0.015725729482436668,12.970460454640293
204.14,0.0459194895826881,-0.015651866875066613,13.016006507911325
204.15,0.0457633369947664,-0.015578779038854032,13.053152110580898
204.16,0.045607911451754,-0.015506456241455118,13.08626389678865
204.17,0.0454532053520214,-0.015434888794073055,13.122047205660618
204.18,0.0452992111897027,-0.01536406721840521,13.14861585666896
204.19,0.0451459215536447,-0.01529398189930731,13.142500967999881
204.2,0.044993329130949,-0.015224622609531838,13.193839108603504
204.21,0.0448414267099087,-0.01515598076319586,13.243250996656487
204.22,0.0446902071529585,-0.015088047867647485,13.24000069362466
204.23,0.0445396634213042,-0.015020814266656786,13.263590064495986
204.24,0.0443897885662307,-0.01495427106718121,13.288230215663422
204.25,0.0442405757280851,-0.014888409523369957,13.265773287039673
204.26,0.0440920181352675,-0.01482321996259586,13.29252299584571
204.27,0.043944109116403,-0.014758694056416811,13.337912091786892
204.28,0.0437968420682854,-0.014694824045691456,13.322410256474377
204.29,0.0436502104789983,-0.014631600915836727,13.331687304321909
204.3,0.0435042079215129,-0.014569016301351687,13.336611418810772
204.31,0.0433588280521234,-0.01450706192465823,13.348542091449282
204.32,0.0432140646094484,-0.01444572973131504,13.308270683121687
204.33,0.0430699114134413,-0.014385010659111476,13.28754382160965
204.34,0.0429263623798139,-0.014324896302170091,13.34304985054512
204.35,0.0427834114941408,-0.014265380049405715,13.337453912971405
204.36,0.0426410528113048,-0.014206454116973133,13.306724160741672
204.37,0.0424992804712972,-0.014148110260200734,13.301186946384936
204.38,0.0423580886911019,-0.014090340887164382,13.294282649413114
204.39,0.0422174717637417,-0.014033138513740105,13.26900492534654
204.4,0.0420774240573205,-0.013976495302761224,13.170852302439922
204.41,0.0419379400226948,-0.013920402214729599,13.218659818381209
204.42,0.041799014199058,-0.013864853310977556,13.258647365675573
204.43,0.0416606411634093,-0.013809842604394404,13.172670394875723
204.44,0.0415228155803538,-0.013755361737529878,13.158936801716035
204.45,0.0413855321855885,-0.013701403776583573,13.131621141497956
204.46,0.0412487857849952,-0.013647961748538297,13.12618378883091
204.47,0.0411125712537305,-0.013595029041442384,12.977406716082665
204.48,0.0409768835353144,-0.013542596601142688,12.991074299069588
204.49,0.0408417176731152,-0.013490658593405709,13.061678751567253
204.5,0.0407070687322099,-0.01343921032845279,12.946227080285052
204.51,0.0405729318601032,-0.013388243847840126,12.91785948716757
204.52,0.0404393022706327,-0.013337752731719504,12.877978660657723
204.53,0.0403061752422384,-0.01328773057029612,12.852929833038951
204.54,0.0401735461170979,-0.01323817121722844,12.73495385627902
204.55,0.0400414103002603,-0.013189067014092854,12.661495081118598
204.56,0.0399097632808753,-0.01314041130454213,12.717945811671502
204.57,0.0397786005941488,-0.013092199797650958,12.66422680962538
204.58,0.0396479178247509,-0.01304442642509485,12.5769892066722
204.59,0.0395177106269832,-0.01299708455971491,12.531864735307824
204.6,0.0393879747145619,-0.01295016837918062,12.486268447216686
204.61,0.0392587058598026,-0.012903672158445558,12.409722614776872
204.62,0.0391298998928078,-0.012857589638018418,12.233450915195409
204.63,0.0390015527119639,-0.012811913196538542,12.27577231594092
204.64,0.0388736602884145,-0.012766638904484057,12.300635630473321
204.65,0.0387462186082408,-0.01272176263368401,12.145207436296205
204.66,0.0386192237315611,-0.012677277449211523,12.09685284899582
204.67,0.0384926717731788,-0.012633178075463897,12.029914782133318
204.68,0.0383665589018239,-0.012589459157455695,11.996017348710204
204.69,0.0382408813393989,-0.012546115735247455,11.754844224527721
204.7,0.0381156353602166,-0.012503139920265818,11.756434099138602
204.71,0.0379908173285501,-0.012460527685008438,11.833880235289207
204.72,0.0378664236054654,-0.01241827621382569,11.641835117679282
204.73,0.0377424506235903,-0.012376378764045067,11.584537578282687
204.74,0.0376188948661973,-0.012334830495289915,11.507991799413295
204.75,0.0374957528660907,-0.012293626492923307,11.449536333836415
204.76,0.0373730212049034,-0.01225276208044231,11.285581323790764
204.77,0.0372506965123899,-0.012212231152946597,11.182141791155368
204.78,0.037128775486244,-0.012172028655384946,11.216031766988678
204.79,0.0370072548551691,-0.012132151583600013,11.122270858103349
204.8,0.0368861313857832,-0.012092595210106728,11.002545748651904
204.81,0.0367654018987355,-0.012053354427881725,10.926089197903803
204.82,0.036645063259988,-0.012014424805861559,10.844726112960176
204.83,0.0365251123801533,-0.011975801951827406,10.769530899541436
204.84,0.036405546213829,-0.01193748146368501,10.510400918112348
204.85,0.0362863617636828,-0.011899456677164251,10.524100659477268
204.86,0.0361675561038662,-0.011861724742406588,10.573807322729072
204.87,0.0360491263017106,-0.011824283347453234,10.356952768444474
204.88,0.0359310694871402,-0.011787126704575098,10.286588144933997
204.89,0.0358133828315692,-0.011750250866379824,10.193386832616056
204.9,0.035696063547284,-0.011713651776485562,10.124639978601575
204.91,0.0355791088868266,-0.011677325638028622,9.921337517071198
204.92,0.0354625161423777,-0.01164126699599536,9.786306328678124
204.93,0.0353462826688822,-0.011605471454426662,9.843456660126149
204.94,0.0352304058432482,-0.011569937144580099,9.73933147144836
204.95,0.0351148830683218,-0.011534660231107195,9.587572830243525
204.96,0.0349997117952441,-0.011499636236910957,9.500185494917933
204.97,0.0348848895125823,-0.011464861533657587,9.404038869499004
204.98,0.0347704137457615,-0.0114303324920342,9.31936804330774
204.99,0.0346562820564999,-0.011396045531029849,9.05076461481909
205.0,0.034542492045629,-0.01136199502893848,9.045423269372888
205.01,0.0344290413752459,-0.011328178656216705,9.081566134306316
205.02,0.0343159276992021,-0.011294594627643135,8.856629176418792
205.03,0.0342031487238307,-0.01126123810069081,8.77436740474739
205.04,0.0340907021896246,-0.011228105834086392,8.670458797840764
205.05,0.0339785858707088,-0.011195194490751757,8.587553683873946
205.06,0.0338667975743173,-0.011162500936496834,8.393152346659278
205.07,0.0337553351402625,-0.011130020796072556,8.246674808983059
205.08,0.0336441964584338,-0.011097750393418138,8.274606640852578
205.09,0.0335333794391695,-0.0110656881190077,8.170354197419885
205.1,0.0334228820127835,-0.011033830914516062,8.01318730291462
205.11,0.033312702149341,-0.011002175091460604,7.9174781514215855
205.12,0.0332028378495477,-0.010970717682249586,7.813533343665979
205.13,0.0330932871442584,-0.010939455718648669,7.727753076925199
205.14,0.0329840480939927,-0.01090838632733093,7.432878878173359
205.15,0.0328751187911388,-0.010877504517292231,7.427467411870417
205.16,0.0327664973838706,-0.010846808559773248,7.4747651440742535
205.17,0.0326581820053567,-0.010816297335960087,7.23078816114977
205.18,0.0325501708349087,-0.010785966629345799,7.145029443331253
205.19,0.0324424620797588,-0.010755813818564126,7.035832868963489
205.2,0.0323350539746089,-0.010725836178909418,6.9468521541303305
205.21,0.032227944781186,-0.01069603115919325,6.7543384417201215
205.22,0.0321211327877954,-0.010666395152442571,6.597258820728349
205.23,0.032014616324354,-0.010636925049563433,6.617772155923044
205.24,0.031908393738246,-0.010607619647993831,6.51699028587046
205.25,0.0318024633907384,-0.010578476535463496,6.353070246580648
205.26,0.0316968236766299,-0.010549492620136094,6.254556015638752
205.27,0.0315914730156808,-0.010520665494414064,6.146758028948238
205.28,0.0314864098522015,-0.010491992738304324,6.060401629995494
205.29,0.0313816326546409,-0.010463472053352334,5.775352690457425
205.3,0.0312771399169072,-0.010435099302774874,5.762278470502112
205.31,0.0311729301797287,-0.010406873139096457,5.800443857786801
205.32,0.0310690019692369,-0.01037879275153919,5.562406572707513
205.33,0.0309653538499701,-0.010350854647026876,5.475295241936153
205.34,0.0308619844090231,-0.010323056718063365,5.36681039422162
205.35,0.0307588922556615,-0.010295396766893367,5.261340004836945
205.36,0.0306560760209357,-0.010267872654963282,5.183642710878697
205.37,0.0305535343572981,-0.010240482375299936,4.829626118242616
205.38,0.0304512659407115,-0.010213221467269442,4.856883170563954
205.39,0.0303492694989039,-0.010186089185232339,4.953536603490676
205.4,0.0302475437298544,-0.010159085464449154,4.664558841214488
205.41,0.0301460873726692,-0.010132206649347629,4.586501600502457
205.42,0.0300448991865678,-0.010105450918322541,4.47836037570982
205.43,0.0299439779505328,-0.010078816312438331,4.3738493697364325
205.44,0.0298433224629619,-0.010052300928164108,4.294339017523774
205.45,0.0297429315413146,-0.01002590296838929,3.9538620730340996
205.46,0.0296428040242019,-0.009999618422191787,3.9767760106860117
205.47,0.0295429387966595,-0.009973446660881617,4.063664197087895
205.48,0.0294433347163841,-0.009947387656588393,3.784926857452461
205.49,0.029343990678078,-0.009921438125350877,3.7067294164469713
205.5,0.0292449055943405,-0.009895596449809089,3.600030856990651
205.51,0.0291460783953528,-0.009869860887670695,3.496661903758443
205.52,0.0290475080285596,-0.009844229743336073,3.410328180911217
205.53,0.0289491934583513,-0.009818701392626453,3.1391289243387805
205.54,0.0288511336675288,-0.009793272717400816,3.12829172259163
205.55,0.0287533276742216,-0.009767942923123371,3.1619841925591023
205.56,0.0286557744816101,-0.009742711621630082,2.935515289016305
205.57,0.0285584731217765,-0.009717576211908484,2.8525326153646926
205.58,0.0284614226425636,-0.009692535239759782,2.749471494964892
205.59,0.0283646221072786,-0.00966758717349346,2.6500592556218616
205.6,0.0282680705943981,-0.0096427305299851,2.570475454293022
205.61,0.0281717671972717,-0.009617963892075896,2.260982064535426
205.62,0.0280757110261066,-0.009593284056659952,2.2778873781266884
205.63,0.0279799012279957,-0.009568690603047394,2.3484706833746745
205.64,0.0278843369269893,-0.009544183574042471,2.0941382607186068
205.65,0.027789017276699,-0.009519760356888353,2.0191421330736374
205.66,0.0276939414446181,-0.009495419705284058,1.9188184755691389
205.67,0.0275991086118527,-0.009471160271401694,1.8229216687079757
205.68,0.027504517972853,-0.009446980756621683,1.7483244671440723
205.69,0.0274101687351464,-0.009422879917497247,1.408319368217947
205.7,0.0273160601217623,-0.009398854530547526,1.4481101622120547
205.71,0.0272221913932268,-0.009374904471134057,1.5479272975814395
205.72,0.0271285617811619,-0.009351030108215233,1.2710278493324383
205.73,0.0270351705468793,-0.009327228853136764,1.2022203137194343
205.74,0.0269420169639681,-0.00930349963339337,1.1038859320707148
205.75,0.0268491003180528,-0.009279841257279955,1.0091014232700193
205.76,0.0267564199065571,-0.009256252569069095,0.9252666279806133
205.77,0.0266639750384649,-0.00923273244502586,0.7003212378940344
205.78,0.0265717650355532,-0.009209278759304915,0.6801565444300736
205.79,0.0264797892434247,-0.00918589099565435,0.6914553158044511
205.8,0.0263880469973521,-0.009162568893214974,0.5014630662225019
205.81,0.0262965376523346,-0.009139310681009993,0.42363715217896636
205.82,0.0262052605740182,-0.009116115379209326,0.3303522772892812
205.83,0.0261142151384747,-0.009092981956402285,0.24035902843628937
205.84,0.026023400731978,-0.009069909416365828,0.16053168281499863
205.85,0.0259328167507813,-0.00904689678537171,-0.06255545812056788
205.86,0.0258424626024349,-0.009023942113532286,-0.07319344866520304
205.87,0.0257523377163745,-0.009001045051695827,-0.054430461051808744
205.88,0.0256624415103475,-0.008978205479265918,-0.24288564985207534
205.89,0.0255727734202856,-0.008955421780587614,-0.3147751436265742
205.9,0.0254833328912356,-0.00893269312845681,-0.40256305637944517
205.91,0.0253941193771498,-0.008910018642827294,-0.49097216568065266
205.92,0.0253051323406759,-0.008887397464665912,-0.5225433171158761
205.93,0.0252163712529473,-0.008864829005250912,-0.8911473785840643
205.94,0.0251278355933755,-0.00884231039125248,-0.9112929370757825
205.95,0.0250395248793767,-0.008819841306549066,-0.7081308703358096
205.96,0.0249514385990614,-0.00879742302644258,-0.9448218221618198
205.97,0.0248635762552204,-0.008775053777511742,-1.0519834491416435
205.98,0.0247759373632982,-0.008752732550786561,-1.130099567451316
205.99,0.0246885214465725,-0.008730458610727484,-1.2161198029047486
206.0,0.0246013280359726,-0.008708231201019045,-1.2797068651874466
206.01,0.0245143566699029,-0.008686049677289882,-1.457648216954119
206.02,0.0244276068940637,-0.008663912617106785,-1.608387307923868
206.03,0.0243410782725761,-0.008641818865515617,-1.5337237080333181
206.04,0.024254770371411,-0.008619768818717271,-1.5974165408200727
206.05,0.0241686827525432,-0.008597761959166743,-1.7564143219652646
206.06,0.0240828149920466,-0.008575797091510119,-1.8254019087738234
206.07,0.0239971666727609,-0.00855387360683728,-1.9078877491606396
206.08,0.0239117373841338,-0.00853199085231986,-1.9912953084867748
206.09,0.0238265267220613,-0.008510148179700135,-2.066209030518322
206.1,0.0237415342887282,-0.008488345025012481,-2.100405453196371
206.11,0.0236567596910801,-0.008466581076175747,-2.2155473188513715
206.12,0.0235722025392857,-0.00844485549833255,-2.325529026048478
206.13,0.0234878624556624,-0.008423167499527526,-2.365015936597922
206.14,0.0234037390651865,-0.008401516754749996,-2.445180413853133
206.15,0.0233198319982298,-0.008379902708510717,-2.5179922604469653
206.16,0.0232361408903949,-0.008358324845935804,-2.592545834853089
206.17,0.0231526653823509,-0.008336782668686711,-2.603595116191003
206.18,0.0230694051196676,-0.008315275938481845,-3.002424107172367
206.19,0.0229863597526538,-0.008293802124259016,-2.9237897002127275
206.2,0.0229035289654359,-0.008272361730380715,-2.7123651894232483
206.21,0.0228209124034084,-0.00825095609163507,-3.016069237121057
206.22,0.0227385097333501,-0.008229583387300872,-3.05414306184264
206.23,0.0226563206269636,-0.008208243287068472,-3.1252314515080557
206.24,0.0225743447603536,-0.008186935361040027,-3.198481756220295
206.25,0.0224925818138846,-0.008165659190154106,-3.1806979542361824
206.26,0.0224110314720429,-0.008144414715193268,-3.687436821061952
206.27,0.0223296934232965,-0.008123198796223478,-3.7970423866938976
206.28,0.022248567401472,-0.008102010850321705,-3.3285706655506697
206.29,0.0221676531048642,-0.008080853780718182,-3.5273974432766817
206.3,0.0220869502266231,-0.008059726560219877,-3.744168192121501
206.31,0.0220064584781915,-0.008038627862938375,-3.7927684775012582
206.32,0.0219261775753168,-0.00801755737848157,-3.868732907244035
206.33,0.0218461072379664,-0.007996514689220744,-4.006752736466048
206.34,0.0217662471902401,-0.007975499137688354,-3.8379265058659042
206.35,0.0216865971602844,-0.007954511988444065,-3.4249809107685065
206.36,0.0216071568503834,-0.007933555628736698,-4.114333313628093
206.37,0.0215279259577261,-0.007912626056542454,-4.4705444922708475
206.38,0.0214489042452221,-0.007891721165057593,-4.09350997800753
206.39,0.0213700914457791,-0.007870843135301692,-4.222886976446129
206.4,0.0212914872946143,-0.007849991473492565,-4.273364260960594
206.41,0.0212130915290999,-0.007829165971892562,-4.311540080918218
206.42,0.0211349038886076,-0.007808366516080598,-4.287816924118914
206.43,0.0210569241143526,-0.007787592964046628,-5.324692085811435
206.44,0.0209791519585656,-0.0077668396568032535,-4.886810450800753
206.45,0.0209015872444495,-0.007746109187006685,-4.181850460077087
206.46,0.0208242296881992,-0.007725405627288246,-4.938228068622934
206.47,0.0207470790538622,-0.007704725111829075,-4.90922396172603
206.48,0.0206701351091418,-0.00768406764279263,-5.078906992002359
206.49,0.0205933976254098,-0.007663432545893141,-4.853443935006783
206.5,0.0205168663777151,-0.007642821449418391,-4.221097983933166
206.51,0.0204405411079558,-0.007622237824200968,-5.034663090246203
206.52,0.02036442154344,-0.007601677354910057,-5.515352340573931
206.53,0.0202885074901131,-0.007581137459639903,-5.009334365950552
206.54,0.0202127987175627,-0.007560620877207578,-5.149352779538944
206.55,0.0201372949960942,-0.007540127234207522,-5.037284907489485
206.56,0.0200619960965537,-0.007519656991712524,-5.801272328212531
206.57,0.019986901790146,-0.007499206168928216,-5.991145818858599
206.58,0.0199120119089826,-0.007478773982211596,-5.189604691652092
206.59,0.0198373262357968,-0.007458364792016793,-5.411901023551763
206.6,0.0197628445396255,-0.007437977789544337,-5.706364615514563
206.61,0.0196885666103312,-0.007417611534410567,-5.724724886849525
206.62,0.0196144922400031,-0.007397265959394167,-5.9704326194980215
206.63,0.0195406212229469,-0.007376940284846828,-5.103855574066188
206.64,0.0194669533556784,-0.007356638999522625,-5.566762245487989
206.65,0.0193934883699152,-0.007336359872588272,-6.429915557790302
206.66,0.0193202260956922,-0.0073160986960142445,-5.854917497118542
206.67,0.0192471663277679,-0.007295858293535739,-6.010595319420402
206.68,0.0191743088620217,-0.007275638233646594,-6.1509308097392585
206.69,0.0191016534957755,-0.007255438105395069,-5.813387220028226
206.7,0.0190292000277906,-0.007235259811950798,-5.750917988758392
206.71,0.0189569482265665,-0.007215103787012317,-6.333900292727699
206.72,0.0188848978857838,-0.0071949673360191075,-6.345215657578798
206.73,0.0188130488141626,-0.007174850471495988,-6.232072363893709
206.74,0.0187414008088817,-0.0071547539515649395,-6.282881178065708
206.75,0.0186699536679292,-0.007134677720801516,-6.450411084695124
206.76,0.0185987071901044,-0.007114620968812473,-7.050586833103082
206.77,0.0185276611904404,-0.007094581082336497,-6.6443424723147535
206.78,0.0184568155052288,-0.007074560199435854,-6.32806452584539
206.79,0.0183861699188048,-0.007054560056030923,-6.813049329045392
206.8,0.0183157242409519,-0.007034578659883325,-6.805309019854264
206.81,0.0182454782829489,-0.007014616061200903,-7.122791548337904
206.82,0.0181754318575676,-0.006994671396525655,-5.872246425421642
206.83,0.0181055847790745,-0.006974750531912616,-6.482818517180703
206.84,0.0180359367775398,-0.00695485080631237,-7.672596832064225
206.85,0.017966487706556,-0.006934966966711728,-6.838370368650032
206.86,0.0178972373741771,-0.0069151027189166365,-7.017366909276968
206.87,0.0178281855881783,-0.006895257677045809,-7.225605271632273
206.88,0.0177593321567882,-0.006875431327937569,-6.5102319384108815
206.89,0.0176906768886903,-0.006855627196286687,-6.308781035631174
206.9,0.0176222195376256,-0.0068358463054834775,-7.372442260141484
206.91,0.0175539598984319,-0.0068160841275256906,-7.33690147252327
206.92,0.017485897791379,-0.006796340841002472,-7.040193054464938
206.93,0.0174180330140206,-0.0067766180156741155,-7.050977657427117
206.94,0.0173503653632555,-0.0067569158162441734,-7.353642893077974
206.95,0.0172828946353248,-0.006737232720944343,-8.749941348239593
206.96,0.0172156206597619,-0.006717563071645857,-7.644553588864501
206.97,0.0171485433125851,-0.006697911883631521,-6.741769693863994
206.98,0.0170816623499354,-0.006678283348028266,-7.843595344435064
206.99,0.0170149775827486,-0.00665867322586095,-7.724662897740377
207.0,0.0169484888228333,-0.0066390818791641345,-8.199963362806049
207.01,0.0168821958828716,-0.006619508162871458,-6.0979468625969355
207.02,0.0168160985764191,-0.006599960907545041,-7.060530179942426
207.03,0.0167501965909796,-0.006580436254097529,-8.979671548808213
207.04,0.0166844897966027,-0.0065609264818134476,-7.556297624549452
207.05,0.0166189779948321,-0.006541437229024989,-7.8066418783603275
207.06,0.0165536609850567,-0.006521968079093322,-7.825071317959827
207.07,0.0164885385660946,-0.006502519127379291,-7.948700934150773
207.08,0.0164236105361939,-0.006483090068212331,-8.100578808140883
207.09,0.0163588766992152,-0.006463680535562349,-7.983785650977497
207.1,0.016294336858207,-0.006444291230610124,-7.973590770454939
207.11,0.0162299908064669,-0.0064249224443443595,-8.11729799066183
207.12,0.0161658383418807,-0.006405573848286753,-8.143743027997395
207.13,0.0161018792619261,-0.006386245524757535,-8.294507808895439
207.14,0.016038113363675,-0.006366937261330768,-7.7846196644621495
207.15,0.0159745404437922,-0.0063476512314133635,-8.06005659870694
207.16,0.0159111602681692,-0.006328386580787526,-8.584543718046929
207.17,0.0158479726456493,-0.0063091415204317184,-8.25077789183016
207.18,0.0157849773682263,-0.006289917454487589,-8.34216425789732
207.19,0.0157221742267008,-0.006270714349836578,-8.423873988280967
207.2,0.0156595630111197,-0.006251532172555762,-8.286740672064138
207.21,0.0155971435107769,-0.006232371739715078,-8.084532940399214
207.22,0.0155349155015418,-0.006213234006589187,-8.480320924429844
207.23,0.0154728787588434,-0.0061941177223982565,-8.64365498178759
207.24,0.0154110330764424,-0.006175022471793382,-8.463108553270738
207.25,0.0153493782366695,-0.006155949128764984,-8.543374570761612
207.26,0.0152879140207658,-0.006136897716125832,-8.382868285868126
207.27,0.0152266402088824,-0.006117868789001664,-9.475885675518224
207.28,0.0151655565800807,-0.006098858697960912,-9.084642922140153
207.29,0.0151046629658689,-0.006079869116340827,-8.21593841555524
207.3,0.0150439591204131,-0.006060903384865864,-8.975033992266123
207.31,0.0149834448255025,-0.006041959219952603,-8.925374375167223
207.32,0.0149231198633334,-0.006023036851866649,-9.084484938303493
207.33,0.0148629840156256,-0.0060041360837000445,-8.678865356952667
207.34,0.0148030370636219,-0.005985258729331757,-8.09446790381996
207.35,0.0147432787578545,-0.00596640696704908,-9.059540864076475
207.36,0.0146837088486844,-0.005947577666760778,-9.430982655287309
207.37,0.0146243271321715,-0.005928769679275012,-8.904123484792992
207.38,0.0145651333781692,-0.005909984978374246,-9.035899662236417
207.39,0.0145061273552459,-0.00589122348490756,-8.989810082030159
207.4,0.0144473088306845,-0.005872485483537438,-9.421545201336095
207.41,0.0143886775704828,-0.0058537697845657995,-9.286004118731197
207.42,0.0143302333580889,-0.005835077085589285,-8.9725705703576
207.43,0.014271975948629,-0.005816408659039069,-9.280777616724869
207.44,0.0142139051061248,-0.0057977637842450015,-9.28061244772743
207.45,0.0141560205938547,-0.005779142633350832,-9.3297857173315
207.46,0.0140983221740039,-0.005760545286414209,-9.364690050733893
207.47,0.0140408096076639,-0.005741971953267429,-8.976019112192024
207.48,0.0139834826509681,-0.005723424079216649,-9.293038597219772
207.49,0.0139263410439604,-0.005704900863431721,-9.658833780090433
207.5,0.0138693845538819,-0.005686401355149955,-9.372330503156999
207.51,0.0138126129345861,-0.005667926628695821,-9.4553031644697
207.52,0.0137560259385917,-0.005649476717123203,-9.458203191737436
207.53,0.0136996233170823,-0.005631051807124182,-9.586240640167969
207.54,0.0136434048199063,-0.005612651679751648,-9.825392020703354
207.55,0.0135873702019578,-0.00559427584417084,-9.606612363453255
207.56,0.0135315192191659,-0.005575925204749239,-9.51024348144789
207.57,0.0134758516124596,-0.005557600301642424,-9.722622180336128
207.58,0.0134203671284906,-0.005539300733937413,-9.724963865451285
207.59,0.0133650655127525,-0.00552102667473668,-9.811072036649982
207.6,0.0133099465095816,-0.005502778142130949,-9.601515533446644
207.61,0.013255009862156,-0.0054845560055224694,-9.545621787369402
207.62,0.0132002553007743,-0.005466360627999157,-9.917549428678072
207.63,0.0131456825629568,-0.0054481911272575515,-9.932625625468106
207.64,0.0130912913913479,-0.0054300476368641624,-9.839548949675903
207.65,0.0130370815220157,-0.005411930651090857,-9.892752427584124
207.66,0.0129830526896692,-0.005393840262379214,-9.882098969843407
207.67,0.0129292046276581,-0.005375776675948379,-10.111436519876431
207.68,0.0128755370679726,-0.005357739456533364,-10.094274146398451
207.69,0.0128220497495567,-0.005339728876387452,-9.92315478214847
207.7,0.012768742399642,-0.005321745633542497,-10.060024551050006
207.71,0.0127156147461798,-0.005303789586022483,-10.10136792467666
207.72,0.0126626665169825,-0.005285860810895031,-10.12832948387308
207.73,0.0126098974386034,-0.005267959437631762,-10.197430978448521
207.74,0.0125573072363382,-0.005250085542371627,-9.92569244989546
207.75,0.0125048956335412,-0.005232240058313298,-10.109329072625826
207.76,0.0124526623415695,-0.005214422686548436,-10.387631486377945
207.77,0.0124006070874514,-0.005196632880323342,-10.197413767877167
207.78,0.0123487295900056,-0.005178871318231683,-10.258112511188521
207.79,0.0122970295666688,-0.005161138081536667,-10.273811673573688
207.8,0.0122455067334965,-0.0051434333241884116,-10.318028352201818
207.81,0.012194160805163,-0.0051257571050907814,-10.497739701095144
207.82,0.0121429914968618,-0.0051081091649058125,-10.415821531247799
207.83,0.0120919985262021,-0.005090489920965804,-10.331705801659222
207.84,0.012041181601598,-0.005072899796595918,-10.468910143728086
207.85,0.0119905404335685,-0.005055338654799232,-10.478548713954092
207.86,0.0119400747313845,-0.005037806650188337,-10.513276801941084
207.87,0.01188978420307,-0.005020303892802455,-10.544012065511135
207.88,0.0118396685556326,-0.0050028305012491826,-10.564769808057306
207.89,0.0117897274946896,-0.004985386618336638,-10.59276334103184
207.9,0.0117399607244912,-0.0049679723688725655,-10.622010782505237
207.91,0.0116903679481392,-0.004950587870471681,-10.673479688759032
207.92,0.0116409488674941,-0.004933233209929138,-10.566476763323667
207.93,0.0115917031831694,-0.004915908833642499,-10.642666134192483
207.94,0.0115426305899243,-0.004898614744230822,-10.779391361531545
207.95,0.0114937307876179,-0.004881350801406699,-10.71552936083668
207.96,0.0114450034723898,-0.004864117330513285,-10.748263394838109
207.97,0.0113964483390622,-0.004846914450360778,-10.784375360212746
207.98,0.0113480650811403,-0.004829742250570009,-10.860650604681
207.99,0.0112998533916652,-0.004812600739102534,-10.838120998751815
208.0,0.0112518129632822,-0.0047954901523017054,-10.824911449839341
208.01,0.0112039434848897,-0.004778410704985821,-10.888572195769061
208.02,0.0111562446452125,-0.004761362439526686,-10.86713324622214
208.03,0.0111087161317059,-0.004744345548286716,-11.078991240191248
208.04,0.011061357630555,-0.004727359718390839,-11.141261966968713
208.05,0.0110141688334241,-0.004710404993603368,-10.945900786249016
208.06,0.010967149425165,-0.004693481988162562,-11.01257050368555
208.07,0.0109202990878183,-0.004676590749731627,-11.0956759290257
208.08,0.0108736175042881,-0.0046597312618166095,-11.092507983864907
208.09,0.0108271043563767,-0.004642903671700071,-11.270327360718893
208.1,0.0107807593250502,-0.004626107767787454,-11.23430819919484
208.11,0.0107345820945191,-0.0046093437993249544,-11.1411865862276
208.12,0.0106885723415618,-0.004592612134867441,-11.26873598159882
208.13,0.0106427297443885,-0.004575912679945863,-11.31122418617084
208.14,0.0105970539801895,-0.004559245514922558,-11.229169654496554
208.15,0.0105515447251342,-0.004542611017116606,-11.00587350267671
208.16,0.0105062016493181,-0.004526009804415868,-11.290751104724155
208.17,0.0104610244194713,-0.004509441441110845,-11.463249101403878
208.18,0.0104160127114162,-0.004492905715527543,-11.293693118940954
208.19,0.0103711661948523,-0.00447640312308415,-11.30432873182337
208.2,0.0103264845382294,-0.004459933798919196,-11.511671229344222
208.21,0.010281967408747,-0.00444349746987588,-11.556703560091066
208.22,0.0102376144784441,-0.00442709420461486,-11.38345229112905
208.23,0.010193425412955,-0.004410724503697477,-11.459639171032965
208.24,0.0101493998764472,-0.0043943883915049655,-11.453729251434416
208.25,0.0101055375332155,-0.00437808595505081,-11.983078528512074
208.26,0.0100618380475087,-0.004361816311581676,-11.838472306301453
208.27,0.0100183010960531,-0.00434557989428839,-11.471688678265288
208.28,0.0099749263365378,-0.004329377556112511,-11.835518037313951
208.29,0.0099317134327629,-0.004313208794884191,-11.786364272393827
208.3,0.0098886620479206,-0.0042970738317608835,-11.677333129039612
208.31,0.0098457718425016,-0.004280973015578348,-11.828791355603594
208.32,0.0098030424742587,-0.004264906202500009,-11.957647657434215
208.33,0.0097604736053371,-0.004248873280616669,-11.973891725788409
208.34,0.0097180648949046,-0.004232874401183367,-11.632683774652127
208.35,0.0096758160013428,-0.0042169103724709125,-11.493718775389757
208.36,0.0096337265704463,-0.004200981578357464,-11.959121698304061
208.37,0.0095917962543672,-0.004185087313405807,-11.949742219489844
208.38,0.0095500247085027,-0.004169227713279155,-11.618981206479075
208.39,0.0095084115834027,-0.004153403383049965,-12.727628701395876
208.4,0.0094669565283238,-0.004137612520253434,-12.443382960238013
208.41,0.009425659218902,-0.004121855765596639,-11.59453625139524
208.42,0.0093845192949275,-0.004106134730750069,-12.281434979727477
208.43,0.0093435364081039,-0.004090448439055764,-12.210521213196598
208.44,0.009302710209629,-0.004074797085422353,-12.135909175317366
208.45,0.0092620403492007,-0.004059180928067544,-12.242793356573973
208.46,0.0092215264739526,-0.004043599908827462,-12.363150629679657
208.47,0.0091811682340608,-0.004028053947772497,-12.297069812335302
208.48,0.0091409652775691,-0.004012543256753295,-12.46304644596865
208.49,0.0091009172518654,-0.003997067675212584,-12.598524893028845
208.5,0.0090610238071998,-0.003981627102280817,-12.476495193789463
208.51,0.0090212845921319,-0.003966221858878328,-12.488109894540074
208.52,0.0089816992519748,-0.0039508520527799275,-12.636297260483227
208.53,0.0089422674331308,-0.0039355175825099165,-12.491562422278207
208.54,0.0089029887815246,-0.0039202187905750755,-12.555705476567356
208.55,0.0088638629384315,-0.0039049556896483557,-12.747402114559181
208.56,0.0088248895492494,-0.0038897280915649807,-12.697118084577987
208.57,0.008786068257687,-0.0038745361768866933,-12.731145794446858
208.58,0.0087473987065564,-0.0038593800131516416,-12.77879495195721
208.59,0.0087088805381139,-0.0038442596395708937,-12.810146428539682
208.6,0.0086705133942428,-0.0038291751217616374,-12.80324149110334
208.61,0.0086322969159267,-0.003814126567960787,-12.934115475898484
208.62,0.0085942307436702,-0.0037991138353641865,-13.462975241199189
208.63,0.0085563145216884,-0.0037841362329458367,-13.273758351032914
208.64,0.0085185479005801,-0.0037691941454682442,-13.046191792438213
208.65,0.0084809305191594,-0.003754288028379154,-13.328857701552268
208.66,0.0084434620208944,-0.0037394176036633824,-13.256073417831786
208.67,0.0084061420476083,-0.00372458305444006,-13.408014763584552
208.68,0.0083689702406109,-0.0037097842589365873,-13.600641418851966
208.69,0.0083319462434242,-0.003695021072440856,-13.254717945797381
208.7,0.008295069698494,-0.003680294119366683,-13.067961419768517
208.71,0.008258340239366,-0.0036656037727990655,-13.491808736636479
208.72,0.0082217575024693,-0.0036509495444308373,-13.487847897266263
208.73,0.0081853211279625,-0.003636331489625033,-13.676139274354991
208.74,0.0081490307525977,-0.0036217494370258552,-13.782289447432314
208.75,0.0081128860191482,-0.003607203353409924,-13.551213229920702
208.76,0.008076886564398,-0.003592693663435045,-13.46420994137539
208.77,0.0080410320247741,-0.003578220496618419,-14.682041982974704
208.78,0.0080053220372171,-0.003563782291359921,-14.582756950928337
208.79,0.0079697562612952,-0.0035493792669699133,-13.787604904181295
208.8,0.00793433433153,-0.0035350125602524873,-14.50386998830911
208.81,0.0078990558913137,-0.0035206813948275833,-14.381582074267243
208.82,0.0078639205845954,-0.0035063859703108437,-14.538442303976176
208.83,0.0078289280531977,-0.0034921261707599573,-14.815137346669397
208.84,0.0077940779430393,-0.003477901739846647,-14.76066999506867
208.85,0.0077593698993561,-0.003463712917655846,-13.88595000085013
208.86,0.0077248035626442,-0.003449560914715841,-14.36188970082163
208.87,0.0076903785601556,-0.00343544522624499,-15.057034921462298
208.88,0.0076560945392012,-0.0034213650604333454,-14.636356940455894
208.89,0.0076219511389615,-0.003407320968864108,-14.974493456239582
208.9,0.0075879480003434,-0.0033933126702033584,-14.885108664674192
208.91,0.0075540847655569,-0.003379340372832492,-14.63318290465473
208.92,0.0075203610723888,-0.0033654044108616145,-15.562550617437234
208.93,0.0074867765600646,-0.003351503652471672,-16.74524407191821
208.94,0.0074533308857084,-0.0033376367268658593,-16.229590492330413
208.95,0.0074200237104103,-0.0033238043224800076,-15.845369919643304
208.96,0.0073868546823783,-0.0033100070588774726,-15.873013309686199
208.97,0.0073538234521214,-0.0032962450066407996,-16.420055755756355
208.98,0.0073209296664625,-0.003282517611702555,-16.70886038602891
208.99,0.0072881729838808,-0.0032688247597716536,-14.875834691775042
209.0,0.0072555530498578,-0.0032551686475200056,-15.409258351147544
209.01,0.0072230694904564,-0.003241548802995005,-16.377814867081582
209.02,0.0071907219567697,-0.003227964075142523,-17.55886242940404
209.03,0.0071585100955354,-0.003214413155550825,-17.37987218539541
209.04,0.0071264335795069,-0.0032008963684058735,-16.205454101812744
209.05,0.0070944920510201,-0.003187415047465815,-17.725014804296457
209.06,0.007062685164856,-0.0031739676880183443,-17.759555723570596
209.07,0.0070310125840241,-0.003160554265121666,-17.755982955401308
209.08,0.0069994739661011,-0.0031471748900449327,-17.848124721966812
209.09,0.0069680689727955,-0.0031338295686600464,-18.061223463479678
209.1,0.0069367972618326,-0.003120518145952515,-18.595011971859577
209.11,0.0069056584981153,-0.0031072401699258176,-18.4127410023038
209.12,0.0068746523461738,-0.003093995910646729,-18.602696183278375
209.13,0.0068437784679162,-0.0030807852742899687,-19.028541620234634
209.14,0.0068130365295174,-0.003067607933434959,-18.965772153531166
209.15,0.0067824261977789,-0.0030544640478341557,-19.06189074975725
209.16,0.0067519471370876,-0.0030413536352583556,-19.218060479837735
209.17,0.0067215990142179,-0.003028276584718367,-20.175556556366093
209.18,0.0066913814972604,-0.0030152319653574677,-21.202078331363143
209.19,0.0066612942693275,-0.003002218845774983,-20.746438317331744
209.2,0.0066313370138073,-0.0029892377490500417,-20.936870441177405
209.21,0.0066015094080861,-0.002976288606565887,-21.723712747335835
209.22,0.0065718111372152,-0.0029633707549116205,-22.108212219368248
209.23,0.0065422418893786,-0.0029504839220483112,-22.187836650313283
209.24,0.0065128013547367,-0.002937628219415875,-21.395633825262724
209.25,0.0064834892189039,-0.0029248045172183,-22.141456863909852
209.26,0.0064543051597475,-0.0029120122409916436,-23.07983375973062
209.27,0.0064252488715312,-0.0028992506187642186,-22.98366074203675
209.28,0.0063963200446741,-0.0028865198286567167,-23.243943690602194
209.29,0.0063675183725684,-0.0028738197873458375,-23.221902835465126
209.3,0.0063388435474839,-0.002861150472232499,-26.162973262046314
209.31,0.0063102952684911,-0.002848509298332493,-26.855890783601403
209.32,0.0062818732687236,-0.0028358957336841123,-25.579934003337787
209.33,0.0062535772582859,-0.0028233110346092267,-26.46494387456018
209.34,0.0062254069538844,-0.002810754611480032,-27.695687348719744
209.35,0.0061973620739306,-0.0027982255929708093,-26.583868703142755
209.36,0.0061694423472588,-0.002785725111094127,-26.498085321549613
209.37,0.0061416474764376,-0.0027732533993090926,-28.26316208343198
209.38,0.0061139771872717,-0.002760809132925818,-28.285080679273687
209.39,0.0060864312019509,-0.0027483924201799964,-27.781490905914126
209.4,0.0060590092473163,-0.0027360036427058494,-31.96000838153619
209.41,0.006031711047216,-0.0027236392939624923,-35.09306163942423
209.42,0.0060045363865172,-0.002711296859474969,-33.494530729429506
209.43,0.0059774850308336,-0.002698977987021663,-30.047616153828248
209.44,0.0059505567393941,-0.0026866858422841737,-31.168411887859556
209.45,0.0059237512286738,-0.0026744196649849967,-35.868436414643014
209.46,0.0058970682703129,-0.0026621758036883447,-35.87160672193451
209.47,0.0058705076379822,-0.0026499542727099804,-36.04465183844003
209.48,0.0058440691103039,-0.0026377551743466407,-36.84686347598415
209.49,0.005817752461327,-0.002625578083455889,-38.20965142136124
209.5,0.0057915574779929,-0.002613422142124982,-38.95923677674319
209.51,0.0057654839495089,-0.0026012869329191416,-40.29188582875498
209.52,0.0057395316728141,-0.0025891716499067217,-41.21449030980173
209.53,0.0057137004518469,-0.0025770757839517315,-42.405644854674115
209.54,0.0056879900946857,-0.0025649986560883175,-43.56020146963313
209.55,0.0056624004185559,-0.0025529396152791754,-44.70033323145427
209.56,0.0056369312452167,-0.0025408979166883557,-48.30907291223365
209.57,0.0056115824099284,-0.0025288711058191254,-49.494295666255525
209.58,0.0055863537756683,-0.0025168584863424583,-50.33208241196902
209.59,0.005561245194867,-0.002504859636670005,-53.50872153906417
209.6,0.0055362565430866,-0.0024928725390400037,-55.75098203703124
209.61,0.0055113877056752,-0.0024808962341966827,-48.898586408565286
209.62,0.0054866385668187,-0.0024689360585274794,-49.02857710254057
209.63,0.0054620089328274,-0.0024569922150783,-57.99703585637954
209.64,0.0054374986873275,-0.0024450585476925414,-62.03092340371739
209.65,0.005413107735555,-0.002433132305544211,-60.95707530889059
209.66,0.0053888360143626,-0.0024212144229349766,-64.00852414912278
209.67,0.0053646834257735,-0.002409303094890821,-69.33257484576104
209.68,0.0053406499398277,-0.002397395100574202,-68.84164399622303
209.69,0.0053167355106627,-0.00238549109686088,-69.69922837469383
209.7,0.0052929401055451,-0.0023735909941275312,-72.67753517534761
209.71,0.005269263683136,-0.0023616932073608357,-76.02876181715335
209.72,0.0052457062389094,-0.002349795971874133,-76.60457644300298
209.73,0.0052222677624604,-0.0023378992851708297,-79.43678919549518
209.74,0.0051989482567652,-0.002326001695037476,-84.39449634580163
209.75,0.0051757477402029,-0.002314100411005825,-86.63828696831942
209.76,0.0051526662642539,-0.0023021943957816883,-88.63242925422914
209.77,0.0051297038716907,-0.002290282776020875,-93.90305314789813
209.78,0.0051068606361614,-0.002278362741101655,-96.29987690257225
209.79,0.0050841366485854,-0.0022664332145982814,-99.38626367601513
209.8,0.0050615320083437,-0.0022544928006175227,-103.22236771492855
209.81,0.0050390468349009,-0.00224253966492503,-106.6283632177988
209.82,0.0050166812627595,-0.002230572237699997,-110.50588368117214
209.83,0.0049944354437028,-0.0022185887286316846,-114.00413876530476
209.84,0.0049723095472829,-0.002206587566456712,-118.5400117339401
209.85,0.0049503037585239,-0.002194566581730833,-123.43654698913892
209.86,0.0049284182893031,-0.002182523433541651,-127.45005729615019
209.87,0.0049066533696721,-0.0021704563481900314,-131.69622822710357
209.88,0.0048850092484935,-0.002158363466379982,-136.62189727477818
209.89,0.0048634861938299,-0.0021462425508600087,-141.7543253856938
209.9,0.0048420844985311,-0.002134091285589198,-146.40475500893368
209.91,0.0048208044760761,-0.0021219076643833336,-151.61044769939124
209.92,0.0047996464607338,-0.002109689411326675,-157.0413337572563
209.93,0.0047786108111775,-0.0020974341529625177,-162.39218230597868
209.94,0.0047576979087015,-0.002085139598133356,-167.93915215338572
209.95,0.0047369081581732,-0.0020728033805558635,-173.88251310395088
209.96,0.0047162419884754,-0.0020604229470066165,-179.84238347490464
209.97,0.0046956998550354,-0.0020479957723666476,-185.8165629292472
209.98,0.0046752822372399,-0.0020355193580750214,-192.20131920285323
209.99,0.0046549896409732,-0.002022991017783314,-198.6552990820677
210.0,0.0046348225989468,-0.0020104080592516773,-205.17181519499277
210.01,0.0046147816708246,-0.001997767796880033,-211.81520781663232
210.02,0.0045948674431613,-0.001985067507090825,-218.79099965995644
210.03,0.0045750805303148,-0.0019723043225325005,-225.71597572435073
210.04,0.0045554215757193,-0.0019594754371650455,-232.69133730892008
210.05,0.0045358912499925,-0.0019465780476058037,-240.05514639735847
210.06,0.0045164902530427,-0.0019336091735725142,-247.38767660209734
210.07,0.0044972193146147,-0.0019205658751999784,-254.81078564147128
210.08,0.0044780791935256,-0.0019074451923375099,-262.44927186464963
210.09,0.0044590706788797,-0.001894244076172488,-270.08882088905165
210.1,0.0044401945902432,-0.001880959496067468,-277.8732830881822
210.11,0.0044214517774962,-0.0018675883628308516,-285.8312371079636
210.12,0.0044028431219857,-0.0018541275179849712,-293.5854273810192
210.13,0.0043843695363594,-0.0018405739224216474,-301.60188459069826
210.14,0.004366031963307,-0.001826924407357538,-309.82700334255173
210.15,0.0043478313787572,-0.0018131757060275515,-317.64942771953275
210.16,0.004329768790051,-0.001799324764988317,-325.7992123354186
210.17,0.0043118452350347,-0.0017853683602650076,-334.08192682859897
210.18,0.0042940617853256,-0.0017713031926683306,-342.0108466713511
210.19,0.0042764195441858,-0.0017571261391641484,-350.1835899650956
210.2,0.00425891964638,-0.001742833938084175,-358.37037445818345
210.21,0.0042415632601696,-0.0017284233007358206,-366.2887715149171
210.22,0.0042243515857661,-0.0017138910562158102,-374.37561714629686
210.23,0.0042072858553629,-0.001699233916443348,-382.3996403122987
210.24,0.0041903673346723,-0.0016844485929300216,-390.12476055112484
210.25,0.0041735973213924,-0.0016695319167341592,-397.99365507956134
210.26,0.0041569771451537,-0.001654480594984165,-405.75472935488557
210.27,0.0041405081692222,-0.0016392913399949915,-413.1737426874196
210.28,0.0041241917887088,-0.0016239609910633135,-420.6830372956589
210.29,0.0041080294306326,-0.0016084862718299987,-428.0411074672007
210.3,0.0040920225553645,-0.0015928639133566435,-435.0745949072332
210.31,0.0040761726550874,-0.0015770907465091372,-442.0897342466528
210.32,0.00406048125395,-0.0015611635240658408,-448.9132913999112
210.33,0.0040449499088977,-0.0015450790072783715,-455.45215374304104
210.34,0.0040295802087348,-0.0015288340150083107,-461.85715985326596
210.35,0.0040143737742392,-0.0015124253297182965,-468.0392839276033
210.36,0.003999332258483,-0.0014958497387467396,-473.9596794430843
210.37,0.0039844573464495,-0.001479104052270842,-479.64784858301493
210.38,0.0039697507550668,-0.0014621850779874754,-485.0948129294386
210.39,0.0039552142331821,-0.00144508961663167,-490.2926288367038
210.4,0.0039408495617023,-0.0014278144613199834,-495.1644591715701
210.41,0.0039266585535293,-0.001410356437459138,-499.7914236128042
210.42,0.0039126430532028,-0.0013927123424091572,-504.1735936591166
210.43,0.0038988049376812,-0.001374878939492521,-508.13898731062426
210.44,0.0038851461160066,-0.0013568530643783515,-511.82599854298434
210.45,0.0038716685286988,-0.0013386315183900063,-515.4389142423231
210.46,0.003858374149069,-0.0013202109228991584,-518.4619514910961
210.47,0.0038452649843872,-0.001301588078289198,-521.0325143707987
210.48,0.0038323430722617,-0.0012827598542799901,-523.8075968899802
210.49,0.0038196104836351,-0.001263722702603316,-525.8688393891899
210.5,0.0038070693255658,-0.0012444733297300144,-527.3771479775087
210.51,0.0037947217351324,-0.0012250085835208407,-529.0803603535136
210.52,0.0037825698838077,-0.0012053248516166529,-530.2146072908081
210.53,0.0037706159795928,-0.0011854186518033493,-530.740671914815
210.54,0.003758862263443,-0.0011652866889283176,-531.2100949435244
210.55,0.0037473110104312,-0.0011449253660066874,-531.4760588694114
210.56,0.0037359645331863,-0.0011243308913824832,-531.0054645770853
210.57,0.00372482518146,-0.0011034997761233416,-530.2114507191798
210.58,0.0037138953386393,-0.0010824284418791497,-529.6225238660271
210.59,0.00370317742719,-0.0010611126902458302,-528.1722014695251
210.6,0.0036926739120518,-0.0010395487620075171,-526.1496574680649
210.61,0.0036823872915895,-0.0010177330608725143,-524.6360534763276
210.62,0.0036723201052762,-0.0009956609743966673,-522.217157044233
210.63,0.0036624749402899,-0.0009733284058124837,-519.1640126731785
210.64,0.0036528544185826,-0.0009507315299249778,-516.507079940591
210.65,0.0036434612067382,-0.0009278655243775079,-513.2361658024191
210.66,0.0036342980204536,-0.0009047257714358373,-509.30983198439264
210.67,0.0036253676181832,-0.0008813080171741807,-505.26162927947314
210.68,0.0036166728027149,-0.0008576076015091659,-501.44766651034905
210.69,0.0036082164268895,-0.0008336188760283148,-496.7112333451085
210.7,0.0036000014022851,-0.0008093369982875135,-491.4244014856574
210.71,0.0035920306798682,-0.000784757429475826,-486.66529521727267
210.72,0.003584307266339,-0.000759874058254159,-481.3697806938384
210.73,0.0035768342308578,-0.0007346809599333229,-475.3734025847155
210.74,0.0035696146971924,-0.0007091729176383313,-469.2740065637069
210.75,0.0035626518418874,-0.0006833442355691716,-463.4531909095153
210.76,0.0035559489046924,-0.000657187790444188,-456.8743516882049
210.77,0.0035495091991261,-0.000630697402923362,-449.8727036225618
210.78,0.0035433360899553,-0.0006038672262983331,-443.1958605202517
210.79,0.0035374330123414,-0.0005766897442333377,-436.1753204096882
210.8,0.0035318034775706,-0.0005491574350258263,-428.6751314542147
210.81,0.0035264510693565,-0.0005212634723441585,-421.0231947934795
210.82,0.0035213794382792,-0.0004930007147974952,-413.6643351991969
210.83,0.0035165923146915,-0.000464359936863317,-405.7374142397219
210.84,0.0035120935260263,-0.00043533316503584885,-397.5054432892332
210.85,0.0035078869637569,-0.0004059129544200215,-389.5374603901129
210.86,0.0035039766106067,-0.00037608968739832524,-381.3675938148908
210.87,0.0035003665458651,-0.00034585356561332573,-372.90445743086235
210.88,0.0034970609453797,-0.00031519567030918494,-364.33929388705053
210.89,0.0034940640698145,-0.00028410693685332247,-356.02030262659787
210.9,0.003491380282639,-0.0002525751764833402,-347.33930331510845
210.91,0.0034890140763619,-0.00022059031636667082,-338.5358206055414
210.92,0.0034869700189369,-0.00018814297848416677,-329.88749968268064
210.93,0.0034852527981617,-0.00015522145186250917,-321.2210331523631
210.94,0.0034838672144555,-0.00012181256506332593,-312.50439005356253
210.95,0.0034828182147342,-8.790299255082866e-05,-303.6789964217246
210.96,0.0034821108593245,-5.348223037999455e-05,-294.95117552444754
210.97,0.0034817503162198,-1.8537997497497256e-05,-286.27953003037095
210.98,0.0034817418939859,1.6944273108333477e-05,-277.58322698246087
210.99,0.0034820910517251,5.298211936915146e-05,-268.9712503828232
211.0,0.0034828034305939,8.958828772501464e-05,-260.45838813838014
211.01,0.0034838847547595,0.00012677503491998745,-251.99134900325535
211.02,0.0034853409237341,0.00016455911071499421,-243.45950400510264
211.03,0.0034871779926563,0.0002029603299050148,-235.17949161508488
211.04,0.0034894022404825,0.0002419948555233271,-227.1247263736611
211.05,0.0034920200491581,0.0002816765447149778,-219.00634083730466
211.06,0.0034950379930857,0.0003220245087299879,-210.965297724615
211.07,0.0034984628281161,0.0003630590386849814,-203.02514268953158
211.08,0.0035023015310989,0.00040480116920418516,-195.49602180280732
211.09,0.0035065612686215,0.0004472681771858382,-188.032692515856
211.1,0.0035112493768244,0.0004904793562049968,-180.5927527419167
211.11,0.0035163734126578,0.0005344571451641657,-173.0458494383976
211.12,0.0035219411606447,0.0005792278650499862,-166.1345177561123
211.13,0.0035279606817642,0.000624812218621666,-159.4831803969604
211.14,0.0035344401858696,0.0006712300502708265,-152.68108248318222
211.15,0.0035413881482224,0.0007185069454058582,-145.76252845973607
211.16,0.0035488132862778,0.0007666728043233479,-139.42450816558838
211.17,0.0035567246515811,0.0008157532520741652,-133.57892715518403
211.18,0.0035651314762204,0.000865770317781667,-127.47107087744563
211.19,0.0035740432775143,0.0009167528375858251,-121.45877040511321
211.2,0.0035834698556096,0.0009687320273441642,-115.58557315138584
211.21,0.0035934213461844,0.001021740358137489,-110.43437500707385
211.22,0.0036039081822999,0.0010758041868624813,-105.27623770173199
211.23,0.0036149410480602,0.0011309528666166545,-100.17325795074254
211.24,0.0036265309681925,0.0011872192200841878,-94.78234376455862
211.25,0.0036386892893312,0.0012446432525999983,-90.03351956023609
211.26,0.0036514278060578,0.0013032599114974743,-85.98289079863981
211.27,0.0036647585606706,0.0013630973735400047,-81.48088991801828
211.28,0.003678693949528,0.001424193394786665,-77.36009722662534
211.29,0.003693246752268,0.0014865851715500041,-72.62551040534294
211.3,0.0037084301314626,0.001550321999466677,-69.02755747457152
211.31,0.0037242577955614,0.0016154403269316771,-65.8721774257981
211.32,0.0037407436559392,0.0016819721945375103,-61.990333425177
211.33,0.003757902108849,0.0017499650251674983,-58.64400536419276
211.34,0.0037757479744189,0.0018194625195066458,-55.07815180731017
211.35,0.0037942965403789,0.0018905153210183197,-52.23917466142777
211.36,0.0038135636058376,0.001963165568788339,-49.551327499591835
211.37,0.0038335653216764,0.002037455682225011,-46.64117161175449
211.38,0.0038543183565443,0.0021134364715383277,-43.85292957593264
211.39,0.0038758398641655,0.0021911610166816596,-41.17010384094902
211.4,0.0038981475691658,0.002270684159426644,-39.064088793585654
211.41,0.0039212597006466,0.0023520527079025177,-36.88273703794711
211.42,0.0039451949492619,0.0024353182825533537,-34.686389908056555
211.43,0.003969972579986,0.0025205374632158418,-32.51994962920105
211.44,0.0039956124099746,0.0026077703665941636,-30.63133604570086
211.45,0.0040221348907623,0.0026970745982149973,-29.002712377081426
211.46,0.004049560991481,0.0027885048777799718,-27.261197092679843
211.47,0.0040779122802514,0.002882122554428289,-25.672501778159585
211.48,0.0041072109405538,0.002977989336665022,-24.146161724221862
211.49,0.0041374797768133,0.0030761690486783445,-22.766336527227647
211.5,0.0041687422435764,0.003176725235619161,-21.488004195659208
211.51,0.0042010224185908,0.003279722139777496,-20.22276069467962
211.52,0.0042343450464995,0.0033852273185625325,-19.120706955640266
211.53,0.0042687355434248,0.003493306428813357,-18.25449174023008
211.54,0.0043042199640209,0.0036040206422799847,-17.127721311072264
211.55,0.0043408249873044,0.0037174438767141535,-16.086178435983623
211.56,0.0043785781204627,0.0038336516641891884,-15.278111670665378
211.57,0.0044175075297535,0.003952713133599994,-14.697238426779112
211.58,0.004457642103911,0.004074690374037456,-14.138699636888358
211.59,0.0044990112788588,0.004199647408872511,-13.171874756231217
211.6,0.0045416452684206,0.004327670252880872,-12.507764741058223
211.61,0.0045855751567656,0.0044588359299932755,-11.918112390749753
211.62,0.0046308326968197,0.004593217861040841,-11.949595124649136
211.63,0.0046774503944524,0.004730860079421685,-11.414580732415132
211.64,0.0047254610265901,0.004871837443367523,-10.502948562034899
211.65,0.0047748985853982,0.005016251715980855,-10.304156140505787
211.66,0.004825797731182,0.005164167235172463,-9.859276976793224
211.67,0.0048781938252699,0.0053156582935291715,-10.497427835184585
211.68,0.004932122877343,0.005470733403210021,-9.834198570730898
211.69,0.0049876207594627,0.005629484928800833,-8.922378939166594
211.7,0.0050447251963392,0.0057920322642591475,-9.142279404261705
211.71,0.0051034741857834,0.005958413659698348,-9.016295062355201
211.72,0.0051639064161975,0.006128684279751634,-9.567726965180523
211.73,0.0052260608791653,0.0063028475402374644,-9.093348149480159
211.74,0.0052899766298242,0.006480988657975863,-8.586716053859755
211.75,0.0053556941899685,0.0066632015898675165,-8.983833613169233
211.76,0.005423254263666,0.00684949545646245,-9.28591129456609
211.77,0.0054926977591156,0.0070398810471674605,-9.061463883558412
211.78,0.0055640657282255,0.007234419882424195,-8.831966233167003
211.79,0.0056374001807844,0.0074331749828433396,-9.21937733078106
211.8,0.0057127432511255,0.00763613849848251,-9.633548441435606
211.81,0.0057901369443744,0.007843292333838342,-9.457489243366071
211.82,0.0058696232171276,0.008054683027629165,-9.29917036180903
211.83,0.0059512448287406,0.008270353856896721,-9.894084683490789
211.84,0.0060350443627396,0.008490246691649996,-10.492079592423913
211.85,0.0061210636464428,0.008714292635874173,-10.293750072240723
211.86,0.0062093441557472,0.008942523556211687,-10.207395841669518
211.87,0.0062999280564965,0.009174954010547473,-11.03558908165448
211.88,0.0063928568164238,0.009411458082885843,-11.711135219685312
211.89,0.0064881704505899,0.009651918074574179,-11.585110509220607
211.9,0.0065859083385481,0.009896331540218298,-11.668809518701377
211.91,0.006686110064542,0.010144659479617511,-12.637614256363518
211.92,0.0067888139432144,0.010396709547499237,-13.354333204573702
211.93,0.0068940561503662,0.010652315136865858,-13.388115563548748
211.94,0.0070018718794418,0.010911418195929124,-13.686806061507392
211.95,0.0071122957379373,0.011173908240944974,-14.804987865050153
211.96,0.0072253604602717,0.011439519331733327,-15.630543427464723
211.97,0.007341095808092,0.011708023161132541,-15.84917009627775
211.98,0.0074595301208714,0.011979296018504173,-16.40197766123162
211.99,0.007580690243399,0.012253144058669988,-17.76773145272565
212.0,0.0077046004205072,0.01252921214765413,-18.794193578952104
212.01,0.007831280918138,0.01280719779416919,-19.261588821842093
212.02,0.0079607500610649,0.013086901491255914,-20.210255391899654
212.03,0.0080930236325603,0.013368027297986617,-21.765322784381482
212.04,0.0082281139569349,0.013650156011564971,-23.160547780319312
212.05,0.0083660288093396,0.013932895441170871,-24.26150936472679
212.06,0.0085067727539115,0.014215911321948391,-25.821184652008252
212.07,0.0086503465554326,0.014498788649592448,-27.567105933182898
212.08,0.0087967465670451,0.014781080222137508,-29.413438940019716
212.09,0.0089459646764573,0.015062329873657574,-31.456383868108656
212.1,0.0090979880954526,0.01534206102651407,-33.64378179267716
212.11,0.0092527991978537,0.015619788141751738,-36.18723096606642
212.12,0.0094103754150346,0.015894986496599157,-39.06197464460908
212.13,0.0095706886561031,0.01616710439760658,-42.143460610801945
212.14,0.0097337053818559,0.016435590902727604,-45.7075360732658
212.15,0.0098993864047113,0.01669986062072668,-49.81551055091681
212.16,0.0100676864955729,0.01695929848177996,-54.119080724925894
212.17,0.0102385542913519,0.017213318255620058,-59.25193421726258
212.18,0.0104119326571671,0.01746128377336918,-65.46952719471336
212.19,0.0105877575067905,0.017702500897859196,-71.67657293515661
212.2,0.0107659581662774,0.017936369459190925,-78.92206668537358
212.21,0.0109464582564912,0.018162260095078254,-88.28162994794842
212.22,0.0111291743196698,0.018379425762189937,-98.15465598695856
212.23,0.0113140155225203,0.018587206414708405,-108.41211360473055
212.24,0.0115008852030474,0.018785034019563336,-122.23848211773068
212.25,0.011689680553747,0.018972165082060014,-138.21970486364532
212.26,0.0118802904871358,0.019147864060396643,-153.27652681555608
212.27,0.0120725979853803,0.01931163100262999,-173.54821143037466
212.28,0.0122664809688662,0.019462763188583303,-198.24678475352658
212.29,0.0124618086872746,0.019600486478117497,-219.83462704096837
212.3,0.0126584445196602,0.01972438012334666,-248.14878222160408
212.31,0.0128562480143582,0.019833803527973416,-282.47176849314695
212.32,0.0130550699707334,0.019927993977602493,-310.1234563080312
212.33,0.0132547558725034,0.020006593750589077,-342.2551687168446
212.34,0.0134551481075095,0.020069089721331757,-378.7343155877428
212.35,0.0136560818584963,0.020114805358471734,-404.60192484373795
212.36,0.0138573870921168,0.02014337631992337,-424.1655419209445
212.37,0.0140588911063452,0.02015448617448411,-442.949425691544
212.38,0.0142604169319099,0.020147612119987456,-448.998238761659
212.39,0.014461782235903,0.020122372921969195,-438.33106521242865
212.4,0.0146628026741807,0.020078640825487503,-425.25217443784635
212.41,0.0148632922938753,0.020016076954495005,-404.127922511564
212.42,0.0150630604966298,0.01993435725164671,-369.6881900290869
212.43,0.0152619155809564,0.019833496405215086,-337.41581820301354
212.44,0.0154596661006319,0.01971334012161414,-305.2083178463578
212.45,0.0156561175572663,0.019573695998257378,-268.6089243381357
212.46,0.0158510754925153,0.019414703278275075,-237.2860670231361
212.47,0.0160443471962327,0.01923638418041505,-209.51145227638875
212.48,0.0162357388189701,0.019038727471569022,-182.45889435643537
212.49,0.0164250580672549,0.01882196544711846,-159.55328217254706
212.5,0.0166121151641046,0.018586314047286043,-140.07478191010148
212.51,0.0167967221036545,0.01833197674994573,-122.88806118483812
212.52,0.0169786934244926,0.01805924756521834,-108.09637078233064
212.53,0.0171578469403654,0.017768475181303284,-95.37940027007757
212.54,0.0173340041499656,0.017460062898789146,-84.50399231695518
212.55,0.0175069908856821,0.017134454109073393,-75.35258293929292
212.56,0.0176766374391715,0.016792092985332508,-67.272875877555
212.57,0.0178427787609238,0.016433527934484195,-60.257033495362734
212.58,0.0180052559936593,0.016059372580128305,-54.65582564789054
212.59,0.0181639159694464,0.01567012294221362,-49.47179604395674
212.6,0.0183186103977369,0.015266442057911521,-44.788940016989436
212.61,0.018469199240479,0.01484911847676659,-41.34134969828243
212.62,0.0186155491149707,0.014418674897765204,-37.99698058074786
212.63,0.0187575314901048,0.01397583493585143,-34.83761262678021
212.64,0.0188950274070115,0.013521502940839284,-32.53882499099072
212.65,0.0190279253845032,0.013056312900344154,-30.43103317802726
212.66,0.0191561199172572,0.01258097205815327,-28.337354620971233
212.67,0.0192795140240291,0.012096405995904298,-26.682078565271667
212.68,0.0193980198762403,0.011603407561838405,-25.390604136752074
212.69,0.0195115563368595,0.011102626948098084,-24.00759514427963
212.7,0.0196200495124798,0.010594976215479949,-22.807669177665243
212.71,0.0197234358801733,0.010081366789421066,-22.03364197882495
212.72,0.0198216590768931,0.009562394635149006,-21.142570334897187
212.73,0.0199146688374354,0.00903893146467141,-20.2989904154761
212.74,0.0200024258143587,0.00851194842879429,-19.863120182894097
212.75,0.0200848980041375,0.007981995742616823,-19.323875626484536
212.76,0.0201620585990546,0.00744988884588419,-18.788999491184715
212.77,0.0202338916258886,0.006916580366272384,-18.561731631511925
212.78,0.0203003881268614,0.0063826325452293635,-18.305847747365576
212.79,0.0203615445826392,0.005848760718846011,-18.051539344588182
212.8,0.0204173663476319,0.005315818051897353,-17.968522362037714
212.81,0.0204678661057911,0.004784429587519097,-17.94889595740104
212.82,0.0205130621458489,0.004255187708725762,-17.933606101330312
212.83,0.0205529794178729,0.0037288240966657413,-18.007882420201078
212.84,0.0205876503192392,0.0032059871318433865,-18.18354012751263
212.85,0.0206171126013136,0.002687169704125089,-18.38015327182651
212.86,0.0206414091575533,0.0021729873808541862,-18.64060399172779
212.87,0.0206605897598907,0.0016640498805175752,-18.996581729671696
212.88,0.0206747091021535,0.001160791809820047,-19.40254341701457
212.89,0.0206838261724531,0.0006637071401398992,-19.87629584233819
212.9,0.0206880054408741,0.00017329213311690028,-20.429697910658152
212.91,0.0206873156128387,-0.0003100413219741793,-21.05757786384638
212.92,0.0206818295692643,-0.0007858841000333376,-21.76755643123906
212.93,0.0206716241582116,-0.001253853800466861,-22.564265541078484
212.94,0.0206567798958613,-0.0017135981547674456,-23.453678872351322
212.95,0.0206373806816707,-0.0021647919558198613,-24.442112655551032
212.96,0.0206135135355092,-0.002607137756330634,-25.53741847874261
212.97,0.0205852683100932,-0.0030403642913723154,-26.748466944046477
212.98,0.020552737454001,-0.00346422518237016,-28.08472397351498
212.99,0.0205160157445698,-0.0038784998382343566,-29.551341943516924
213.0,0.0204752000332064,-0.004282998986024963,-31.17374155295956
213.01,0.0204303889243245,-0.004677545932230768,-32.95535781562822
213.02,0.0203816827703616,-0.0050619907064907285,-34.89301570756092
213.03,0.0203291831536791,-0.00543622233026749,-37.06063261325018
213.04,0.0202729927528221,-0.0058001193440626025,-39.41179895578195
213.05,0.0202132154636406,-0.0061536029394991705,-41.97377475695893
213.06,0.0201499555713411,-0.006496623958803424,-44.851827138501
213.07,0.020083318054571,-0.00682911724757913,-47.93470471235307
213.08,0.0200134083553217,-0.007151071154178386,-51.3697290120836
213.09,0.0199403318051949,-0.007462470137991508,-55.150313404225855
213.1,0.0198641941148337,-0.007763313534130817,-59.161859816499664
213.11,0.019785100547226,-0.008053656177829112,-63.72477144858224
213.12,0.0197031559156662,-0.008333519031046566,-68.7452969296734
213.13,0.0196184649531944,-0.008602937598285617,-73.99241952899287
213.14,0.0195311316463065,-0.008862013719185819,-79.89847374332477
213.15,0.0194412589041427,-0.00911082423890192,-86.59501862851563
213.16,0.0193489491695549,-0.009349422629574208,-93.45414350875302
213.17,0.0192543040478498,-0.009577942073091435,-100.96989987627556
213.18,0.0191574235115122,-0.0097965125517151,-109.76343507069082
213.19,0.0190584066885721,-0.01000520585312508,-118.63731693260499
213.2,0.0189573518015391,-0.01020417473324246,-128.0456017867818
213.21,0.01885435507044,-0.010393588770433455,-139.25417824273407
213.22,0.0187495115344445,-0.010573541719017596,-150.41607167985717
213.23,0.0186429152042673,-0.010744200665499325,-161.84514170541638
213.24,0.0185346578784396,-0.010905761359685079,-175.56816811343523
213.25,0.0184248299022607,-0.011058336968470679,-188.94754947279938
213.26,0.0183135204815539,-0.01120210557993675,-202.04746343183263
213.27,0.0182008164653982,-0.011337281285525927,-217.8876986240942
213.28,0.018086803053132,-0.011463991144250972,-232.755009539184
213.29,0.0179715642291486,-0.011582420696180698,-246.58693029101312
213.3,0.0178551815288672,-0.011692791568953248,-262.88512961183073
213.31,0.0177377347548215,-0.011795251432670148,-277.82859803078827
213.32,0.0176193022467896,-0.01188998320823586,-290.77374997482855
213.33,0.0174999601444482,-0.011977203825261611,-304.73880325710763
213.34,0.0173797826308691,-0.012057085961845841,-317.5309042754682
213.35,0.0172588422864889,-0.012129805743749921,-327.1113031739677
213.36,0.0171372096985367,-0.012195573320889087,-336.0943558824639
213.37,0.017014953375039,-0.012254576345116855,-344.18606048837285
213.38,0.0168921401377766,-0.01230698590485244,-348.2067514302053
213.39,0.0167688349618221,-0.01235300487101738,-350.3224601576221
213.4,0.0166451007013838,-0.012392829093568267,-352.31522453051036
213.41,0.0165209984684187,-0.012426623556340954,-350.0604499540087
213.42,0.0163965876817776,-0.012454582132972493,-345.2112950749439
213.43,0.0162719256317334,-0.012476903458082458,-341.3496754391832
213.44,0.0161470678638581,-0.01249374668052675,-333.7603328319525
213.45,0.0160220683400326,-0.012505296261714911,-323.743027678354
213.46,0.0158969789498344,-0.012511747063914872,-315.5111150904155
213.47,0.0157718498709496,-0.012513254215870106,-304.6039760177299
213.48,0.0156467297588639,-0.012509992325235048,-292.09540273493286
213.49,0.015521665318173,-0.012502145635852509,-281.136348497293
213.5,0.0153967016066498,-0.0124898703491267,-269.18139688455744
213.51,0.0152718821295391,-0.012473328787168366,-256.4102364496364
213.52,0.0151472486916879,-0.012452690586170823,-244.45813201577207
213.53,0.015022841452938,-0.012428112787905858,-232.9439375457539
213.54,0.0148986990641815,-0.012399745913935022,-221.01915995240736
213.55,0.0147748586440366,-0.012367746973531704,-209.62090651803862
213.56,0.0146513557301489,-0.012332267847224996,-199.21507620873703
213.57,0.014528224417501,-0.012293449240472425,-188.69770501435565
213.58,0.0144054973935637,-0.0122514365484225,-178.5811708681259
213.59,0.0142832058602117,-0.012206373254353359,-169.53979916325406
213.6,0.0141613796576452,-0.012158391090205884,-160.57191855236607
213.61,0.0140400473206754,-0.012107624524240052,-151.96173057116962
213.62,0.013919236008098,-0.012054206912022383,-144.22575870058907
213.63,0.0137989716067429,-0.011998262242235002,-136.74400330391754
213.64,0.0136792787756279,-0.011939914214299999,-129.62362017297036
213.65,0.0135601809299828,-0.011879284709087598,-123.05760783688648
213.66,0.0134417002997332,-0.011816490239943328,-116.86578699787249
213.67,0.0133238579646758,-0.011751644394845738,-111.02645866566765
213.68,0.0132066738819651,-0.011684858027258488,-105.54794313000332
213.69,0.0130901669152195,-0.011616238808806627,-100.37347340838753
213.7,0.0129743548673538,-0.011545891766819954,-95.56850501483862
213.71,0.0128592545048422,-0.011473917795359181,-91.09858673626256
213.72,0.0127448816109651,-0.01140041409756412,-86.71228590675334
213.73,0.012631250999553,-0.011325478214177481,-82.73151183601742
213.74,0.0125183765167479,-0.011249202003038338,-79.09330657519611
213.75,0.0124062711368059,-0.011171672530024997,-75.41394976467431
213.76,0.0122949469493529,-0.011092978788745876,-72.05274666159018
213.77,0.012184415163996,-0.011013204957146592,-69.03114699593577
213.78,0.0120746861889182,-0.01093242961858664,-66.03418328149151
213.79,0.0119657696481859,-0.010850731578706637,-63.123651418683075
213.8,0.0118576743771025,-0.0107681885188317,-60.575242781217206
213.81,0.0117504084589152,-0.010684871509663392,-58.17085699059
213.82,0.0116439792970124,-0.010600849216206576,-55.579365286569676
213.83,0.0115383935886247,-0.010516193841437474,-53.43190177884327
213.84,0.0114336573207233,-0.010430968981076674,-51.52872624050983
213.85,0.0113297759095749,-0.010345233413589167,-49.333555793370614
213.86,0.0112267541423432,-0.01025905139493753,-47.30616648660666
213.87,0.0111245961712146,-0.01017248367578331,-45.68163202339094
213.88,0.0110233055812334,-0.010085582502925813,-44.15285127473308
213.89,0.0109228854617905,-0.009998398197774228,-42.11357194157543
213.9,0.0108233383673015,-0.00991099027425166,-40.615690616153444
213.91,0.0107246662434923,-0.00982340720635662,-39.47219865770841
213.92,0.010626870667758,-0.009735689966246675,-37.91308053665706
213.93,0.0105299527302053,-0.009647886942370053,-36.31424099015998
213.94,0.0104339130569551,-0.009560046768285766,-35.15671359937663
213.95,0.0103387517901535,-0.00947220859370333,-34.20796498804831
213.96,0.0102444687595379,-0.009384407116611588,-32.73700243130157
213.97,0.0101510633821121,-0.009296686027265784,-31.513932825676935
213.98,0.0100585346466173,-0.009209083706217591,-30.652815314002194
213.99,0.0099668812100606,-0.0091216307402025,-29.743239330011175
214.0,0.009876101427872,-0.009034358166840019,-28.36862010118851
214.01,0.009786193320974,-0.00894730455729078,-27.492283591957015
214.02,0.0096971545139453,-0.008860498550955845,-26.895836081014977
214.03,0.0096089824455219,-0.008773963028763418,-25.824902035036985
214.04,0.0095216742503699,-0.00868772855073242,-24.769629937619435
214.05,0.0094352267758224,-0.008601824712120797,-24.094203202607414
214.06,0.0093496365824372,-0.008516273348124192,-23.55590690970967
214.07,0.0092649000675148,-0.008431093472609202,-22.473199838369645
214.08,0.009181013385684,-0.008346312489164252,-21.68325846572137
214.09,0.0090979724185099,-0.008261952119154196,-21.22005030185593
214.1,0.0090157728890977,-0.00817802774423666,-20.581334031771803
214.11,0.0089344103491229,-0.008094557172465006,-19.575748898416272
214.12,0.0088538801598964,-0.008011563336680818,-19.01932398421935
214.13,0.0087741774455953,-0.0079290610994291,-18.6987701455366
214.14,0.0086952972612786,-0.007847061060804942,-17.879231982155144
214.15,0.008617234492112,-0.007765580911891695,-17.130497691024072
214.16,0.0085399838593266,-0.0076846366638633435,-16.711184684118695
214.17,0.0084635399394063,-0.00760423841801755,-16.37605979541477
214.18,0.0083878972392966,-0.007524394795225837,-15.43612811859192
214.19,0.0083130501420341,-0.007445122462075874,-14.931314551471816
214.2,0.0082389928557761,-0.007366431119070809,-14.752850837010817
214.21,0.0081657195666914,-0.007288325185588338,-14.257311910090163
214.22,0.0080932243708435,-0.007210813185769185,-13.494954554190803
214.23,0.0080215012848439,-0.007133907043717445,-12.862791156690909
214.24,0.0079505441832884,-0.007057615915724265,-12.789457623010357
214.25,0.0078803469114967,-0.006981940976365853,-12.465157069279151
214.26,0.0078109032939528,-0.006906886363373322,-11.771758851161561
214.27,0.007742207087323,-0.006832460904790004,-11.022634088922102
214.28,0.0076742519535036,-0.006758673280848322,-10.943380167155299
214.29,0.0076070314964779,-0.006685523221782512,-10.807282449812352
214.3,0.0075405393608938,-0.006613010875024156,-10.185745932038744
214.31,0.0074747691330585,-0.006541142181277477,-9.40762344398156
214.32,0.0074097143511513,-0.006469924334668332,-9.260498996359553
214.33,0.0073453684802912,-0.006399356562479191,-9.24672247235515
214.34,0.0072817250589156,-0.006329436362597501,-8.705156903362212
214.35,0.0072187775826704,-0.006260167050275823,-7.9544196860787055
214.36,0.0071565195336966,-0.006191553837134995,-7.75322509328128
214.37,0.0070949443245723,-0.0061235954036825075,-7.800973570655116
214.38,0.007034045454587,-0.006056287644974167,-7.344551584438489
214.39,0.0069738163982355,-0.005989631608374147,-6.60811165315096
214.4,0.0069142506403991,-0.00592363089150831,-6.374391017022868
214.41,0.006855341604074,-0.005858283519775856,-6.489793304550927
214.42,0.006797082808276,-0.00579358404265329,-6.037038926925752
214.43,0.0067394677636238,-0.005729532271827517,-5.46069532211324
214.44,0.0066824900019159,-0.005666129135938384,-5.099180935331479
214.45,0.0066261430258125,-0.005603373030782525,-5.172210714215905
214.46,0.0065704204020982,-0.0055412583402450035,-4.9097227501480925
214.47,0.0065153157287761,-0.005479782348509134,-4.311993677671172
214.48,0.0064608226264541,-0.0054189451934442264,-3.8413411219566873
214.49,0.0064069347024808,-0.005358745437375836,-4.008779732401129
214.5,0.0063536456149491,-0.0052991762559416716,-3.846294158801339
214.51,0.0063009490892212,-0.005240233304232514,-3.5850719278663616
214.52,0.0062488388710903,-0.005181913324194132,-2.9329054202280638
214.53,0.0061973087481183,-0.005124215973796703,-2.3860832589605177
214.54,0.0061463524850292,-0.005067139477728389,-2.811645888921012
214.55,0.006095963917588,-0.005010674863086635,-2.6799205863351943
214.56,0.0060461369641753,-0.004954817039106681,-2.3885744966337654
214.57,0.0059968655648575,-0.004899562462662505,-1.6985233553151489
214.58,0.005948143707878,-0.004844910274602447,-1.1676357704906828
214.59,0.0058999653627291,-0.004790857922029991,-1.6896384051069087
214.6,0.0058523245801004,-0.004737395918205042,-1.5454050450763377
214.61,0.0058052154932803,-0.004684518979839163,-1.24323129503534
214.62,0.0057586322624722,-0.004632223217792508,-0.6332032530821219
214.63,0.0057125690992842,-0.0045805065880258535,-0.1982850083711738
214.64,0.0056670202142667,-0.004529365517035814,-0.6387302338292379
214.65,0.0056219798981994,-0.004478791299265874,-0.47683629532809213
214.66,0.0055774425158381,-0.00442877864300752,-0.22447612719908158
214.67,0.0055334024677673,-0.004379323087620005,0.2879714869757318
214.68,0.0054898542079708,-0.00433042155905004,0.6216534695754332
214.69,0.0054467922057754,-0.004282069703929996,0.2777558747298961
214.7,0.0054042110069889,-0.004234259641483344,0.4362913994565848
214.71,0.0053621052243837,-0.004186986046240807,0.609770278142182
214.72,0.0053204695138152,-0.00414024395025751,1.0922678108023642
214.73,0.0052792985859347,-0.004094029864577494,1.3629298916712362
214.74,0.0052385871734278,-0.004048339054922521,1.0150926871403332
214.75,0.0051983300850338,-0.004003163936975894,1.1635330869084506
214.76,0.0051585221931987,-0.003958499195231672,1.2784009123186608
214.77,0.005119158416539,-0.00391433964517831,1.7638366837824084
214.78,0.0050802337288972,-0.0038706816922900247,1.9885922977028567
214.79,0.0050417431280432,-0.0038275204432550113,1.5899707938823715
214.8,0.0050036816883071,-0.0037848484646390993,1.734721931979194
214.81,0.0049660445450088,-0.003742660554714171,1.817950757120142
214.82,0.0049288268803787,-0.003700951535896676,2.2600334776865707
214.83,0.0048920239311817,-0.003659717608778351,2.426325447407553
214.84,0.0048556309619979,-0.003618953788913303,2.0292214324190536
214.85,0.0048196433110158,-0.0035786530671841864,2.1619167035289935
214.86,0.0047840563737211,-0.00353881039067923,2.2126482084414394
214.87,0.0047488655930294,-0.003499420647482523,2.5632983617283416
214.88,0.0047140664649882,-0.003460479762423323,2.6614168482730234
214.89,0.0046796545188505,-0.003421982726655023,2.3129731392297312
214.9,0.0046456253517807,-0.0033839231252891177,2.413666935051657
214.91,0.004611974614568,-0.0033462960386399982,2.402597655354688
214.92,0.0045786980057629,-0.0033090964045158246,2.744931691741269
214.93,0.0045457912753449,-0.003272320246460814,2.7501475473423675
214.94,0.0045132502065378,-0.003235962517762498,2.331724290388685
214.95,0.0044810706503425,-0.003200017008035856,2.425526735060215
214.96,0.0044492485078752,-0.0031644790462216532,2.4324963502645773
214.97,0.0044177797270084,-0.0031293438272024738,2.22434268675511
214.98,0.0043866603054116,-0.0030946061455833056,2.8752438718441615
214.99,0.004355886289898,-0.0030602630299358512,2.5587286522752386
215.0,0.004325453748462,-0.0030263089257100183,1.852094076000845
215.01,0.0042953588350039,-0.002992737416403307,2.230690090573917
215.02,0.004265597737344,-0.0029595448559449813,2.018934950320625
215.03,0.0042361666909224,-0.0029267263362000246,1.9192421806759508
215.04,0.0042070619785234,-0.0028942773085125187,2.3934590912028026
215.05,0.0041782799247831,-0.002862194528811711,1.9238262978710474
215.06,0.0041498168852511,-0.002830472584952492,1.3135250619923167
215.07,0.0041216692882014,-0.002799105872914987,1.572957324105996
215.08,0.0040938335960641,-0.002768090764899999,1.2988682603624024
215.09,0.0040663063160369,-0.0027374226569983266,1.2638373597821233
215.1,0.0040390839997231,-0.0027070974861166824,1.3509429519484273
215.11,0.0040121632363132,-0.002677111445969991,0.8642762553834682
215.12,0.0039855406566085,-0.0026474596278841553,0.49780828068522787
215.13,0.0039592129446365,-0.002618137450805815,0.48173461887946295
215.14,0.0039331768216556,-0.0025891410898991954,0.18713695211371364
215.15,0.0039074290507867,-0.002560466307850013,0.055922123379432476
215.16,0.003881966436598,-0.00253210920846499,-0.16175370476270517
215.17,0.0038567858211177,-0.0025040657903766523,-0.5773570865366185
215.18,0.0038318840893194,-0.0024763317761416523,-0.8529205301807726
215.19,0.0038072581674031,-0.002448903201855871,-1.114166570671129
215.2,0.0037829050200182,-0.0024217762087550138,-1.453674949890611
215.21,0.0037588216509308,-0.0023949468862241455,-1.7331766643666
215.22,0.0037350051025916,-0.002368411480235019,-2.095927788994753
215.23,0.0037114524543372,-0.002342166170975831,-2.516615843510522
215.24,0.0036881608248976,-0.0023162071224833037,-2.870896402175507
215.25,0.0036651273698959,-0.0022905306677933235,-3.2757586524565045
215.26,0.0036423492817592,-0.0022651331404100108,-3.700402955894337
215.27,0.0036198237893652,-0.0022400109162991908,-4.098252713971154
215.28,0.0035975481575012,-0.002215160474262485,-4.572028171109283
215.29,0.0035755196857878,-0.0021905782549033366,-5.079526303786888
215.3,0.0035537357100515,-0.002166260724489993,-5.545372213304325
215.31,0.003532193600356,-0.0021422044728758205,-6.056655467094753
215.32,0.0035108907609856,-0.002118406100775857,-6.603120376011772
215.33,0.0034898246300057,-0.0020948622263150278,-7.213954435971257
215.34,0.0034689926793422,-0.002071569463869162,-7.737633977703453
215.35,0.0034483924143666,-0.002048524603830839,-8.290054605478367
215.36,0.0034280213715371,-0.0020257244669424673,-8.947637964339503
215.37,0.0034078771200246,-0.0020031658184216693,-9.569843016971411
215.38,0.0033879572606393,-0.001980845526424199,-10.203898507355559
215.39,0.0033682594253948,-0.0019587604921166815,-11.183950791985545
215.4,0.0033487812776696,-0.0019369073315649724,-11.74817116895698
215.41,0.003329520515321,-0.0019152831845083377,-12.2321648743431
215.42,0.0033104748598367,-0.0018938853268075113,-13.193649791258157
215.43,0.0032916420648726,-0.0018727106146516556,-13.941480907186202
215.44,0.0032730199132993,-0.0018517561687591633,-14.633811883522851
215.45,0.00325460621678,-0.0018310191990600002,-16.03587791401371
215.46,0.003236398815347,-0.0018104963316866577,-16.769095830552388
215.47,0.0032183955851414,-0.0017901849161516747,-17.126565544267823
215.48,0.0032005944199929,-0.0017700826919049815,-18.37798515241389
215.49,0.0031829932438854,-0.001750186663354172,-19.318278301316848
215.5,0.0031655900083276,-0.0017304941431625109,-20.19812580004345
215.51,0.0031483826914215,-0.0017110025467566871,-21.63879796483233
215.52,0.0031313692974612,-0.0016917088872949917,-22.82303903990557
215.53,0.003114547862565,-0.0016726104896041545,-23.36696846811408
215.54,0.003097916443951,-0.0016537052552208452,-24.5424729796934
215.55,0.0030814731220924,-0.001634990641982526,-25.850007317846853
215.56,0.0030652160043069,-0.0016164640477166609,-26.930253436594136
215.57,0.0030491432224501,-0.0015981230873058211,-28.404449724947497
215.58,0.0030332529325386,-0.0015799651357383438,-30.133080514251102
215.59,0.0030175433184227,-0.001561987484794155,-30.894321254236317
215.6,0.0030020125883763,-0.0015441881893316664,-31.961250986873306
215.61,0.002986658967327,-0.0015265651364816885,-33.7081305252788
215.62,0.0029714807064928,-0.0015091157964374933,-35.02714037569804
215.63,0.0029564760797325,-0.001491837965942515,-36.51537157765868
215.64,0.0029416433831928,-0.0014747293708475251,-38.812095470858715
215.65,0.0029269809368401,-0.0014577873148083162,-39.8876644037937
215.66,0.0029124870878553,-0.0014410099558416598,-40.8674399056899
215.67,0.0028981601948095,-0.0014243955500316719,-43.07260399301498
215.68,0.002883998641649,-0.0014079416656666629,-44.670035634019605
215.69,0.0028700008331935,-0.0013916462676608248,-46.19677433098832
215.7,0.0028561651948073,-0.0013755073903591714,-49.137569121389404
215.71,0.0028424901721952,-0.0013595223566083216,-50.558298247957715
215.72,0.0028289742405057,-0.001343689432599176,-51.456589057838805
215.73,0.0028156158815737,-0.001328007204086686,-54.18706929140802
215.74,0.0028024136017472,-0.0013124733321483173,-56.06706331359876
215.75,0.0027893659266176,-0.0012970859490633348,-57.933166617256184
215.76,0.0027764714007147,-0.0012818432386199922,-60.977698410426214
215.77,0.0027637285872013,-0.0012667428561633327,-63.17854533352502
215.78,0.0027511360750512,-0.001251782971484986,-64.41336516439405
215.79,0.0027386924640492,-0.0012369622732500145,-67.06817826270353
215.8,0.0027263963720761,-0.0012222788228925157,-69.586360487948
215.81,0.0027142464361905,-0.001207730776286643,-71.80759260393029
215.82,0.0027022413109287,-0.001193316461828341,-75.04410398370045
215.83,0.0026903796680244,-0.0011790338030158538,-78.21568564936427
215.84,0.0026786602021667,-0.0011648808557266415,-79.65895656429466
215.85,0.0026670816224564,-0.001150856489326645,-82.17179983552005
215.86,0.0026556426490719,-0.0011369591573908247,-85.53506804993495
215.87,0.0026443420219852,-0.001123186989649183,-88.29020383835288
215.88,0.002633178497284,-0.0011095384160299954,-90.94871772174204
215.89,0.0026221508469111,-0.0010960119342783231,-95.22191769620147
215.9,0.0026112578584027,-0.0010826054592233353,-98.81167921574561
215.91,0.0026004983430482,-0.0010693172824566893,-100.27945879200946
215.92,0.0025898711214876,-0.0010561465595266268,-103.6423153042126
215.93,0.0025793750254851,-0.0010430917779299899,-107.59170921620044
215.94,0.0025690089050411,-0.0010301512310175217,-110.9235039799167
215.95,0.0025587716248278,-0.0010173234912258379,-114.18558824311188
215.96,0.0025486620639513,-0.00100460718773416,-119.07425788578
215.97,0.0025386791157138,-0.0009920004417266859,-123.10491937050668
215.98,0.0025288216946572,-0.0009795017609375055,-125.52430904063448
215.99,0.0025190887234822,-0.0009671102453425098,-129.7758818934208
216.0,0.002509479137411,-0.0009548244397866701,-134.18617723099243
216.01,0.0024999918871853,-0.0009426428664841386,-138.1035982175383
216.02,0.0024906259370564,-0.0009305642367133514,-143.42146265742576
216.03,0.0024813802646235,-0.0009185869009325027,-147.5048365287259
216.04,0.0024722538653222,-0.0009067096578458311,-151.16432488178862
216.05,0.0024632457414236,-0.0008949314766124798,-156.47849783073275
216.06,0.0024543549103987,-0.0008832508904616648,-161.1144723668847
216.07,0.002445580402429,-0.0008716666619333494,-166.04693438158355
216.08,0.0024369212602208,-0.0008601775237591542,-171.53278927681168
216.09,0.0024283765394324,-0.000848782113179185,-176.38566652736276
216.1,0.002419945309277,-0.0008374793016333493,-181.3038695413454
216.11,0.0024116266484601,-0.0008262679905016819,-187.03055689282363
216.12,0.0024034196486384,-0.0008151469161641437,-192.41351180875992
216.13,0.0023953234131838,-0.0008041149413716506,-198.4857476747847
216.14,0.0023873370570063,-0.0007931708026425225,-204.73371530743557
216.15,0.0023794597083679,-0.0007823132578950179,-210.07363845423848
216.16,0.0023716905064283,-0.0007715413491883138,-216.01862040985222
216.17,0.0023640285995072,-0.0007608540175699945,-222.62675761452886
216.18,0.0023564731480233,-0.0007502500901808364,-228.76952158135063
216.19,0.0023490233232363,-0.0007397285336466791,-236.42833219678218
216.2,0.0023416783070828,-0.0007292880218416815,-243.16465646981055
216.21,0.0023344372960208,-0.000718927512464164,-249.01612418551525
216.22,0.0023272994929203,-0.0007086462137249663,-256.5685100117711
216.23,0.002320264111432,-0.0006984430035750165,-263.9350652318707
216.24,0.0023133303760194,-0.000688316837911681,-271.2134351153145
216.25,0.0023064975212426,-0.0006782667296708187,-280.0933014914595
216.26,0.0022997647919545,-0.0006682914155216736,-287.4347607584299
216.27,0.0022931314464733,-0.0006583900240441511,-294.4438908906337
216.28,0.0022865967477276,-0.0006485617975991898,-303.47965442474106
216.29,0.0022801599703127,-0.000638805615058339,-311.7026229355957
216.3,0.0022738203983816,-0.0006291205521899876,-320.5014932129195
216.31,0.0022675773255123,-0.0006195056230275174,-330.0123425122507
216.32,0.0022614300555872,-0.000609959762605018,-338.500823935664
216.33,0.0022553779027208,-0.0006004821635524873,-347.28115886459506
216.34,0.0022494201875622,-0.0005910720104916554,-357.1907590400723
216.35,0.0022435562409386,-0.0005817283175716683,-367.4132490623395
216.36,0.0022377854025886,-0.0005724501309400053,-373.8451401471089
216.37,0.0022321070210406,-0.0005632372291233313,-384.40775856129176
216.38,0.002226520444091,-0.0005540886115849773,-400.3414825158214
216.39,0.0022210250404526,-0.0005450023670508458,-410.17191222588633
216.4,0.0022156201912748,-0.0005359777392224948,-419.9394693376404
216.41,0.0022103052825571,-0.000527014082079166,-431.99188090782593
216.42,0.0022050797096337,-0.0005181103880641836,-445.87938049005567
216.43,0.0021999428771733,-0.0005092656057274856,-437.689225871656
216.44,0.0021948941947721,-0.0005004822880241779,-460.5766926183496
216.45,0.0021899330363516,-0.0004917576141283308,-490.20854281966007
216.46,0.002185058857623,-0.00048308779135332227,-488.2112425377344
216.47,0.0021802710936759,-0.00047447426776084975,-503.55444879017926
216.48,0.0021755691883289,-0.0004659159258358302,-519.007049816938
216.49,0.0021709525941301,-0.00045741164764249233,-522.4152361471895
216.5,0.0021664207723569,-0.0004489623665666735,-527.7597501126555
216.51,0.002161973163617,-0.0004405685316499988,-558.9762758484906
216.52,0.0021576092282121,-0.000432226500904162,-576.374240439264
216.53,0.0021533284647697,-0.0004239348668141408,-582.4131528056818
216.54,0.002149130361687,-0.00041569414189415965,-598.5703179214681
216.55,0.0021450144154339,-0.0004075033663508373,-618.0666441233801
216.56,0.002140980130553,-0.0003993612861491794,-608.9683633992423
216.57,0.0021370270196598,-0.0003912708702741723,-634.9553924178474
216.58,0.0021331545498321,-0.00038322963927583004,-672.0481024109068
216.59,0.0021293622740996,-0.000375233585634988,-670.854994087756
216.6,0.0021256497227845,-0.00036728438407748813,-689.7596158915228
216.61,0.0021220164335552,-0.00035938104253251693,-707.5857812933118
216.62,0.0021184619515662,-0.0003515226670858313,-718.7277777240431
216.63,0.0021149858294571,-0.0003437094917391561,-725.8880448347649
216.64,0.00211158761005,-0.0003359422278808327,-756.0135482912914
216.65,0.0021082668404343,-0.000328218190448337,-779.3446708559818
216.66,0.0021050231067295,-0.00032053573951749904,-788.4688202800054
216.67,0.0021018559857469,-0.0003128953935633386,-807.729854775659
216.68,0.0020987650612929,-0.00030529631721251254,-828.6995251114511
216.69,0.0020957499241691,-0.00029773752982581464,-831.5994577993818
216.7,0.0020928101721726,-0.00029022066432998143,-854.5032607999091
216.71,0.0020899453763636,-0.0002827443382091554,-888.0489949521449
216.72,0.0020871551585685,-0.00027530566991084944,-897.9322856875467
216.73,0.0020844391359214,-0.00026790520866999765,-916.8880012343888
216.74,0.0020817969290243,-0.0002605423845383448,-937.462116412152
216.75,0.0020792281650504,-0.0002532163864408375,-952.6835044320406
216.76,0.0020767324777451,-0.0002459273464583419,-958.6513362942267
216.77,0.0020743094920607,-0.00023867665333498337,-993.5301934721932
216.78,0.0020719588266817,-0.00023146126567165245,-1022.7635367815781
216.79,0.0020696801549434,-0.0002242790160674947,-1030.3825581178094
216.8,0.0020674731326873,-0.00021713106647667287,-1052.3008519627397
216.81,0.0020653374220336,-0.00021001659096585851,-1072.1152206845595
216.82,0.0020632726913805,-0.00020293496170249278,-1092.0327239949286
216.83,0.0020612786154049,-0.00019588552920581716,-1116.34206023499
216.84,0.002059354875062,-0.00018886725565916382,-1106.6262424563622
216.85,0.0020575011549903,-0.00018188451409834934,-1143.36779837269
216.86,0.0020557170787428,-0.0001749337593224859,-1188.4322706631724
216.87,0.0020540023865431,-0.00016801005934833382,-1185.7258263122467
216.88,0.0020523567786031,-0.00016111642745500853,-1209.0042232019234
216.89,0.0020507799609945,-0.00015425189541330955,-1228.3825891525576
216.9,0.0020492716456486,-0.0001474158772408458,-1247.6162763159557
216.91,0.0020478315503567,-0.00014060778696251924,-1270.2432202998739
216.92,0.0020464593987696,-0.00013382657635748455,-1271.5038664511696
216.93,0.002045154920398,-0.00012707542324416317,-1292.5944227868192
216.94,0.0020439177951419,-0.00012035329192665182,-1331.6759878306893
216.95,0.0020427477721244,-0.00011365523224001251,-1342.5100425196006
216.96,0.002041644607612,-0.00010698202368585316,-1356.895925737416
216.97,0.0020406080480276,-0.00010033402921581665,-1375.3324338793077
216.98,0.0020396378452098,-9.371058010917095e-05,-1392.4843700731806
216.99,0.0020387337564127,-8.711113481583944e-05,-1410.3671333518548
217.0,0.0020378955443059,-8.053493443834168e-05,-1422.33042855177
217.01,0.0020371229769743,-7.398296667250413e-05,-1433.0311790538221
217.02,0.0020364158018352,-6.745654037497396e-05,-1458.3398915338641
217.03,0.0020357737726478,-6.0951944372502426e-05,-1476.1668272667218
217.04,0.0020351966945389,-5.446748500500465e-05,-1485.2855804561202
217.05,0.0020346843519286,-4.800454596997749e-05,-1500.1952529142175
217.06,0.0020342365342822,-4.1562408125830785e-05,-1513.5509699902984
217.07,0.0020338530361106,-3.514056692585268e-05,-1526.4158643927024
217.08,0.00203353365697,-2.873846404585189e-05,-1538.5935281120994
217.09,0.0020332782014621,-2.2355679150823198e-05,-1547.5985418539274
217.1,0.0020330864727797,-1.5994686605013086e-05,-1560.7283033406763
217.11,0.0020329582440863,-9.652834972485869e-06,-1572.5828052835727
217.12,0.0020328933603562,-3.3271417549798786e-06,-1580.5435112098642
217.13,0.0020328916422708,2.980615284148078e-06,-1589.5441370572182
217.14,0.0020329529152663,9.271153650835477e-06,-1597.5668594826764
217.15,0.002033077009533,1.5544948768334878e-05,-1604.8484936733948
217.16,0.0020332637600157,2.1802476097473676e-05,-1610.6309018568713
217.17,0.0020335130064138,2.8044510624154143e-05,-1620.2113830687836
217.18,0.002033824593181,3.426902581252165e-05,-1624.3688979348797
217.19,0.0020341983335805,4.047732877666474e-05,-1624.1178934612738
217.2,0.0020346340942518,4.667242931664957e-05,-1629.9828952052128
217.21,0.002035131735527,5.285344777667337e-05,-1632.8068715827847
217.22,0.002035691117235,5.9020632772501694e-05,-1634.3784839016084
217.23,0.0020363121037129,6.517447690334685e-05,-1635.2993535670066
217.24,0.0020369945638063,7.131543100749406e-05,-1633.9808254776628
217.25,0.002037738370869,7.744416515499748e-05,-1639.7217313202643
217.26,0.0020385434027629,8.355944786584942e-05,-1642.0408626127767
217.27,0.0020394095155471,8.966103318916293e-05,-1627.8705830172505
217.28,0.0020403365874872,9.575213170167158e-05,-1623.8774198440535
217.29,0.0020413245246807,0.00010183337592580969,-1625.6352470144352
217.3,0.0020423732200275,0.0001079039806158156,-1619.764544814704
217.31,0.0020434825707584,0.00011396452491916871,-1614.2419620277146
217.32,0.0020446524784349,0.00012001544192668269,-1607.883241719077
217.33,0.0020458828489496,0.00012605716473667745,-1600.9129110114764
217.34,0.0020471735925259,0.00013209012642333138,-1589.4568597813156
217.35,0.002048524623718,0.0001381150879091688,-1599.4422039482706
217.36,0.0020499358614113,0.00014412984593583131,-1591.3255886656552
217.37,0.0020514071894837,0.00015013483804417527,-1555.9792597216465
217.38,0.0020529385371392,0.00015613399841416458,-1550.9842948480034
217.39,0.0020545298489759,0.00016212710995084463,-1547.4281866428262
217.4,0.0020561810575392,0.0001681135470475165,-1534.1249628097164
217.41,0.0020578920994896,0.0001740938559666584,-1521.8743678150327
217.42,0.0020596629156031,0.00018006844825664458,-1508.9707355840624
217.43,0.0020614934507711,0.00018603773545915973,-1495.7589709114811
217.44,0.0020633836540004,0.00019200212909334076,-1476.259532111344
217.45,0.0020653334784129,0.00019796240764917357,-1491.4950810471867
217.46,0.0020673428812463,0.00020391593553166065,-1469.2769283672058
217.47,0.0020694117798204,0.00020986395989166192,-1420.7798501502537
217.48,0.0020715401529966,0.0002158103145916836,-1420.857714881985
217.49,0.0020737279772283,0.00022175395142916003,-1409.2621666272669
217.5,0.0020759752227585,0.00022769472390000411,-1391.719525414923
217.51,0.0020782818637441,0.00023363310771168117,-1375.1088278012637
217.52,0.002080647878255,0.00023956949420250208,-1358.1249572159672
217.53,0.0020830732482749,0.00024550427471915136,-1341.1079353053692
217.54,0.0020855579597006,0.0002514378406000049,-1317.8588440256465
217.55,0.0020881020023426,0.00025737090030834565,-1331.6514148526926
217.56,0.0020907053699246,0.0002633011497516594,-1299.5168415797395
217.57,0.0020933680220299,0.00026923023844581065,-1251.4965091379813
217.58,0.0020960899792288,0.00027516119458083544,-1254.7114983499432
217.59,0.0020988712481627,0.0002810926756283305,-1235.8039333143724
217.6,0.0021017118356373,0.00028702499545751723,-1217.0109056336346
217.61,0.0021046117522225,0.0002929585604816631,-1198.541016971109
217.62,0.0021075710122523,0.0002988937471158203,-1179.9751647840003
217.63,0.0021105896338249,0.000304830931775005,-1161.5094146039771
217.64,0.0021136676388026,0.00031077049337499237,-1138.5134962314098
217.65,0.0021168050528119,0.0003167130204033275,-1145.5748796223802
217.66,0.0021200019049433,0.00032265688404582975,-1111.6503995331482
217.67,0.0021232582005021,0.0003286036828483609,-1071.5746452001915
217.68,0.0021265739942387,0.00033455555467165696,-1073.0119084981466
217.69,0.0021299493252333,0.0003405113566933327,-1051.3210953740802
217.7,0.0021333842362323,0.0003464716166317011,-1033.0869033095423
217.71,0.0021368787736477,0.00035243670109914876,-1014.796601657277
217.72,0.0021404329875581,0.00035840697671499005,-996.6177047276366
217.73,0.0021440469317078,0.00036438281007001054,-978.3200728301563
217.74,0.0021477206635073,0.00037036458432665367,-959.4712029019137
217.75,0.0021514542440329,0.00037635265937917,-955.994615850227
217.76,0.0021552477360397,0.00038234630961666145,-927.7204317626171
217.77,0.0021591011928415,0.0003883467300966648,-898.7859172398017
217.78,0.0021630146968221,0.00039435521694166666,-893.0949941271957
217.79,0.0021669883226805,0.0004003712597750014,-874.039165123863
217.8,0.0021710221487187,0.0004063953129391751,-857.1589252561793
217.81,0.0021751162568413,0.0004124277367083284,-840.381593874317
217.82,0.0021792707325558,0.0004184688913566741,-823.813569580333
217.83,0.0021834856649723,0.0004245191371666757,-807.0882784948303
217.84,0.0021877611468039,0.00043057885462168064,-791.6649524857396
217.85,0.0021920972743661,0.00043664830428667066,-782.724109280379
217.86,0.0021964941451516,0.00044272730163497884,-760.018643176511
217.87,0.0022009518552395,0.00044881676287998856,-739.266126804885
217.88,0.0022054705175949,0.0004549174908041641,-730.2008615945292
217.89,0.0022100502423669,0.00046102935890501146,-714.074018755561
217.9,0.0022146911432743,0.0004671527773974879,-699.2655333724321
217.91,0.0022193933376061,0.00047328810326751865,-684.6389377829943
217.92,0.0022241569462208,0.0004794356934791858,-670.2404482886008
217.93,0.0022289820935468,0.00048559590502496324,-656.0862350279832
217.94,0.0022338689075824,0.0004917690949033276,-641.8296537652735
217.95,0.0022388175198959,0.0004979556373266802,-629.7822380475573
217.96,0.0022438280656252,0.0005041557489024896,-616.1380847348183
217.97,0.00224890068141,0.0005103698015525127,-600.8205696161855
217.98,0.0022540355098269,0.0005165983314691545,-588.4553928979417
217.99,0.0022592326973232,0.0005228416491108482,-576.1758165301532
218.0,0.0022644923931545,0.0005291000640983293,-563.5254548063804
218.01,0.0022698147501375,0.0005353739387849816,-551.217067087736
218.02,0.0022751999246495,0.0005416636292608433,-539.1317575673445
218.03,0.002280648076629,0.000547969491624998,-527.2661406979167
218.04,0.0022861593695752,0.0005542918819474842,-515.7529864788422
218.05,0.0022917339705481,0.0005606311467983255,-504.4775411727943
218.06,0.0022973720501686,0.0005669876633650069,-487.87191486564274
218.07,0.0023030737837604,0.0005733622679141637,-481.3019293252665
218.08,0.0023088393556698,0.0005797549173599847,-474.7642698507934
218.09,0.002314668942408,0.0005861655617558198,-459.70847338488875
218.1,0.0023205627292662,0.000592594957828335,-450.11668248447836
218.11,0.0023265209051209,0.0005990434207983396,-439.95855697670186
218.12,0.0023325436624336,0.0006055113091958324,-430.0404894981006
218.13,0.0023386311972514,0.0006119989815725039,-420.328620006104
218.14,0.0023447837092067,0.0006185067964433222,-410.7476497911398
218.15,0.002351001401517,0.0006250351123316655,-403.0030371362019
218.16,0.0023572844809852,0.0006315841864266749,-386.0624391602509
218.17,0.0023636331579996,0.0006381551785183373,-375.88177481858025
218.18,0.0023700476586963,0.0006447485691441846,-378.69821757285183
218.19,0.0023765282017836,0.0006513635338258224,-368.7329214403522
218.2,0.0023830750029599,0.0006580005191575205,-356.27455506354477
218.21,0.0023896882880493,0.0006646603232533604,-348.87221006666846
218.22,0.002396368286523,0.000671343256762472,-340.81887108964037
218.23,0.002403115231498,0.0006780496843024942,-332.9789677096884
218.24,0.002409929359738,0.0006847799705300247,-325.3037538219388
218.25,0.002416810911653,0.000691534480076645,-317.88137357193875
218.26,0.0024237601312994,0.0006983135612091518,-312.953471073474
218.27,0.00243077726638,0.0007051174599716627,-285.8622127727627
218.28,0.0024378625702089,0.0007119487084766855,-292.5346705890038
218.29,0.0024450163277324,0.0007188061604450116,-301.74627719986375
218.3,0.0024522387771014,0.0007256882963449796,-279.2177376054099
218.31,0.0024595301822666,0.000732597198253328,-275.23203429172474
218.32,0.0024668908109211,0.0007395330565516576,-268.7068961971463
218.33,0.0024743209344996,0.0007464962454391859,-262.44112784404126
218.34,0.0024818208281792,0.0007534871391225069,-256.322117560473
218.35,0.0024893907708787,0.0007605061118008054,-250.2443042577939
218.36,0.0024970310452592,0.000767553537673339,-246.60187972740465
218.37,0.0025047419377235,0.0007746296106950147,-230.50013093354804
218.38,0.0025125237384168,0.0007817360729258374,-219.1519967832933
218.39,0.0025203767628561,0.0007888740101808346,-232.54533925923877
218.4,0.0025283013175689,0.0007960413884233236,-228.51727362438794
218.41,0.0025362976897186,0.0008032383012550109,-214.42770218172012
218.42,0.002544366186706,0.0008104662840825005,-210.96040502130688
218.43,0.0025525071198023,0.0008177255875224925,-205.91574640757815
218.44,0.0025607208041486,0.000825016598607512,-201.06407889216536
218.45,0.0025690075587567,0.0008323397043699969,-196.3310254431576
218.46,0.0025773677065083,0.000839695291818316,-191.51913816545581
218.47,0.0025858015741555,0.0008470837480016873,-191.36233494729498
218.48,0.0025943094923208,0.0008545050712499696,-162.89810737504206
218.49,0.0026028917954965,0.0008619629911733273,-172.15984975038512
218.5,0.0026115488686863,0.0008694560068283625,-187.94296237841328
218.51,0.0026202810261387,0.0008769815440316884,-165.93012132032078
218.52,0.002629088616639,0.0008845424555449771,-164.3824852161131
218.53,0.0026379719938343,0.0008921389477466396,-160.29850400188923
218.54,0.0026469315155857,0.000899771437246688,-156.3714493996681
218.55,0.0026559675439827,0.0009074403475541653,-152.54005701648902
218.56,0.0026650804453566,0.0009151461035716542,-148.79964729752876
218.57,0.002674270590295,0.0009228891316191766,-145.14859489840654
218.58,0.0026835383536555,0.0009306698593883637,-141.56491279215703
218.59,0.0026928841145796,0.0009384887159733131,-138.44985908439955
218.6,0.0027023082565068,0.0009463460858074857,-134.41371443224648
218.61,0.0027118111671886,0.0009542426067083459,-122.29887605011977
218.62,0.0027213932442306,0.0009621801410358165,-127.5148356475098
218.63,0.002731054903565,0.0009701577176383238,-130.87230344039094
218.64,0.0027407965305937,0.0009781746053416757,-119.99165558358264
218.65,0.0027506185319768,0.0009862325239550157,-118.24378350529084
218.66,0.002760521318884,0.0009943317856208364,-115.21440674895906
218.67,0.0027705053070128,0.0010024728440516573,-112.31218662772797
218.68,0.0027805709166072,0.0010106561548199828,-109.47978461479481
218.69,0.0027907185724762,0.001018882175381671,-106.71598990564796
218.7,0.0028009487040128,0.001027151365025004,-104.01922652175433
218.71,0.0028112617452118,0.0010354641848866661,-101.35548497322678
218.72,0.002821658134689,0.0010438210979799912,-99.47013272251579
218.73,0.0028321383156994,0.0010522224805191828,-93.91964934494142
218.74,0.002842702736156,0.0010606694424133386,-88.30741878886116
218.75,0.0028533518592855,0.0010691630600599797,-92.77438106912133
218.76,0.0028640861502882,0.0010777024423824987,-91.91897885914226
218.77,0.0028749060615498,0.0010862877023666664,-85.69570797275502
218.78,0.0028858120611845,0.0010949201073758561,-84.15183708271229
218.79,0.0028968046221719,0.0011036000543808492,-81.93264930635588
218.8,0.0029078842223799,0.0011123280333433009,-79.7977165590802
218.81,0.0029190513445873,0.0011211045364866931,-77.71519224457921
218.82,0.0029303064765065,0.0011299300583141735,-75.68409437295526
218.83,0.0029416501108063,0.00113880509557833,-73.7031961717712
218.84,0.0029530827451342,0.0011477301473041635,-71.72735970167997
218.85,0.0029646048821395,0.001156705714789989,-70.8085979890585
218.86,0.0029762170294956,0.0011657321588333497,-63.97079140167509
218.87,0.0029879196999227,0.001174811147267496,-62.69781684813131
218.88,0.0029997134283398,0.0011839430715199796,-67.26817170215342
218.89,0.003011598735221,0.001193126937080825,-63.61762836147789
218.9,0.0030235761432996,0.0012023636429308563,-60.36421628829227
218.91,0.0030356461871514,0.0012116541247966716,-59.05829345921875
218.92,0.0030478094066313,0.0012209988569449866,-57.43929843945425
218.93,0.003060066346899,0.0012303983712483437,-55.87583580202317
218.94,0.003072417558447,0.0012398532023324682,-54.35204287028792
218.95,0.0030848635971272,0.0012493638874299885,-52.86656180685148
218.96,0.003097405024177,0.0012589309664991519,-51.41872208528756
218.97,0.0031100424062474,0.0012685549821891667,-49.949648950640885
218.98,0.0031227763154287,0.0012782364798033317,-49.874497737709554
218.99,0.0031356073292781,0.001287975783080014,-41.36719409071026
219.0,0.0031485360308462,0.0012977753661124964,-43.88020733100183
219.01,0.0031615630356178,0.001307634752125009,-49.00767618005717
219.02,0.0031746889222128,0.0013175526646016763,-42.632620691077655
219.03,0.0031879142899559,0.0013275310154175041,-41.77599055283561
219.04,0.0032012397457988,0.0013375703648041458,-40.6248625847377
219.05,0.0032146659024557,0.001347671274774986,-39.450813862889284
219.06,0.0032281933784347,0.0013578343263375174,-38.31064940964109
219.07,0.0032418227980701,0.0013680601036733476,-37.2001491235514
219.08,0.0032555547915535,0.0013783491940799796,-36.118453158410595
219.09,0.0032693899949653,0.0013887021880374761,-35.05651994279714
219.1,0.0032833290503067,0.0013991196792091792,-34.16809148129209
219.11,0.0032973726055312,0.0014096022261808148,-33.272678795371554
219.12,0.0033115213145756,0.0014201505226783479,-26.481075787145194
219.13,0.0033257758419748,0.0014307670235191752,-30.411603858160472
219.14,0.0033401368791341,0.0014414507513216593,-33.95674347386056
219.15,0.0033546050791769,0.001452200760403303,-28.12197988697863
219.16,0.0033691811220338,0.0014630192476608361,-28.039709855625574
219.17,0.003383865693924,0.00147390667246584,-27.132013331603456
219.18,0.0033986594873916,0.0014848636692000043,-26.28223339471591
219.19,0.0034135632013434,0.0014958908759416958,-25.455189527114488
219.2,0.003428577541085,0.0015069889344391503,-24.65037209115876
219.21,0.0034437032183582,0.0015181584901233312,-23.867205904537634
219.22,0.0034589409513773,0.0015294001921450022,-23.085713480170096
219.23,0.003474291464867,0.0015407146933224898,-22.75075576378609
219.24,0.003489755490098,0.0015521025435799953,-20.352873724900217
219.25,0.0035053337649251,0.0015635651347224665,-16.783263500506006
219.26,0.0035210270466125,0.0015751042232824996,-20.844269015457026
219.27,0.0035368361008163,0.0015867186128983458,-21.84775777167888
219.28,0.0035527616704337,0.0015984082240883368,-18.065240423776793
219.29,0.0035688045219469,0.00161017496838165,-17.961604876983802
219.3,0.0035849654287667,0.001622019401576698,-17.308548006202006
219.31,0.0036012451712745,0.0016339422228775072,-16.696502222122934
219.32,0.0036176445368653,0.001645944135785831,-16.101656463934997
219.33,0.0036341643199904,0.0016580258480374888,-15.523559600854986
219.34,0.0036508053221996,0.0016701880716408265,-14.961817680788478
219.35,0.0036675683521844,0.0016824315228949995,-14.381447875534903
219.36,0.0036844542258204,0.0016947569223049821,-14.610378666331036
219.37,0.0037014637662094,0.001707164768503344,-10.239521219416096
219.38,0.003718597803723,0.001719657603470828,-9.582819035529512
219.39,0.0037358572031848,0.0017322362309458359,-14.5832483733687
219.4,0.0037532428092071,0.0017448987712924964,-13.04667416043229
219.41,0.0037707554623687,0.0017576463417624854,-10.786775716008613
219.42,0.0037883960246391,0.0017704806054316723,-10.686383827622198
219.43,0.0038061653656293,0.0017834022138958376,-10.223986067763521
219.44,0.0038240643626401,0.0017964119384891457,-9.79118641368093
219.45,0.0038420939007092,0.0018095105553166595,-9.371344651319937
219.46,0.0038602548726596,0.0018226988452991824,-8.964300363622225
219.47,0.0038785481791473,0.001835977594119984,-8.569751961326569
219.48,0.003896974728709,0.001849347592240836,-8.187386593106297
219.49,0.00391553543781,0.0018628096349291672,-7.7729988014998055
219.5,0.0039342312308923,0.0018763645222366295,-8.379847304943315
219.51,0.0039530630404222,0.0018900127113550451,-2.9938485099794843
219.52,0.0039720318069382,0.0019037578594533068,-3.419051297022026
219.53,0.0039911385208146,0.0019176003579166566,-9.40253579824967
219.54,0.0040103841308971,0.0019315373484166628,-6.957784047804252
219.55,0.0040297695891434,0.0019455707018966486,-5.141429252935571
219.56,0.0040492958717586,0.0019597022329575,-5.157577420175285
219.57,0.004068963963479,0.0019739326660358296,-4.8391608643056045
219.58,0.004088774857627,0.0019882628625041707,-4.545942812420194
219.59,0.0041087295561663,0.002002693689217491,-4.262363906058
219.6,0.0041288290697565,0.0020172260185625304,-3.9883372856759873
219.61,0.0041490744178089,0.0020318607283933356,-3.7235804444396887
219.62,0.0041694666285403,0.002046598702082492,-3.467857987194029
219.63,0.0041900067390295,0.0020614408285467103,-3.1732450466573123
219.64,0.0042106957952714,0.0020763880021400115,-3.9934106069573523
219.65,0.0042315348522321,0.002091440660794963,1.8762567012316942
219.66,0.0042525249739043,0.0021066035610358483,0.4049054622588269
219.67,0.0042736672887973,0.0021218764680725286,-5.697106527511278
219.68,0.0042949628604687,0.00213725579064496,-2.4671362821430507
219.69,0.0043164127685786,0.0021527443582083166,-1.3106848891998018
219.7,0.0043380181172773,0.0021683439429375545,-1.3487877217346362
219.71,0.0043597800202811,0.0021840553797308543,-1.1356291424131661
219.72,0.0043816996009362,0.0021998796347491205,-0.9417548914054704
219.73,0.0044037779922821,0.002215817680509992,-0.7551062857077818
219.74,0.0044260163371154,0.0022318704959091804,-0.5755509423207763
219.75,0.0044484157880535,0.002248039066211659,-0.402936996427949
219.76,0.0044709775075983,0.0022643243830550294,-0.23715092997625642
219.77,0.0044937026681999,0.0022807274444266628,-0.031081140598159508
219.78,0.00451659245232,0.0022972492546858418,-0.9209486737461537
219.79,0.0045396480524959,0.0023138902709558817,4.877676069644407
219.8,0.004562870671404,0.0023306561930699953,2.6483954350380294
219.81,0.0045862615883572,0.0023475460837449743,-2.9483878293252306
219.82,0.004609821996042,0.0023645559529566723,0.723337520012628
219.83,0.0046335531195505,0.0023816896429108246,1.219298017295032
219.84,0.0046574562065956,0.0023989487398149993,1.20273402355564
219.85,0.0046815325156367,0.0024163342224716817,1.338218375093457
219.86,0.0047057833159538,0.0024338471765399873,1.460409361432873
219.87,0.0047302098877195,0.0024514886949849437,1.5772152035170595
219.88,0.0047548135220732,0.0024692598781291463,1.688613370872384
219.89,0.0047795955211937,0.002487161833536644,1.794824271971874
219.9,0.0048045571983719,0.002505195676112501,1.8959497901257247
219.91,0.0048296998780847,0.002523362528100906,2.038156766962531
219.92,0.0048550248960677,0.0025416635190049323,1.099899376163172
219.93,0.004880533599388,0.002560099118621634,6.847849972083385
219.94,0.0049062273465177,0.002578676182514985,4.005169619289221
219.95,0.0049321075874501,0.002597392896036692,-1.1674034301778629
219.96,0.0049581756586627,0.0026162447623517032,2.8738041026926164
219.97,0.0049844329490236,0.002635236862439977,2.8356969485934638
219.98,0.0050108808676235,0.0026543705431908674,2.8444974987857354
219.99,0.0050375208356437,0.0026736469494316696,2.923828115578492
220.0,0.0050643542864406,0.0026930673028258078,2.994593493441678
220.01,0.0050913826656286,0.002712632833341688,3.061273005527348
220.02,0.0051186074311636,0.0027323447793149527,3.123929328642968
220.03,0.0051460300534267,0.0027522043874332793,3.182674029876038
220.04,0.0051736520153076,0.0027722129127658356,3.2375121816249615
220.05,0.0052014748122886,0.00279237161867835,3.3211622768849276
220.06,0.0052294999525269,0.002812681776914131,2.6412742323968526
220.07,0.0052577289569397,0.002833144089381676,6.701333250528997
220.08,0.0052861633592867,0.0028537648110258237,4.525114966825375
220.09,0.0053148047756412,0.0028745424950266324,1.1443447812279466
220.1,0.0053436547248158,0.0028954739234816826,4.114405917862922
220.11,0.0053727147817693,0.002916564003134995,3.817270724544732
220.12,0.0054019865374937,0.0029378138859024946,3.8593366770963775
220.13,0.0054314715966882,0.002959224927252502,3.9028492635563756
220.14,0.0054611715778587,0.0029807985129083384,3.9422587475455537
220.15,0.005491088113419,0.0030025360386766297,3.9786443304686125
220.16,0.0055212228497911,0.0030244389104308327,4.018567884714459
220.17,0.0055515774475062,0.0030465085440808575,3.9143602186767517
220.18,0.0055821535813046,0.0030687462290608447,4.496639857183968
220.19,0.0056129529402373,0.003091154336417455,5.4722668937438295
220.2,0.0056439772441526,0.003113735720100823,3.9754157574373283
220.21,0.0056752282299201,0.00313648953427924,3.4479631704546794
220.22,0.0057067076123549,0.0031594162939699664,4.466945453404034
220.23,0.0057384171417422,0.0031825190054099494,4.318331874128568
220.24,0.005770358583453,0.003205799011964214,4.347082979443729
220.25,0.0058025337180557,0.003229257838929995,4.365847580778526
220.26,0.0058349443414272,0.003252897022720766,4.38214908170463
220.27,0.0058675922648642,0.003276718110880022,4.396033621218441
220.28,0.0059004793151945,0.0033007226620925486,4.419374754733716
220.29,0.0059336073348885,0.003324912246193334,4.166558200618209
220.3,0.0059669781821705,0.003349288148390777,5.584828184812486
220.31,0.006000593731129,0.0033738544477833433,5.042635805176382
220.32,0.0060344559073116,0.003398611799598324,3.650719310506742
220.33,0.0060685666022833,0.003423559231759971,4.506447067070534
220.34,0.0061029277354531,0.0034486998087916807,4.58338956833588
220.35,0.0061375412484498,0.003474035428124183,4.55419647554611
220.36,0.0061724090995886,0.003499567717335889,4.557763217158093
220.37,0.0062075332639924,0.0035252983632842,4.557626837610132
220.38,0.0062429157337136,0.003551229065004149,4.555521312510508
220.39,0.0062785585178557,0.003577361533665035,4.55410486121161
220.4,0.0063144636426945,0.0036036974925799667,4.498116212129119
220.41,0.0063506331517998,0.0036302385999783344,4.626819933222125
220.42,0.0063870691061568,0.0036569870163683698,5.458452859595002
220.43,0.0064237735935567,0.0036839462703308567,4.6512672019925185
220.44,0.0064607487347855,0.0037111164555316614,4.056639158531481
220.45,0.0064979966283897,0.0037384980182316578,4.740690230224816
220.46,0.006535519410157,0.0037660942382550158,4.622167152014213
220.47,0.0065733192343409,0.00379390681173331,4.621233044780391
220.48,0.0066113982738045,0.0038219376066807977,4.614144796769477
220.49,0.0066497587201617,0.0038501885053925074,4.606124459142201
220.5,0.0066884027839217,0.0038786613972475077,4.499272545850703
220.51,0.0067273326946314,0.003907358065829171,5.149461166544924
220.52,0.0067665507018924,0.00393628202447666,4.756121773132882
220.53,0.0068060590960278,0.003965434308334162,4.217347522020906
220.54,0.0068458601521557,0.003994815527646661,4.687775308028634
220.55,0.0068859561797377,0.004024428812114157,4.599818577264264
220.56,0.006926349508254,0.004054276050780825,4.591018529975448
220.57,0.0069670424873605,0.004084359269008362,4.577684583879077
220.58,0.0070080374870444,0.004114680507708314,4.56629681026049
220.59,0.0070493368977799,0.004145241823377493,4.480147191508221
220.6,0.0070909431306842,0.00417604516208508,4.834065720382613
220.61,0.0071328586176736,0.004207093652085771,4.720731779802017
220.62,0.0071750858267438,0.0042383891465974976,4.326300409371182
220.63,0.0072176272280064,0.0042699326751017225,4.498080457865002
220.64,0.0072604853157549,0.004301726876115014,4.516988334071326
220.65,0.0073036626087502,0.004333774064360792,4.48762809260044
220.66,0.0073471616475604,0.004366076405322512,4.468763547840315
220.67,0.0073909849947271,0.0043986361046366475,4.4499769559657185
220.68,0.0074351352349314,0.004431455384647528,4.392783415668603
220.69,0.0074796149751618,0.004464536408343331,4.536920870648724
220.7,0.0075244268448803,0.004497882000523349,4.613371339008446
220.71,0.0075695735053171,0.004531494771138326,4.340556761101416
220.72,0.007615057636111,0.004565376199292459,4.3014002531226785
220.73,0.0076608819324708,0.004599528510262473,4.389188248445181
220.74,0.0077070491181948,0.004633954424195835,4.349012905747615
220.75,0.007753561940756,0.004668656275396647,4.329732449287379
220.76,0.0078004231714891,0.004703636458080031,4.2671180632041885
220.77,0.0078476356057776,0.004738897297350102,4.477828434413288
220.78,0.007895202063398,0.0047744420677124965,4.343617456234448
220.79,0.0079431254003452,0.004810272837692427,4.13567015117908
220.8,0.0079914084799044,0.004846391383924954,4.270784977192188
220.81,0.0080400541973057,0.004882800769024995,4.223740844483497
220.82,0.008089065473011,0.0049195034686009415,4.202442461303413
220.83,0.008138445252915,0.004956502035994157,4.166068137824986
220.84,0.0081881965085467,0.004993799009586587,4.194843380960857
220.85,0.008238322237272,0.00503139722552759,4.249618302693452
220.86,0.0082888254667166,0.005069299629849196,4.112985139420119
220.87,0.0083397092512109,0.005107508403846597,4.047505387415393
220.88,0.008390976664476,0.00514602601863749,4.091815769651901
220.89,0.0084426308108856,0.005184855452128323,4.055457885779352
220.9,0.0084946748218777,0.0052239993897825665,4.032115602808055
220.91,0.0085471118561691,0.005263460570229942,3.975313032743069
220.92,0.0085999450999701,0.0053032416626833025,4.112896107180908
220.93,0.0086531777671972,0.005343346201655061,4.033559839739246
220.94,0.0087068131105805,0.005383776767033342,3.8613304300448537
220.95,0.0087608543968537,0.005424535495805796,3.928540186235066
220.96,0.0088153049251781,0.005465625657230031,3.901932899882775
220.97,0.0088701680244813,0.0055070501676917115,3.874298782099821
220.98,0.0089254470527337,0.005548811934864984,3.838163258490123
220.99,0.0089811453971755,0.005590913862339123,3.8419818571098454
221.0,0.0090372664745479,0.005633359117161657,3.9346160337813685
221.01,0.0090938137355142,0.005676151311188322,3.7926683173340625
221.02,0.0091507906653839,0.00571929287000077,3.6876871801818423
221.03,0.0092082007665209,0.005762786395047502,3.7539121358786227
221.04,0.0092660475782014,0.005806635442725794,3.7121863373208757
221.05,0.0093243346706485,0.005850843068220035,3.6891280260712405
221.06,0.0093830656452776,0.005895412403146647,3.5920708996369988
221.07,0.0094422441349441,0.005940346344428379,3.932945343068276
221.08,0.0095018738041886,0.005985650222836659,3.8128079657500256
221.09,0.0095619583806051,0.006031326717030027,3.35332113422626
221.1,0.0096225015838252,0.006077376416345034,3.4644370247317195
221.11,0.0096835071659933,0.006123803247359968,3.4663135763396324
221.12,0.0097449789173328,0.006170610706201701,3.41083302088177
221.13,0.0098069206589827,0.00621780182466251,3.0321963032810886
221.14,0.0098693362429962,0.006265378364466627,4.687088494190639
221.15,0.009932229552341,0.006313354520811601,4.007295508813406
221.16,0.0099956046604632,0.006361729591148373,2.4206938249561105
221.17,0.0100594654562213,0.006410496365573335,3.3681887958228316
221.18,0.0101238159231008,0.006459664254462496,3.280380861341193
221.19,0.010188660089573,0.006509236725024912,3.2110877083407225
221.2,0.0102540020167413,0.006559216883153312,2.8516845246174336
221.21,0.0103198457983423,0.006609606766081692,4.754325420190327
221.22,0.0103861955672768,0.006660423736386705,3.6796011516401363
221.23,0.0104530556819272,0.006711663966499215,2.05674369321033
221.24,0.0105204302370541,0.006763318845374924,3.342685302515862
221.25,0.0105883234805808,0.006815401235851681,3.0784323842292864
221.26,0.0106567396950606,0.006867913613169969,2.9915240107739476
221.27,0.010725683197677,0.006920859162792533,2.893057730152629
221.28,0.0107951583402433,0.006974241959111716,4.532442458228131
221.29,0.0108651695425073,0.0070280791474275125,3.343445991074013
221.3,0.0109357214186096,0.0070823652516924275,2.0030899981586936
221.31,0.0110068183269161,0.007137092729234042,3.164602380185948
221.32,0.0110784647853106,0.007192274863229131,2.921390669046743
221.33,0.0111506653486072,0.007247914325175855,2.793773903365414
221.34,0.0112234246085509,0.007304014272995118,2.9729507284637506
221.35,0.0112967471938174,0.007360581332505028,4.1869313084510695
221.36,0.0113706378342328,0.007417630703780709,2.9817746281639317
221.37,0.0114451013941618,0.007475155805682536,2.0510602887467284
221.38,0.0115201425268524,0.0075331517720733715,2.9736404971295065
221.39,0.0115957660380923,0.007591631228352422,2.7692830194511306
221.4,0.011671976773028,0.007650597167194951,2.604422636851445
221.41,0.0117487796161643,0.00771005270321414,3.0379648240621804
221.42,0.011826179491365,0.007770007337290006,3.827026972382398
221.43,0.0119041814604026,0.007830473633735796,2.6318908276697566
221.44,0.0119827906464596,0.007891443995349228,2.102607197789032
221.45,0.0120620120208728,0.007952916911621661,2.780429395618571
221.46,0.0121418506956847,0.008014903949309196,2.6156981809417528
221.47,0.0122223118248088,0.008077408471953337,2.4134650401253745
221.48,0.0123034006040305,0.00814043349788828,3.0932816650292665
221.49,0.0123851222710048,0.008203991946676651,3.499765640048132
221.5,0.0124674822455061,0.008268093387658318,2.2942474235753587
221.51,0.0125504859230124,0.00833272883638339,2.131818261497401
221.52,0.0126341386135723,0.008397900603697526,2.5933987830000715
221.53,0.0127184457551684,0.008463619090685043,2.4638405036276745
221.54,0.0128034128303104,0.008529888055006617,2.223743676561602
221.55,0.012889045366035,0.008596710354045025,3.1507671442067546
221.56,0.0129753489339043,0.00866410305267841,3.192782076037
221.57,0.0130623293414342,0.008732072068229953,1.9639107078749807
221.58,0.0131499922671826,0.008800606647200903,2.1551407411821364
221.59,0.0132383433840738,0.008869713693117473,2.413615403778545
221.6,0.013327388477357,0.008939402173920767,2.3172413718005886
221.61,0.0134171333796553,0.009009676285639975,2.040859128871922
221.62,0.0135075839709641,0.009080538668820078,3.207455374506144
221.63,0.0135987461786538,0.009152011262950023,2.8925794851483086
221.64,0.0136906262290866,0.009224095433917476,1.6447383653149044
221.65,0.0137832300930813,0.009296778436047452,2.181676715372603
221.66,0.013876563834314,0.0093700727437541,2.240344292300776
221.67,0.0139706336081473,0.009443985452591702,2.177705963792712
221.68,0.0140654456203641,0.0095185212609017,1.846043490100878
221.69,0.0141610061271711,0.009593682324755885,3.3596239636999017
221.7,0.0142573214351962,0.009669498064011645,2.617659035662463
221.71,0.0143543982478334,0.009745963008409166,1.2517672029649594
221.72,0.0144522428179811,0.009823060433165873,2.2170451461515017
221.73,0.0145508616284412,0.009900810911507487,2.0683854767643983
221.74,0.0146502612280787,0.009979219055008254,2.032419527429274
221.75,0.0147504482192333,0.010058290106104128,1.774522510237009
221.76,0.0148514292577169,0.010138026959030134,2.8225724909636507
221.77,0.0149532110528143,0.010218454668445997,2.735248709997751
221.78,0.0150558006616431,0.010299578257061607,1.4455259444942536
221.79,0.0151592048904294,0.010381380320568359,1.7752338354959911
221.8,0.0152634305677903,0.01046387201606336,1.9889093368716024
221.81,0.0153684846635237,0.010547064244641597,1.8993271943106156
221.82,0.0154743742044699,0.010630962009261662,1.7271887581385112
221.83,0.0155811062745092,0.01071556924462904,2.2802531814368456
221.84,0.0156886880145629,0.010800904504325087,2.7931744671775864
221.85,0.0157971268349122,0.010886984876669293,1.656915178284988
221.86,0.0159064301471749,0.0109737939465792,1.384240882739718
221.87,0.0160166051502049,0.011061331643868414,1.9107086924572776
221.88,0.016127659263315,0.011149615649207566,1.77654404921926
221.89,0.0162395999667688,0.01123865072846572,1.6815131372068097
221.9,0.0163524348017812,0.011328441987788328,1.8015203190199542
221.91,0.0164661713705186,0.011419000747294976,2.782001166379022
221.92,0.0165808174547788,0.011510356119547531,1.82355973570746
221.93,0.0166963811010742,0.011602493684012647,1.067976777560079
221.94,0.0168128699118803,0.011695402032229867,1.824420093099131
221.95,0.0169302917852491,0.0117891053603524,1.6586679540510456
221.96,0.0170486546843104,0.011883608255384287,1.6255610570577916
221.97,0.0171679666372727,0.01197891701616412,1.4022527241786338
221.98,0.017288235737423,0.012075035781454961,2.7316967459859978
221.99,0.0174094701682102,0.012172005470188301,1.9316451850301743
222.0,0.0175316786380358,0.012269813824845096,0.8102954140756298
222.01,0.0176548691857525,0.012368438335050708,1.7321742989571813
222.02,0.01777905021878,0.01246790955110241,1.5458719501271345
222.03,0.0179042302139577,0.012568231922092596,1.5240882979574795
222.04,0.0180304177175451,0.012669412390076708,1.3394922490443406
222.05,0.0181576213452222,0.012771455159127539,2.073432046389582
222.06,0.0182858497820868,0.012874389443502434,1.9073477135209658
222.07,0.018415112111196,0.012978219121150715,1.1373781089126997
222.08,0.0185454171121152,0.013082929526277588,1.4527052975220778
222.09,0.0186767736909113,0.013188537114779074,1.4843458703682773
222.1,0.0188091908766559,0.01329505177414409,1.333297714989402
222.11,0.0189426777737481,0.01340247855813667,1.8469554499928662
222.12,0.0190772435619123,0.013510842216010125,1.651690049621257
222.13,0.0192128977459861,0.013620145568795858,1.1475635185289317
222.14,0.0193496495886387,0.013730380699276581,1.4164961957999367
222.15,0.0194875085193038,0.01384156435780074,1.3832995423730254
222.16,0.0196264840645407,0.013953704788215952,1.2540958031614702
222.17,0.019766585830266,0.01406680766166925,1.7352065663661356
222.18,0.0199078235017504,0.01418089866212658,1.4958406683925418
222.19,0.0200502070975811,0.014295978880314152,1.0559635390555244
222.2,0.0201937463636063,0.014412041390938265,1.3480999904914075
222.21,0.0203384512594755,0.014529105213770065,1.2733935348075331
222.22,0.020484331829993,0.014647177565879892,1.1780057829590609
222.23,0.0206313982030223,0.01476626542385101,1.647783808339582
222.24,0.0207796606040751,0.014886396290986783,1.38001444388265
222.25,0.0209291296012702,0.015007569760994936,0.9625915773051922
222.26,0.0210798154610578,0.015129778518678296,1.2586232291057708
222.27,0.0212317286875645,0.015253043305955694,1.1737881373652517
222.28,0.0213848798721881,0.01537737129958085,1.1188065663716675
222.29,0.0215392796935979,0.015502771302755021,1.5439164675647938
222.3,0.0216949389533753,0.015629271375799284,1.2644128225894298
222.31,0.0218518687807315,0.015756869996982458,0.8944120913499464
222.32,0.022010080004161,0.015885560600095775,1.1686604455610796
222.33,0.0221695837002456,0.016015364758345963,1.0826540343501243
222.34,0.0223303910374766,0.016146289879989964,1.0682851131087585
222.35,0.0224925132762548,0.016278346873465927,1.420284828263985
222.36,0.0226559618266358,0.016411562858197667,1.1464114105681613
222.37,0.0228207483887033,0.01654593578667646,0.8452854581395645
222.38,0.0229868843940809,0.01668146118577402,1.0781772427942236
222.39,0.0231543815214144,0.016818160536389952,0.9992104902179305
222.4,0.0233232515460317,0.016956041743472542,1.0062401879403298
222.41,0.0234935063399429,0.01709511698173005,1.2258942017613015
222.42,0.0236651579330922,0.0172354089278574,1.0425314771885403
222.43,0.0238382185800908,0.01737691948069083,0.8622141026854351
222.44,0.024012700395872,0.017519649922049324,1.0039655782355732
222.45,0.0241886157044984,0.01766361899234502,0.9640409602779415
222.46,0.0243659769377071,0.01780883664608916,0.9453679527091874
222.47,0.0245447966356902,0.017955313582607622,0.952316992603303
222.48,0.0247250874478757,0.018103062127327544,0.9534417854919852
222.49,0.0249068621559343,0.01825209431190163,0.9064407049505854
222.5,0.0250901336443806,0.018402419384839244,0.8882547207408312
222.51,0.0252749148903012,0.01855404827673313,0.8891643633718971
222.52,0.0254612189966302,0.01870699327115273,0.8727803082973291
222.53,0.0256490591807231,0.018861265750879253,0.861266622200794
222.54,0.0258384487752175,0.01901687737273734,0.8370616233146186
222.55,0.0260294012288941,0.019173839098119077,0.8252800870722622
222.56,0.0262219300972697,0.01933216276946761,0.8213081626528956
222.57,0.0264160490653664,0.0194918608627266,0.8025024313296965
222.58,0.0266117719346598,0.0196529449665209,0.7879676197122868
222.59,0.0268091126244877,0.019815426982204076,0.7744730561370059
222.6,0.0270080851742576,0.019979318984544164,0.7618205301962675
222.61,0.0272087037442843,0.02014463312221589,0.7328370277704248
222.62,0.0274109826148873,0.02031138050515328,0.7267560201461998
222.63,0.0276149361748594,0.020479573976133158,0.723965350904321
222.64,0.02782057895824,0.020649226768340058,0.699844035601191
222.65,0.0280279256139699,0.020820350596280953,0.6871360293525551
222.66,0.0282369909155705,0.020992958032309737,0.6734425222012583
222.67,0.0284477897619497,0.021167061689692564,0.6569588187392822
222.68,0.0286603371782012,0.02134267400710676,0.6370588554717994
222.69,0.0288746483122524,0.021519807246789723,0.6286109679487326
222.7,0.0290907384371393,0.021698474692056498,0.6176192885364195
222.71,0.0293086229638397,0.021878689528547688,0.5990280596392368
222.72,0.0295283174278528,0.022060464356872506,0.5852820189955773
222.73,0.0297498374945347,0.022243812239415024,0.5728405310205357
222.74,0.0299731989598746,0.022428746393951017,0.5492204738887199
222.75,0.0301984177512843,0.02261527911253837,0.5325385821256017
222.76,0.0304255099145755,0.022803423399335648,0.5292959379979596
222.77,0.0306544916386373,0.022993193612609916,0.513381517718041
222.78,0.0308853792507783,0.023184603042276788,0.495593652383267
222.79,0.0311181892073935,0.023377664792446764,0.4814875819161345
222.8,0.0313529380995519,0.023572392407639142,0.47266994187493344
222.81,0.0315896426537325,0.023768799837873562,0.42828150474299626
222.82,0.0318283197325736,0.023966897646807442,0.4244242982254898
222.83,0.0320689862910223,0.024166700553064982,0.4344045958687199
222.84,0.0323116594802534,0.024368224945110473,0.40173925625572476
222.85,0.0325563565688031,0.024571482825050048,0.38852512485251944
222.86,0.0328030949614068,0.02477648807648232,0.37509682550495144
222.87,0.0330518922012435,0.024983254711869893,0.35873798585940647
222.88,0.0333027659705987,0.025191796202368548,0.3079239924681462
222.89,0.0335557340769139,0.02540212235844919,0.31659879508292116
222.9,0.0338108144224858,0.025614249851827385,0.3268304142953017
222.91,0.0340680251333264,0.02582819585468342,0.28680881712225925
222.92,0.0343273844396794,0.02604397158419153,0.27496447840007715
222.93,0.0345889107119007,0.02626159137230164,0.26424799684392264
222.94,0.0348526224609772,0.02648106973446151,0.22760175266352106
222.95,0.0351185383390326,0.026702417794324286,0.1874179202609997
222.96,0.0353866770885992,0.026925646399654272,0.20887071680316194
222.97,0.0356570575975578,0.02715077451314827,0.2033850374046361
222.98,0.0359296989612203,0.027377817893383186,0.16648099064156252
222.99,0.0362046203784236,0.027606787864040833,0.1530828430259227
223.0,0.0364818411883196,0.02783769877530261,0.14724209794141324
223.01,0.0367613808706673,0.02807056569971023,0.07684007985072583
223.02,0.0370432590461336,0.028305394764010137,0.06297554081415029
223.03,0.0373274953569704,0.028542200174159343,0.10076059415727857
223.04,0.0376141097070632,0.0287810040548893,0.0631943373227125
223.05,0.037903122137205,0.029021817670800074,0.03752076793402637
223.06,0.0381945528014237,0.029264653366951485,0.02193555250436647
223.07,0.0384884219913584,0.02950952519277534,0.017042743072477103
223.08,0.0387847501362562,0.02975644796890618,-0.09061259168298684
223.09,0.039083557792732,0.030005420855374415,-0.06659926482238723
223.1,0.0393848654561438,0.030256463921012,-0.015561578501224456
223.11,0.0396886940478143,0.03050960244035828,-0.09288330523314091
223.12,0.0399950645063931,0.030764840445527027,-0.10311022271727827
223.13,0.0403039979018834,0.031022192005000955,-0.11701915433066205
223.14,0.0406155154352334,0.03128167090198254,-0.15297857103632687
223.15,0.0409296384379366,0.0315432861145277,-0.24519397269008125
223.16,0.0412463882865808,0.031807037134676315,-0.2021769216124976
223.17,0.0415657863789193,0.03207294782711674,-0.17526422012568135
223.18,0.0418878545069338,0.03234103995005649,-0.24852629896532344
223.19,0.0422126144615066,0.03261131614971397,-0.26159866224886863
223.2,0.0425400881532724,0.032883789368618604,-0.2682543747621714
223.21,0.0428702976116624,0.03315847337452647,-0.35734169980543795
223.22,0.043203264983946,0.033435365334575966,-0.4130260575738597
223.23,0.0435390123019522,0.033714469247734274,-0.3424707298716603
223.24,0.0438775618354417,0.03399581514780814,-0.3632871546621076
223.25,0.0442189361138999,0.034279415070651256,-0.4223630246478567
223.26,0.0445631576617906,0.034565271607750706,-0.4404829992780987
223.27,0.0449102491042653,0.03485339563676099,-0.4365730934556242
223.28,0.0452602331654348,0.035143800934162146,-0.6035321922391027
223.29,0.0456131326666422,0.035436464559428865,-0.5903653836384984
223.3,0.0459689700487064,0.0357314031800429,-0.4882712074896042
223.31,0.0463277684233066,0.03602865504678775,-0.5897108103029649
223.32,0.0466895508371449,0.03632821202127652,-0.617347048861735
223.33,0.0470543403685357,0.03663008012142338,-0.6382981200876996
223.34,0.047422160167986,0.036934267590427346,-0.6583757156495745
223.35,0.0477930334554646,0.03724077989805605,-0.8529172724893331
223.36,0.0481669834217248,0.03754958122636667,-0.7841951041706727
223.37,0.0485440328106794,0.037860700595148365,-0.6889821049541843
223.38,0.0489242052625404,0.03817417581514059,-0.8310803526282727
223.39,0.0493075241105716,0.03848998329617377,-0.8442658220156544
223.4,0.0496940127230455,0.03880812921939914,-0.8594965319365935
223.41,0.0500836944991794,0.039128619456734834,-0.9521465030830234
223.42,0.0504765928650749,0.039451436575380375,-1.0971203617464986
223.43,0.0508727309119986,0.03977654984428341,-0.9937816493559299
223.44,0.0512721316365535,0.04010399755810535,-0.9654966857217866
223.45,0.0516748186896942,0.04043379885828157,-1.0887822028359162
223.46,0.0520808153796671,0.04076592730851494,-1.110493095939282
223.47,0.0524901449939136,0.04110038326996662,-1.1108969666906903
223.48,0.0529028307932869,0.04143717082668973,-1.320205765086296
223.49,0.0533188960062566,0.041776231230955245,-1.3769406383001122
223.5,0.0537383629792083,0.04211755189211155,-1.2202478989185663
223.51,0.0541612547335702,0.04246118778602609,-1.3043166587008717
223.52,0.0545875943847423,0.04280712022909448,-1.390895266815353
223.53,0.0550174047162054,0.04315532421161802,-1.4249088089835127
223.54,0.0554507084127986,0.04350579147630399,-1.4212846720580985
223.55,0.0558875280526265,0.04385852080852424,-1.7014363221250366
223.56,0.0563278860989546,0.044213419075361,-1.6717304169147782
223.57,0.0567718037084305,0.04457049490356532,-1.5368863939478308
223.58,0.0572193033701873,0.044929795524207075,-1.727443979491297
223.59,0.0576704068340602,0.045291256355690986,-1.7484691563720933
223.6,0.0581251356410874,0.04565486315975786,-1.8465904206231918
223.61,0.0585835111129484,0.04602057525223957,-1.96355434661407
223.62,0.0590455540221219,0.046388344497832565,-1.9479534984264784
223.63,0.0595112848520675,0.04675817034744256,-1.9789515314652253
223.64,0.0599807242143003,0.04713003550740602,-2.0825509048918
223.65,0.0604538922086825,0.04750389327156403,-2.1143918981664624
223.66,0.0609308086141532,0.04787971769356139,-2.305848090876485
223.67,0.061411492858303,0.048257423311601905,-2.326915321025159
223.68,0.061895963288037,0.04863698860531219,-2.29491429531116
223.69,0.0623842388023607,0.049018413723746275,-2.440266301051006
223.7,0.0628763375339773,0.04940162768810799,-2.482394632815301
223.71,0.0633722771789758,0.04978659330195773,-2.6213760254731504
223.72,0.0638720749783848,0.050173232654827815,-2.7731436076216887
223.73,0.0643757471613858,0.050561462050229336,-2.746765105009364
223.74,0.064883309474678,0.050951271472891746,-2.795380768137425
223.75,0.0653947777032939,0.05134262001600503,-2.9325034152987492
223.76,0.0659101667369025,0.05173542544493285,-2.9739125484095994
223.77,0.0664294908572612,0.05212963618031625,-3.277896053605647
223.78,0.0669527636530245,0.052525089842091435,-3.290212346088711
223.79,0.0674799966906319,0.05292174963821989,-3.2186278592448954
223.8,0.0680112026228171,0.05331961824491712,-3.4472223140804683
223.81,0.0685463926590156,0.053718562758822,-3.506481468858096
223.82,0.0690855772107041,0.0541185142453611,-3.7029122632455542
223.83,0.0696287658626693,0.054519340776444894,-3.89828756717744
223.84,0.0701759665426034,0.054920910380294036,-3.879033703246635
223.85,0.0707271864210366,0.05532319081412348,-3.96726202603455
223.86,0.0712824324320072,0.055726100005661666,-4.151309798365599
223.87,0.0718417100802049,0.05612950499808434,-4.236920954677569
223.88,0.0724050238152704,0.0565333079097511,-4.58417427338907
223.89,0.0729723768873721,0.056937288908929615,-4.63600198951434
223.9,0.0735437699401747,0.057341369115394725,-4.610883538643326
223.91,0.0741192044103677,0.05774550910545735,-4.889350524881049
223.92,0.0746986797053879,0.05814951843143522,-4.99513747336894
223.93,0.0752821939164229,0.05855327795545156,-5.259463691360621
223.94,0.075869743776844,0.058956589516979505,-5.505656630861059
223.95,0.0764613236273622,0.059359264000945794,-5.530528291080698
223.96,0.0770569266508648,0.0597612242346846,-5.687193262774914
223.97,0.0776565452284759,0.06016232658536275,-5.931880122014036
223.98,0.0782601696775914,0.06056237602219568,-6.086231197504117
223.99,0.0788677886509315,0.06096121097522468,-6.524046639235392
224.0,0.0794793889078461,0.06135852940191318,-6.634798805116021
224.01,0.0800949537534865,0.06175419715659774,-6.670186535427925
224.02,0.0807144669698019,0.062148121312356176,-7.043745784427047
224.03,0.0813379094877862,0.06254003138039892,-7.227778689626369
224.04,0.0819652602247609,0.0629297404101569,-7.597926397258713
224.05,0.0825964960275106,0.06331696592247668,-7.9322219774677025
224.06,0.0832315904383783,0.0637014458065261,-8.040773695536007
224.07,0.0838705152860282,0.06408303802520124,-8.310741145255049
224.08,0.0845132407961186,0.06446151660250746,-8.661675065631654
224.09,0.0851597343264089,0.06483660668042043,-8.938220464821875
224.1,0.085809960769123,0.06520806227100172,-9.473011561291772
224.11,0.0864638822684129,0.06557550855515286,-9.713736065015315
224.12,0.0871214568596303,0.06593872684631844,-9.899253993942706
224.13,0.0877826420238489,0.06629753015861689,-10.399409444852404
224.14,0.0884473915910529,0.06665156621262538,-10.735225845778837
224.15,0.0891156565007597,0.06700055759525105,-11.242541011393156
224.16,0.0897873847294016,0.06734414192646511,-11.713830822534165
224.17,0.0904625202192084,0.067681979696733,-12.018382201434218
224.18,0.0911410043074667,0.0680138216928915,-12.476995798920363
224.19,0.0918227755616725,0.06833934164774298,-12.997432818872936
224.2,0.0925077688659673,0.0686581790791143,-13.48175355290038
224.21,0.093195915689484,0.0689699891093658,-14.14013218606755
224.22,0.093887143840465,0.06927434610610982,-14.62485590977973
224.23,0.0945813766645301,0.06957091764514499,-15.094220759931341
224.24,0.095278535133603,0.0698593837552253,-15.77762893637903
224.25,0.0959785359171707,0.07013932025319823,-16.38154898089237
224.26,0.0966812918109627,0.0704103419015837,-17.06049251134458
224.27,0.0973867116530239,0.07067203349415824,-17.75602825227023
224.28,0.0980946999922385,0.0709239772387031,-18.435240353490197
224.29,0.098805157348078,0.07116576912677304,-19.175128106788687
224.3,0.0995179801027511,0.07139698144657883,-19.95677188632685
224.31,0.100233060241912,0.07161717233853544,-20.721661560160463
224.32,0.100950285369321,0.07182591300165116,-21.560473752120846
224.33,0.101669538800013,0.07202274530636668,-22.4420617016231
224.34,0.102390699007361,0.07220719632569893,-23.32140502967215
224.35,0.103113639909468,0.07237880141455813,-24.19869523555332
224.36,0.103838230685877,0.07253710359044231,-25.10574518868495
224.37,0.104564336058394,0.0726816348906091,-26.122029462325695
224.38,0.105291815767916,0.07281188072438226,-27.120719821907674
224.39,0.106020524378907,0.0729273370812588,-28.126660436269304
224.4,0.106750311563055,0.07302750450153354,-29.019394309233693
224.41,0.107481021969755,0.0731119326803413,-30.094452654909563
224.42,0.108212495954516,0.07318008704122539,-31.241517069161837
224.43,0.108944567588954,0.07323139698524178,-32.233029483446025
224.44,0.1096770660717,0.07326535822203285,-33.2009472930463
224.45,0.110409815268998,0.07328147516520826,-34.128294856517336
224.46,0.111142634408224,0.07327925440824164,-35.249235529333006
224.47,0.111875337261321,0.07325810234713402,-36.26265436354486
224.48,0.112607731481295,0.07321745267790832,-37.1916372298845
224.49,0.11333961957191,0.07315676719381661,-37.79099029822652
224.5,0.114070798571587,0.07307562600279253,-38.692724060902634
224.51,0.114801061920399,0.07297344274287526,-39.674373845989095
224.52,0.115530195148872,0.07284955699179164,-40.220532725708914
224.53,0.116257979061045,0.07270346856911708,-40.70453402897322
224.54,0.11698418885774,0.07253467896815048,-40.987844023246936
224.55,0.117708595363049,0.07234272847178257,-41.549515811586
224.56,0.118430964088726,0.07212697243754937,-41.88876097295017
224.57,0.119151053492319,0.07188680798669209,-42.000610522242624
224.58,0.119868617199394,0.07162170402792527,-41.56498627014644
224.59,0.12058340328999,0.07133134920848268,-41.547324649637424
224.6,0.121295157986743,0.07101515196730827,-41.63016061634388
224.61,0.122003617886093,0.07067238585775938,-41.04459140526518
224.62,0.122708515732141,0.07030262509309972,-40.44443869370205
224.63,0.123409578950243,0.06990542328787451,-39.54576546584454
224.64,0.124106531488771,0.0694804453006577,-39.03714306081287
224.65,0.124799093144588,0.06902704950844142,-38.332062929134985
224.66,0.125486975850822,0.06854464016824956,-37.352484192854206
224.67,0.126169887905638,0.06803278151843324,-35.91782528331979
224.68,0.126847532756981,0.06749135111399329,-34.93046371720412
224.69,0.127519614611648,0.06691985374526663,-34.14592437416628
224.7,0.128185827365223,0.06631756355435017,-32.80594259377191
224.71,0.128845862322142,0.06568419730458344,-31.535167787708005
224.72,0.129499406814411,0.0650194609836082,-30.05383421136919
224.73,0.130146146528602,0.06432327676231624,-29.03257607333681
224.74,0.13078576569887,0.06359509467165833,-27.95647979859463
224.75,0.131417940186336,0.06283439754701711,-26.675755279745488
224.76,0.132042344715684,0.062040973644874,-25.188612050731646
224.77,0.132658650957472,0.06121499174472633,-24.05959173310646
224.78,0.133266535030573,0.06035619612034897,-23.177170786517316
224.79,0.133865663696081,0.05946397727005897,-21.97504989591164
224.8,0.134455703090114,0.058538297342408216,-20.86771983438411
224.81,0.135036318161393,0.05757913801265798,-19.65512378818854
224.82,0.13560717507198,0.05658681988152577,-18.807832763706923
224.83,0.13616794298949,0.055561032483132655,-17.988921392558147
224.84,0.136718283329107,0.05450146114869131,-17.027420457391397
224.85,0.137257860320433,0.05340829175675063,-16.082952548991265
224.86,0.137786338381681,0.05228191031614246,-15.263213373412567
224.87,0.138303388399272,0.05112252820426641,-14.597509242275484
224.88,0.138808678721882,0.04993002907469092,-13.860181820239474
224.89,0.139301879657529,0.04870469958075085,-13.126713665150827
224.9,0.139782664958774,0.04744706864608396,-12.506221290163431
224.91,0.140250714344718,0.046157437774199214,-11.94479404409223
224.92,0.140705707981864,0.04483604620685033,-11.361119638827606
224.93,0.141147331309345,0.04348345992690808,-10.826363036616614
224.94,0.141575275130968,0.04210026636260744,-10.34701866458349
224.95,0.141989236346321,0.0406869791125764,-9.903373093193869
224.96,0.142388916314159,0.039244136838108526,-9.458506507743241
224.97,0.142774023281364,0.037772553564856724,-9.057082290111756
224.98,0.143144274190739,0.036273021028658536,-8.700956355291876
224.99,0.143499392931178,0.034746238343407135,-8.361716075358531
225.0,0.143839110989232,0.033193030751342556,-8.027072144725093
225.01,0.144163169068099,0.031614491826349504,-7.73592494659618
225.02,0.144471319595946,0.030011585601091156,-7.474043878017224
225.03,0.144763322765728,0.028385244140557986,-7.217265057845588
225.04,0.145038950298133,0.02673664201050946,-6.985896362134829
225.05,0.145297985388728,0.025066969327476134,-6.775577789686941
225.06,0.145540223538685,0.023377444188198843,-6.583544791873024
225.07,0.145765472370847,0.021669341817089998,-6.409672458407045
225.08,0.145973552852501,0.019943975645148975,-6.253889625387693
225.09,0.146164298881205,0.018202687873974714,-6.11002118440918
225.1,0.146337558544131,0.016446973459192243,-5.982046391703589
225.11,0.14649319535901,0.014678386013882577,-5.8784642429471665
225.12,0.146631087859838,0.012898243518807972,-5.78229644780419
225.13,0.146751127085195,0.011108128075231854,-5.6965509710888895
225.14,0.146853223131354,0.009309843623742792,-5.630484442013389
225.15,0.14693730216211,0.007505067806224767,-5.584228834248357
225.16,0.147003307240309,0.005695052417681544,-5.544287512837827
225.17,0.147051191820088,0.0038815768346071866,-5.51565918009628
225.18,0.147080934105056,0.0020667576123828877,-5.507951487066989
225.19,0.147092527859933,0.0002522541277428144,-5.511422549474198
225.2,0.147085984645583,-0.0015606951325323102,-5.529208774109523
225.21,0.147061325648975,-0.003370183182167345,-5.564010281695821
225.22,0.147018599833296,-0.005173931153825094,-5.613438714337788
225.23,0.146957871343497,-0.006970332439424724,-5.667996969798245
225.24,0.146879221940218,-0.008758203731300032,-5.750277087825788
225.25,0.146782742397082,-0.010535581740374103,-5.858595986547779
225.26,0.146668552709732,-0.012300131141301565,-5.9709277358783455
225.27,0.146536787308454,-0.014050369554215644,-6.084229168880243
225.28,0.14638759696815,-0.015785220406324317,-6.2452511365561305
225.29,0.146221140810932,-0.017502737133427242,-6.444309396555811
225.3,0.146037607178315,-0.019200642270841378,-6.631940776058125
225.31,0.145837197445785,-0.020877660528832026,-6.821137373504648
225.32,0.145620127119475,-0.022532843052990952,-7.084796985973597
225.33,0.145386619603672,-0.02416434706529238,-7.4002468299926605
225.34,0.14513692560777,-0.025770088516800564,-7.685557529900756
225.35,0.14487130699998,-0.027349050787276362,-7.981951764204716
225.36,0.144590036911955,-0.028900418471556936,-8.384825388083257
225.37,0.144293396131625,-0.030422547007123945,-8.853093677786834
225.38,0.143981688877517,-0.0319136762717336,-9.27444949562923
225.39,0.143655228365331,-0.033373063328133445,-9.72859535088379
225.4,0.143314335934211,-0.03480003666565858,-10.324155462187644
225.41,0.142959340184553,-0.03619323906228258,-10.996950310405962
225.42,0.142590587831172,-0.03755132928239212,-11.61617125647209
225.43,0.142208432228493,-0.038873827626442994,-12.303530369425044
225.44,0.141813231799618,-0.04016022848198307,-13.166065151526384
225.45,0.141405351247294,-0.04140953487293357,-14.114762702287484
225.46,0.140985167399418,-0.04262087135734269,-15.025567703842245
225.47,0.140553061211645,-0.04379399270758241,-16.05101608962971
225.48,0.140109416077307,-0.04492858564419967,-17.27337582060754
225.49,0.139654619795316,-0.04602406572682613,-18.58719582194719
225.5,0.13918906634609,-0.04708002392784863,-19.921860895391937
225.51,0.138713151249128,-0.04809640171554094,-21.412901329173135
225.52,0.138227270579145,-0.04907310234235051,-23.08407733448258
225.53,0.137731821865621,-0.050009983415825326,-24.85120700999159
225.54,0.137227203559116,-0.05090705920471686,-26.770512115264207
225.55,0.136713813098795,-0.05176439639649154,-28.83332035734048
225.56,0.136192047549103,-0.0525821356609076,-30.971264829291194
225.57,0.135662301353096,-0.05336057799857399,-33.220063652307
225.58,0.135124965872833,-0.05410008044941679,-35.871220461408726
225.59,0.134580429048464,-0.054800752653692136,-38.4671325860591
225.6,0.134029078765977,-0.0554629963167246,-40.85257650966903
225.61,0.133471294816691,-0.05608755232246558,-43.47958299417965
225.62,0.132907451576656,-0.056674991004517644,-46.62472273380157
225.63,0.132337917812592,-0.05722555406887514,-49.66929823500441
225.64,0.131763061653727,-0.05773969141043232,-51.807749485952854
225.65,0.131183241921524,-0.05821847297554246,-54.15013997635586
225.66,0.130598807417364,-0.058662744621942646,-57.138413309942734
225.67,0.130010100678753,-0.05907291109764878,-60.06552524993516
225.68,0.129417461066192,-0.05944942243118178,-61.314395142239015
225.69,0.128821220443866,-0.05979347761224177,-62.33445040716865
225.7,0.12822169623001,-0.06010619836771813,-64.34888233517628
225.71,0.127619199302766,-0.060388093201474424,-66.7638116093437
225.72,0.127014035741518,-0.06063945238688288,-66.37011533122364
225.73,0.126406507720107,-0.06086155916482465,-65.26292004230693
225.74,0.125796897855164,-0.06105577940249153,-65.85191384171698
225.75,0.125185483311713,-0.06122267651403404,-66.90128022244713
225.76,0.124572534002665,-0.061362560849458535,-65.1241736114657
225.77,0.123958318081799,-0.06147661829725033,-62.280436169698646
225.78,0.123343083317787,-0.06156626931629131,-61.389833987018285
225.79,0.122727072028359,-0.06163216288523367,-61.30691304752352
225.8,0.1221105178931,-0.06167461106130837,-58.692429478325
225.81,0.121493654230531,-0.06169469142612456,-54.912031926880836
225.82,0.12087669426252,-0.0616938036259915,-53.280289341275534
225.83,0.120259845954854,-0.061672609265925674,-52.22034461670687
225.84,0.119643308122803,-0.06163153549685804,-49.51059041707969
225.85,0.119027278224706,-0.06157153093462366,-45.8511862345802
225.86,0.118411936680959,-0.06149384430711632,-43.97235177193249
225.87,0.117797458132257,-0.061399144596459176,-42.444778086152624
225.88,0.117184008700065,-0.06128794944128407,-40.47148018134903
225.89,0.116571751729129,-0.061160940506599835,-37.5259388041511
225.9,0.115960839388889,-0.06101912690784975,-35.80198806948239
225.91,0.115351416503641,-0.060863131417766725,-34.24637378556964
225.92,0.114743622125103,-0.06069351035320851,-32.30529147670629
225.93,0.114137589388973,-0.06051096236013391,-30.54056140164944
225.94,0.11353344371393,-0.06031615557977437,-28.562483923306413
225.95,0.112931304697473,-0.06010984146972524,-27.011785082868375
225.96,0.112331283262676,-0.059892629464650474,-25.852363277997735
225.97,0.111733486755308,-0.05966500208347478,-24.166978639117787
225.98,0.111138015712368,-0.05942763668144123,-22.795429113235386
225.99,0.110544964545026,-0.059181120020142024,-21.514957471029067
226.0,0.109954421982193,-0.058926008952483316,-20.304041228597118
226.01,0.109366471316325,-0.058662831965649566,-19.561534594769512
226.02,0.108781190957058,-0.05839195349971703,-18.43131488533829
226.03,0.108198656179824,-0.05811389056962525,-17.183295002099676
226.04,0.107618935310151,-0.05782920890516688,-16.62594366291404
226.05,0.107042093009424,-0.05753821747131692,-15.816214159272041
226.06,0.106468190662478,-0.057241313626016255,-15.013011564486115
226.07,0.105897285094998,-0.05693890299415828,-14.267597665977583
226.08,0.105329429629865,-0.056631378569682936,-13.332196839001556
226.09,0.104764673107819,-0.05631920115800847,-12.860558563224949
226.1,0.104203060193408,-0.05600264927553394,-12.462203677323828
226.11,0.103644633742303,-0.05568198068759134,-11.34713654703342
226.12,0.103089432618801,-0.05535772972197553,-10.881497104042106
226.13,0.102537490193474,-0.05503017838909217,-10.635640072500761
226.14,0.101988839369413,-0.05469951425592449,-9.943321249129943
226.15,0.10144350915389,-0.054366091175724746,-9.635806231282352
226.16,0.10090152601284,-0.054030121905195946,-9.145304132002478
226.17,0.100362914281977,-0.053691883774688774,-8.671266367361682
226.18,0.0998276950227325,-0.05335164707487549,-8.33295402617145
226.19,0.0992958872859927,-0.05300962658250803,-7.940012316457935
226.2,0.0987675076939507,-0.05266605104036089,-7.654721690029176
226.21,0.0982425708416236,-0.05232110396152142,-7.426660989311888
226.22,0.0977210895926231,-0.051974950098631255,-6.8720215266766
226.23,0.0972030749507544,-0.051627875821621864,-6.571057956314163
226.24,0.0966885345788329,-0.05128006373978968,-6.526568224298673
226.25,0.0961774758298967,-0.050931593363389455,-6.216739348800521
226.26,0.0956699042745362,-0.05058264582861056,-5.72166736783564
226.27,0.0951658237199875,-0.050233471558870764,-5.532224989640778
226.28,0.0946652351989925,-0.049884198165369806,-5.4899682470880125
226.29,0.0941681398126116,-0.04953489492522205,-5.130497889662517
226.3,0.0936745367953734,-0.04918574583269812,-4.846001297669878
226.31,0.0931844238820613,-0.04883690781417617,-4.6794452193180325
226.32,0.0926977972545139,-0.048488487278063624,-4.547573218536256
226.33,0.0922146524234368,-0.04814057570865389,-4.283679946993321
226.34,0.091734983599745,-0.047793309197547686,-4.080452221521203
226.35,0.0912587837289486,-0.04744679980367752,-3.944164671711017
226.36,0.0907860448023141,-0.04710113102316833,-3.812645244940393
226.37,0.0903167580204309,-0.04675638401811765,-3.5472939546217477
226.38,0.0898509136543836,-0.04641268283034084,-3.4003543388256063
226.39,0.0893885006276787,-0.04607010692186965,-3.3408199033482093
226.4,0.0889295075999373,-0.04572870231905694,-3.206536298161274
226.41,0.0884739224154849,-0.045388541238969064,-2.9049482740493318
226.42,0.0880217322351201,-0.04504974943010699,-2.7581084832074576
226.43,0.0875729226578174,-0.04471239573554109,-2.782422625740297
226.44,0.08712747947021,-0.04437649036566546,-2.628623884180321
226.45,0.0866853877844691,-0.044042100403162907,-2.3687955171940165
226.46,0.0862466320922136,-0.043709326798349026,-2.2231031485014103
226.47,0.0858111956822257,-0.0433782290992187,-2.2213128874421346
226.48,0.0853790618680647,-0.04304881942301768,-2.080916976065743
226.49,0.0849502134831841,-0.04272115080392996,-1.8902720510670534
226.5,0.0845246328306429,-0.04239529144338175,-1.7595738650766528
226.51,0.0841023014793229,-0.04207128787080313,-1.7054744965957969
226.52,0.083683200810381,-0.041749161442247024,-1.5936767475139024
226.53,0.0832673118655852,-0.041428948961677134,-1.4360065850097208
226.54,0.0828546152938109,-0.04111069944519088,-1.314868645698748
226.55,0.0824450912221634,-0.04079444874724748,-1.2528742678785196
226.56,0.0820387195964295,-0.040480213909727926,-1.1625308977510487
226.57,0.0816354801362037,-0.04016801913752713,-0.9992440446857912
226.58,0.0812353522753007,-0.03985790748079384,-0.8693388928499127
226.59,0.0808383149496362,-0.03954991021509665,-0.8302773275554329
226.6,0.0804443470015847,-0.03924403252315359,-0.7479132374339301
226.61,0.0800534271722874,-0.03894029028309436,-0.5816943384651386
226.62,0.0796655339592888,-0.03863872042096604,-0.44658356790525955
226.63,0.0792806454452403,-0.0383393494486273,-0.40799157358130694
226.64,0.0788987396357238,-0.03804217779664679,-0.3266153486479521
226.65,0.0785197945176027,-0.03774721558575644,-0.17396261495380327
226.66,0.0781437878737856,-0.03745448964800058,-0.05290083875841527
226.67,0.0777706972200255,-0.03716401737324619,0.0005960685609410445
226.68,0.0774005000128662,-0.03687579853204626,0.08712792082116119
226.69,0.0770331737150371,-0.036589839254743316,0.18945212085172
226.7,0.0766686956577239,-0.036306149757414065,0.3536877407368865
226.71,0.0763070430894563,-0.03602475216213421,0.42607032901796055
226.72,0.0759481929791095,-0.035745646388311736,0.4602709678407731
226.73,0.075592122545578,-0.03546882323968946,0.5835849379914928
226.74,0.0752388088732949,-0.03519429201823861,0.7109914088096724
226.75,0.0748882290317022,-0.034922063171374924,0.8502294837905169
226.76,0.0745403599102917,-0.03465214693446096,0.8852449283258254
226.77,0.0741951784221174,-0.034384531275235414,0.960781689077226
226.78,0.0738526616287518,-0.03411921126926162,1.0671082583799392
226.79,0.0735127865324112,-0.03385618906788258,1.2529530403953246
226.8,0.0731755301449535,-0.03359548056171939,1.3232485743361346
226.81,0.0728408692398769,-0.0333370777794229,1.3405359964949835
226.82,0.0725087809558837,-0.033080962407699865,1.4857013684392706
226.83,0.0721792423533836,-0.03282713893021071,1.5960012986773482
226.84,0.0718522305419311,-0.032575606126603505,1.7252845761167281
226.85,0.0715277225998814,-0.03232636416363756,1.7870710327885841
226.86,0.0712056956630585,-0.03207940064009184,1.8693101709135294
226.87,0.0708861270220393,-0.031834705970358014,1.9755061573729062
226.88,0.0705689939960053,-0.03159227491220674,2.1251899474018527
226.89,0.0702542739798988,-0.031352108505401544,2.209716509861039
226.9,0.0699419443153993,-0.031114195985270748,2.2612212661532975
226.91,0.0696319825978394,-0.03087852089421854,2.3839837474856536
226.92,0.0693243664577626,-0.030645077641840157,2.5002303266429036
226.93,0.0690190736261115,-0.030413859953988775,2.640987655978956
226.94,0.0687160818585969,-0.030184863831044195,2.7017626083232322
226.95,0.0684153689989924,-0.02995807267675554,2.781158244312803
226.96,0.0681169131005352,-0.029733472111281856,2.888000104067416
226.97,0.0678206922828286,-0.029511052504206776,3.0803745781576364
226.98,0.0675266847826402,-0.02929081536163445,3.157599174537079
226.99,0.0672348687563372,-0.029072744944242414,3.1804857747660047
227.0,0.0669452227320002,-0.028856818021001884,3.3422858653948015
227.01,0.0666577252710176,-0.02864302939281418,3.426042002501936
227.02,0.0663723550626036,-0.028431364489926378,3.5779158358393985
227.03,0.0660890909283021,-0.02822181641895377,3.6730069859987884
227.04,0.0658079117290674,-0.028014370470212543,3.7333121890498195
227.05,0.0655287965730025,-0.02780900739529739,3.863055596364346
227.06,0.0652517246766323,-0.027605716006747518,3.941656660164365
227.07,0.064976675396257,-0.027404480038083445,4.150831781894547
227.08,0.064703628235913,-0.02720529772661714,4.251834859671539
227.09,0.0644325626518181,-0.027008153719202423,4.259023737167599
227.1,0.0641634584483152,-0.02681302185666215,4.413758872532731
227.11,0.0638962955417789,-0.02661989219520817,4.513461947620105
227.12,0.0636310539783989,-0.026428749715064436,4.67512937550522
227.13,0.0633677139559127,-0.026239585430577635,4.790301600120861
227.14,0.0631062557271933,-0.02605238473840655,4.843441479197925
227.15,0.0628466597838035,-0.025867126415413805,4.971789368813844
227.16,0.062588906770134,-0.02568379674791066,5.078353725043087
227.17,0.0623329774692879,-0.025502380422131692,5.235678308381302
227.18,0.0620788528208178,-0.025322866846906253,5.36196609046186
227.19,0.0618265138399297,-0.02514524181078439,5.420032798169078
227.2,0.0615759417568972,-0.024969484443543473,5.541263952479888
227.21,0.0613271179752172,-0.024795579706749935,5.662226674357392
227.22,0.061080024036343,-0.024623512852999255,5.78825476711075
227.23,0.0608346416403061,-0.02445326948249833,5.909505119332869
227.24,0.0605909526199683,-0.02428483446196879,6.000697979319119
227.25,0.0603489389821194,-0.024118189949824273,6.112044659559829
227.26,0.0601085829062856,-0.023953319759913855,6.218299012638049
227.27,0.0598698667248234,-0.023790207667030314,6.375654203091228
227.28,0.05963277293279,-0.023628841777788463,6.530718851070866
227.29,0.0593972841141982,-0.02346920945941154,6.579237974293305
227.3,0.0591633830346186,-0.023311289380927143,6.680882351105468
227.31,0.0589310526745816,-0.02315506443816932,6.822241221363055
227.32,0.0587002761415684,-0.02300052091630672,6.9414504371521275
227.33,0.0584710367023769,-0.02284764355472424,7.070155160823254
227.34,0.0582433177669378,-0.022696417539472907,7.166837891650105
227.35,0.0580171029041037,-0.022546825692365664,7.273417735869027
227.36,0.0577923758601196,-0.022398851585105132,7.391838388764709
227.37,0.0575691205309152,-0.022252479814271742,7.516664556787264
227.38,0.0573473209716424,-0.022107695617620306,7.659381793203447
227.39,0.0571269613739987,-0.021964485264356487,7.744073898675288
227.4,0.056908026078902,-0.021822831071525186,7.839367664650029
227.41,0.0566904996207148,-0.021682716129102497,7.96222173096649
227.42,0.0564743666739542,-0.02154412564599467,8.099582664420383
227.43,0.0562596120699086,-0.021407046228190108,8.298452946921342
227.44,0.0560462207499718,-0.021271467840283376,8.337667469238507
227.45,0.0558341777762384,-0.021137370376184995,8.396894923785181
227.46,0.0556234684654266,-0.021004735149361572,8.571699770793378
227.47,0.0554140782386892,-0.020873550669530245,8.681987567005793
227.48,0.0552059926675016,-0.020743801813718987,8.7619635621787
227.49,0.054999197473182,-0.02061547156519926,8.856990022772107
227.5,0.0547936785590153,-0.020488544086773253,9.005991306401379
227.51,0.0545894219586227,-0.02036300671499619,9.110963297632738
227.52,0.05438641384144,-0.020238844443427363,9.202702286801538
227.53,0.0541846405383792,-0.020116041485520285,9.282622075045222
227.54,0.0539840885302786,-0.019994582075075613,9.51800679910084
227.55,0.0537847444475939,-0.01987445847305315,9.593695337286867
227.56,0.0535865949641667,-0.019755654406619985,9.578315711982912
227.57,0.0533896270262504,-0.019638149180275143,9.756125986389387
227.58,0.053193827688325,-0.01952193191118752,9.85292961418475
227.59,0.0529991841424933,-0.019406988263345634,9.951295766397276
227.6,0.0528056837234524,-0.019293304129334363,10.124827511241406
227.61,0.0526133138988711,-0.01918086890669926,10.19108657161132
227.62,0.0524220622348675,-0.0190696669245057,10.235433145684386
227.63,0.052231916502618,-0.018959681698892464,10.383241291465453
227.64,0.0520428645843683,-0.01885090163319259,10.472662264834502
227.65,0.0518548944987446,-0.01874331286185419,10.57713800679147
227.66,0.0516679943998634,-0.018636902230528368,10.688096496996328
227.67,0.0514821525700013,-0.01853165697016599,10.769839560175207
227.68,0.0512973574220853,-0.01842756318115741,10.855889116251307
227.69,0.0511135975129397,-0.01832460730996193,10.959240145108403
227.7,0.0509308615251095,-0.01822277670159439,11.04983673701002
227.71,0.0507491382713903,-0.018122058350355612,11.136863186594315
227.72,0.0505684166938814,-0.018022439237558367,11.224243249329076
227.73,0.0503886858651576,-0.017923906531566496,11.314531921223479
227.74,0.0502099349837549,-0.017826447676689193,11.398894845951528
227.75,0.0500321533741663,-0.01773005004875409,11.481172163664422
227.76,0.0498553304871537,-0.017634701087944987,11.556088280953958
227.77,0.0496794558981985,-0.01754038821718754,11.669766829758824
227.78,0.0495045193065659,-0.017447100396649682,11.738908053523028
227.79,0.0493305105155264,-0.01735482506676258,11.786528250213795
227.8,0.0491574194733749,-0.0172635490745204,11.882405117911492
227.81,0.048985236240682,-0.01717326113763364,11.952694596293732
227.82,0.0488139509967531,-0.0170839493248492,12.024801450532909
227.83,0.048643554039068,-0.016995601947207273,12.12020130571562
227.84,0.0484740357794448,-0.016908208218338317,12.175632029472109
227.85,0.0483053867358805,-0.016821756141826724,12.223725947695074
227.86,0.0481375975574537,-0.016736233656369434,12.306004319035912
227.87,0.0479706590001584,-0.01665162998664635,12.36577765288196
227.88,0.0478045619324323,-0.016567933859047472,12.432650516949762
227.89,0.0476392973341069,-0.016485134368986652,12.501109163630755
227.9,0.0474748562921274,-0.016403220803487262,12.550547718571552
227.91,0.0473112300019976,-0.016322182015984153,12.60301486471936
227.92,0.0471484097719764,-0.016242007119624327,12.664056688355641
227.93,0.046986387014817,-0.016162685661326046,12.716881939677014
227.94,0.0468251532490375,-0.01608420711112756,12.765142557929135
227.95,0.0466647000978455,-0.016006560957883276,12.813908508213794
227.96,0.0465050192895397,-0.015929736875073347,12.864723929000382
227.97,0.0463461026537806,-0.015853724756775014,12.909439899898313
227.98,0.0461879421215271,-0.015778514485709275,12.951878042448596
227.99,0.0460305297245577,-0.015704096047357632,13.003700669307321
228.0,0.0458738575940416,-0.015630459734420774,12.988352787032543
228.01,0.0457179179595795,-0.015557594257059893,13.042232131853373
228.02,0.045562703169832,-0.01548549039624853,13.121121646509648
228.03,0.0454082056417281,-0.015414139736158173,13.117537044439853
228.04,0.0452544178987802,-0.015343531869854422,13.151870123274891
228.05,0.0451013325595041,-0.015273657436049894,13.178222476279853
228.06,0.0449489423364225,-0.015204507079477684,13.201487119337969
228.07,0.0447972400351925,-0.015136071516828945,13.224625918186362
228.08,0.0446462185538247,-0.015068341615279552,13.245852451374619
228.09,0.0444958708807412,-0.015001308345945034,13.263269075441896
228.1,0.0443461900946457,-0.014934962735935371,13.278512941455528
228.11,0.0441971693632739,-0.014869295916458634,13.297297938768953
228.12,0.0440488019423985,-0.014804299257087258,13.315152625492699
228.13,0.0439010811727386,-0.014739964236285853,13.31793383251182
228.14,0.0437540004812138,-0.014676282122684226,13.324283523553577
228.15,0.0436075533821506,-0.014613244411629776,13.33559881517276
228.16,0.0434617334724166,-0.014550842864372086,13.342744122276342
228.17,0.0433165344317566,-0.014489069277165019,13.339179184947708
228.18,0.0431719500217864,-0.014427915278125761,13.294198628595131
228.19,0.0430279740903688,-0.014367371804302418,13.32518357626656
228.2,0.0428846005746893,-0.014307431615135913,13.35384127370348
228.21,0.0427418234714961,-0.01424808754725415,13.315233254956883
228.22,0.0425996368646211,-0.014189331129313826,13.313017208310397
228.23,0.0424580349154937,-0.014131154735849983,13.312345789479354
228.24,0.0423170118621878,-0.014073550829872956,13.218715240983887
228.25,0.0421765620203317,-0.014016510191640932,13.238559293283855
228.26,0.0420366798029099,-0.013960026096672696,13.2866644854194
228.27,0.0418973596642674,-0.013904092503013872,13.212300191894759
228.28,0.0417585961452741,-0.013848701060258328,13.198557288030651
228.29,0.041620383859607,-0.013793844639238436,13.179249487155944
228.3,0.0414827174928577,-0.013739516157128321,13.127043486166055
228.31,0.0413455918016448,-0.013685708033269196,13.103325969230893
228.32,0.0412090016204319,-0.01363241337624943,13.098148228927894
228.33,0.0410729418441929,-0.013579625764431787,13.05296935619314
228.34,0.0409374074383924,-0.013527338148016228,13.018425170720965
228.35,0.0408023934370606,-0.013475543762161632,12.988224560209193
228.36,0.0406678949411355,-0.013424236021076716,12.92987660818458
228.37,0.0405339071175971,-0.013373407944416531,12.881953435374628
228.38,0.0404004252052136,-0.013323052884978958,12.868729067754076
228.39,0.0402674445030154,-0.01327316493298676,12.82528631278711
228.4,0.0401349603706794,-0.013223737755475747,12.771791283736714
228.41,0.0400029682332819,-0.013174764930697948,12.73505433418103
228.42,0.0398714635780027,-0.01312624039199346,12.662156925115902
228.43,0.0397404419532855,-0.01307815751992707,12.558651681226163
228.44,0.0396098989777474,-0.01303050936416611,12.5644307273436
228.45,0.0394798303336308,-0.01298329095227423,12.54263926555249
228.46,0.039350231744465,-0.012936496950729723,12.44618726238888
228.47,0.0392210990012992,-0.012890120858492667,12.398691154209095
228.48,0.0390924279531822,-0.012844157019051746,12.338404891550672
228.49,0.0389642145063875,-0.012798599633809886,12.20749739035862
228.5,0.0388364546274576,-0.012753441935059798,12.186146254321583
228.51,0.0387091443515596,-0.012708679036311487,12.175128550516751
228.52,0.0385822797467662,-0.012664306303734017,12.060529829047644
228.53,0.0384558569452137,-0.012620317563440005,12.000604431211118
228.54,0.0383298721331385,-0.012576707519488622,11.94093694976533
228.55,0.0382043215501508,-0.012533470960474486,11.818464472971515
228.56,0.0380792014886016,-0.012490601848137602,11.770779710300662
228.57,0.0379545083041754,-0.012448095389485289,11.742926634572024
228.58,0.0378302383871118,-0.012405947169423157,11.632279130127044
228.59,0.0377063881849707,-0.012364151627141813,11.563845920570921
228.6,0.0375829541952948,-0.012322703855259983,11.487827484617519
228.61,0.0374599329648964,-0.012281598962233497,11.425190794473606
228.62,0.0373373210891486,-0.012240832260090699,11.29172211913336
228.63,0.0372151152112691,-0.0122003980714275,11.136173887498
228.64,0.0370933120374873,-0.012160290612635873,11.170451185125833
228.65,0.0369719083201773,-0.012120506911265292,11.128951464095255
228.66,0.0368509008339305,-0.012081042999889947,10.976658461696378
228.67,0.0367302864121665,-0.01204189337228485,10.905497035529736
228.68,0.0366100619333877,-0.012003053662687965,10.819119084294721
228.69,0.0364902243205091,-0.011964519463090729,10.781339482739835
228.7,0.0363707705401938,-0.011926286843219846,10.444277823439434
228.71,0.0362516976021862,-0.01188834808483457,10.44970922299704
228.72,0.0361330026079909,-0.011850700256546786,10.58424807049614
228.73,0.036014682633066,-0.011813342205044843,10.329624981790214
228.74,0.0358967348180178,-0.011776267712979537,10.252929245611085
228.75,0.0357791563470068,-0.011739472733490106,10.1606442910917
228.76,0.0356619444450748,-0.011702953225892269,10.078150291050298
228.77,0.0355450963775408,-0.011666705289149702,9.94291681761127
228.78,0.0354286094493969,-0.011630724348281909,9.75941826956366
228.79,0.0353124810162816,-0.01159500538948181,9.76830931015004
228.8,0.035196708476795,-0.011559545934123536,9.725698983966305
228.81,0.0350812892434634,-0.011524342914503936,9.552869861130022
228.82,0.0349662207789461,-0.01148939165111299,9.467510049384636
228.83,0.0348515005832309,-0.011454688541366668,9.367605557443998
228.84,0.0347371261930686,-0.01142022993724483,9.292439497739782
228.85,0.0346230951814074,-0.011386012432094163,9.069779004591162
228.86,0.0345094051568275,-0.01135203096142076,9.004281303811888
228.87,0.0343960537851534,-0.011318282468113517,9.02162501388648
228.88,0.0342830387384071,-0.011284764941220268,8.849363774474435
228.89,0.0341703577302178,-0.011251474178944749,8.74696718883311
228.9,0.0340580085102891,-0.011218406751301035,8.647008010242308
228.91,0.0339459888616828,-0.011185559367457923,8.55913296099643
228.92,0.0338342966002832,-0.011152928883002266,8.412769999683896
228.93,0.0337229295742655,-0.011120511420923952,8.152519995911183
228.94,0.033611885676911,-0.01108830200651778,8.20290304925074
228.95,0.0335011628452161,-0.011056299314732577,8.205417790109014
228.96,0.0333907590086701,-0.011024501523883116,7.972869778962263
228.97,0.0332806721461062,-0.010992904162018292,7.888741572430129
228.98,0.0331709002668978,-0.010961504351698556,7.780873929230205
228.99,0.0330614414104799,-0.010930299111041401,7.712076357239407
229.0,0.0329522936458635,-0.010899285768902964,7.416325114946824
229.01,0.0328434550711568,-0.010868459296644456,7.34082665837883
229.02,0.0327349238445814,-0.010837817206697046,7.427817926419961
229.03,0.0326266981158204,-0.010807358824601402,7.226534785758069
229.04,0.0325187760679759,-0.010777080427590811,7.099684342830991
229.05,0.032411155917265,-0.010746978981588697,6.995923886606415
229.06,0.0323038359074491,-0.010717051796855365,6.891290526074166
229.07,0.0321968143093966,-0.010687296218749148,6.771038892141365
229.08,0.0320900894206514,-0.010657709417267725,6.588177936329646
229.09,0.0319836595691333,-0.01062828801178557,6.542794664012357
229.1,0.0318775231154148,-0.010599030108185126,6.488101906297884
229.11,0.0317716784289181,-0.010569933753056619,6.320643762477494
229.12,0.031666123911912,-0.010540995860027226,6.222262888820832
229.13,0.0315608579914777,-0.010512214032025863,6.113599577117843
229.14,0.0314558791190949,-0.010483585850047487,6.0191580142322785
229.15,0.0313511857702244,-0.010455109025394224,5.86155483125167
229.16,0.0312467764438913,-0.01042678062510265,5.659327412737108
229.17,0.0311426496728962,-0.010398597405640933,5.674848286768653
229.18,0.0310388040154816,-0.010370558339959883,5.624172731310521
229.19,0.0309352380316237,-0.010342661785210708,5.433070284202123
229.2,0.0308319503145065,-0.010314904715151505,5.3408026238949065
229.21,0.0307289394793207,-0.010287285038617564,5.2327200879759115
229.22,0.0306262041628758,-0.010259800613144262,5.159432445455114
229.23,0.0305237430232122,-0.010232449542456827,4.904686494844066
229.24,0.0304215547392158,-0.010205228210618974,4.69843305409594
229.25,0.0303196380351355,-0.010178133644159003,4.831183883098855
229.26,0.0302179916435365,-0.010151166137500108,4.748843495839402
229.27,0.0301166142950769,-0.01012432400443591,4.530160003143799
229.28,0.030015504755247,-0.01009760420363747,4.442402910346281
229.29,0.0299146618093518,-0.010071004892928058,4.333050166901171
229.3,0.0298140842621722,-0.010044524141445809,4.251480213997296
229.31,0.0297137709376299,-0.010018160204756845,4.018457273463546
229.32,0.0296137206784453,-0.009991910012057455,3.897743095284026
229.33,0.0295139323641074,-0.009965771613480636,3.945964896537255
229.34,0.0294144048754391,-0.009939744624116864,3.8047972534859165
229.35,0.029315137107198,-0.009913826993725896,3.6577377376824765
229.36,0.0292161279780641,-0.009888016558493145,3.559386865236079
229.37,0.0291173764243545,-0.00986231162017828,3.452763737152923
229.38,0.0290188813997103,-0.009836710461790053,3.3551115889141148
229.39,0.028920641874789,-0.009811211440235047,3.2109586858689667
229.4,0.0288226568369549,-0.009785812546218072,3.115573996940117
229.41,0.0287249252951395,-0.00976051223159326,3.0523375344725285
229.42,0.0286274462680605,-0.009735309250419294,2.92911590646965
229.43,0.028530218791425,-0.009710201866840937,2.824639749916204
229.44,0.0284332419172892,-0.009685188502165891,2.7248866736617314
229.45,0.02833651471299,-0.009660267649939965,2.623000190017306
229.46,0.0282400362608404,-0.009635437827664023,2.572160742628872
229.47,0.0281438056578274,-0.009610697843980982,2.2123327223565616
229.48,0.0280478220153081,-0.00958604407636186,2.2247155602549333
229.49,0.0279520844900093,-0.00956147607499728,2.351794748449043
229.5,0.027856592207459,-0.0095369943580026,2.0730228378265227
229.51,0.0277613443240343,-0.009512596140648366,1.997754740441656
229.52,0.0276663400104684,-0.009488280166929156,1.8991742422581146
229.53,0.0275715784509623,-0.00946404510873174,1.805609663469994
229.54,0.0274770588429145,-0.00943988969384924,1.7408455699053111
229.55,0.0273827803966509,-0.009415812704646812,1.2925134230239819
229.56,0.0272887423392391,-0.009391810057642405,1.3930604945085214
229.57,0.0271949439461167,-0.009367882133040888,1.5797157196373064
229.58,0.027101384445558,-0.009344030010920042,1.222348726909943
229.59,0.027008063103167,-0.009320250498615618,1.1643320095020069
229.6,0.0269149791969519,-0.009296542572730914,1.0632911043616085
229.61,0.0268221320171018,-0.00927290502628006,0.9659586349354099
229.62,0.0267295208657641,-0.009249336681700897,0.8659689674157653
229.63,0.0266371450568182,-0.009225836344831703,0.7427619804424953
229.64,0.0265450039164872,-0.009202402675317507,0.6668322279732919
229.65,0.0264530967842664,-0.009179034715930175,0.5906572541996323
229.66,0.0263614230063878,-0.009155731523636645,0.47493213469298184
229.67,0.0262699819419346,-0.009132491869105839,0.3840293627310826
229.68,0.0261787729606692,-0.009109314711836913,0.2904680833942657
229.69,0.0260877954428103,-0.009086199017175098,0.19828054959203326
229.7,0.0259970487788138,-0.009063143772407533,0.0998237256342628
229.71,0.0259065323691524,-0.00904014795354002,0.047583781699653806
229.72,0.0258162456240949,-0.009017210874769204,-0.05913245153101169
229.73,0.0257261879594839,-0.008994331457794099,-0.17974669882540437
229.74,0.0256363588064381,-0.00897150853723571,-0.23922614129634437
229.75,0.0255467576028333,-0.008948741404024053,-0.32856708194234857
229.76,0.0254573837953584,-0.008926029167167684,-0.4125423490954848
229.77,0.0253682368393292,-0.008903370974804153,-0.49824527377295963
229.78,0.0252793161984654,-0.008880765997778314,-0.5158713410073794
229.79,0.0251906213446658,-0.008858213730588392,-0.925402146903073
229.8,0.0251021517577846,-0.008835710975239944,-1.0113897115093038
229.81,0.0250139069615534,-0.008813256965419132,-0.7063445868798106
229.82,0.024925886450595,-0.008790853716193325,-0.9026400583713972
229.83,0.0248380897229993,-0.00876849977128009,-1.072060094482042
229.84,0.024750516295295,-0.00874619369766079,-1.1376370633603698
229.85,0.024663165691707,-0.008723934822790828,-1.2238519933620735
229.86,0.0245760374439759,-0.008701722403913476,-1.262528133890689
229.87,0.0244891310911814,-0.008679555923287447,-1.5335637682012468
229.88,0.0244024461795598,-0.008657433218030829,-1.8737604042020999
229.89,0.0243159822871727,-0.008635351871272463,-1.5606374033229207
229.9,0.02422973899807,-0.008613313938450896,-1.5132224161623968
229.91,0.0241437158638157,-0.008591319712984165,-1.8465466245439495
229.92,0.0240579124653179,-0.008569366849859138,-1.8931108787136988
229.93,0.023972328390714,-0.008547454815941777,-1.9827906246195925
229.94,0.0238869632352395,-0.00852558290776933,-2.0945110867778585
229.95,0.0238018166011015,-0.008503750309584845,-2.1649397665835894
229.96,0.0237168880973502,-0.008481956793625635,-1.529787423384644
229.97,0.0236321773247498,-0.008460206382800671,-2.12469057631622
229.98,0.023547683839661,-0.008438495024270874,-2.7566295542157957
229.99,0.023463407305524,-0.00841681843567997,-2.2693368043644755
230.0,0.0233793473464563,-0.008395179560571609,-2.4276235654734606
230.01,0.0232955035913938,-0.008373577557719072,-2.4883668147756266
230.02,0.023211875673888,-0.008352011975670844,-2.5615507343343977
230.03,0.0231284632319039,-0.008330482383190856,-2.391974847405182
230.04,0.0230452659076176,-0.008308989311945892,-3.714578654420931
230.05,0.0229622833472135,-0.0082875244316917,-3.2700419383711337
230.06,0.0228795153137983,-0.008266090640803489,-2.2169208016919786
230.07,0.0227969614131525,-0.008244694618278307,-3.1367589232034008
230.08,0.022714621312026,-0.008223330951214233,-3.1353047339981024
230.09,0.0226324946872285,-0.008201999310914991,-3.2099973069586616
230.1,0.022550581220552,-0.008180699245666513,-3.2863597553281263
230.11,0.0224688805986703,-0.00815943027219999,-3.4318973410361098
230.12,0.0223873925130404,-0.008138191648350153,-3.1705685963041264
230.13,0.0223061166597997,-0.008116985038104959,-3.200630366277159
230.14,0.0222250527073892,-0.008095810232736495,-3.699641982367795
230.15,0.0221442003580333,-0.00807466421278184,-3.6834219536801744
230.16,0.0220635593268376,-0.008053547002295047,-3.630309102227888
230.17,0.0219831293209207,-0.008032459005178951,-3.7180600552134906
230.18,0.0219029100507638,-0.008011399796738409,-3.7812728985372646
230.19,0.0218229012300644,-0.007990369062385797,-3.799782318216407
230.2,0.0217431025755958,-0.007969366676950236,-4.025929403683486
230.21,0.021663513807063,-0.00794839121044403,-4.457675788358298
230.22,0.0215841346679866,-0.007927440242879875,-4.141102954177387
230.23,0.0215049649144441,-0.007906515703974288,-3.9990005449879265
230.24,0.0214260042637902,-0.007885618556385926,-4.361157596173476
230.25,0.0213472524579687,-0.007864746841520966,-4.389150768677587
230.26,0.0212687092429497,-0.007843900329234835,-4.6137486077103365
230.27,0.0211903743687026,-0.00782307810516759,-3.9605864774526833
230.28,0.0211122475891696,-0.00780228397312272,-4.153579346683498
230.29,0.021034328600348,-0.00778151689457002,-4.9164611305936985
230.3,0.0209566171728876,-0.007760772663419098,-4.606246395597435
230.31,0.020879113065795,-0.007740052926836702,-4.6230919164906155
230.32,0.0208018160323559,-0.007719357847108237,-4.656619151763191
230.33,0.0207247258273148,-0.0076986873419565794,-4.771520343495262
230.34,0.020647842206699,-0.007678040698730782,-5.330587342834865
230.35,0.0205711649415746,-0.007657415020060945,-5.020401012108706
230.36,0.020494693830282,-0.007636812141038115,-4.7252829408292225
230.37,0.0204184286183861,-0.007616233834195167,-5.159301876299133
230.38,0.0203423690781156,-0.007595677971969968,-5.193083095242166
230.39,0.0202665149843468,-0.007575144408767352,-5.168158801063343
230.4,0.020190866114604,-0.007554633461411895,-5.134748557200766
230.41,0.0201154222393454,-0.007534145418609198,-5.374384198414622
230.42,0.0200401831334738,-0.007513679133751457,-5.490524934344926
230.43,0.0199651485855383,-0.00749323409416682,-5.467501032862278
230.44,0.0198903183801974,-0.007472810524290803,-5.646579457971087
230.45,0.0198156923044342,-0.007452407827328311,-5.2451707668039464
230.46,0.0197412701475559,-0.007432028262931561,-5.298479638986188
230.47,0.0196670516636857,-0.007411671668881587,-5.874867069081604
230.48,0.0195930366457612,-0.00739133522012113,-5.778745589973837
230.49,0.0195192248903424,-0.007371019436082429,-5.752911384426189
230.5,0.019445616187224,-0.007350724666099097,-5.80776640001421
230.51,0.019372210327718,-0.0073304507746134225,-6.017771528818805
230.52,0.0192990071046979,-0.007310196870774152,-6.023803348058581
230.53,0.0192260063230872,-0.007289963091669227,-5.965347160798021
230.54,0.0191532077746705,-0.0072697498942848595,-6.129500305846758
230.55,0.0190806112584991,-0.007249556661067502,-6.197534374494847
230.56,0.0190082165753073,-0.007229383210293391,-6.244391211699202
230.57,0.0189360235275097,-0.007209229622728216,-5.908590535431037
230.58,0.0188640319119905,-0.007189097675976575,-6.233898417168516
230.59,0.0187922415066921,-0.007168985950523529,-6.600255466180152
230.6,0.0187206521298837,-0.0071488928271307385,-6.376615397197053
230.61,0.0186492635847181,-0.007128819468323229,-6.541567284888261
230.62,0.0185780756754542,-0.007108765440850112,-6.358308799526067
230.63,0.0185070882074549,-0.0070887319285823855,-6.04634612107401
230.64,0.0184363009646801,-0.00706872055118591,-6.577774898081452
230.65,0.0183657137299552,-0.0070487289799224416,-6.8277872155758965
230.66,0.0182953263215989,-0.007028756159866591,-6.583217275219437
230.67,0.018225138540396,-0.007008803396628289,-6.605648803460095
230.68,0.0181551501873905,-0.006988870749660125,-7.039801569319923
230.69,0.0180853610638834,-0.006968956362320203,-7.163358846268864
230.7,0.0180157709994573,-0.006949059896165881,-6.767746636252961
230.71,0.0179463798004088,-0.006929183365155835,-6.914430919588238
230.72,0.0178771872671336,-0.006909326397139925,-7.0838340102331285
230.73,0.0178081932091125,-0.0068894883670915855,-7.280308639793325
230.74,0.0177393974367437,-0.006869668808010191,-6.512599525747081
230.75,0.0176707997613406,-0.006849871318199309,-6.8418931805994925
230.76,0.0176023999419196,-0.006830094611270007,-7.6271842556199125
230.77,0.0175341978087036,-0.006810335418407464,-7.17011227314156
230.78,0.0174661931690001,-0.006790595782379168,-7.2712899868345175
230.79,0.0173983858281935,-0.0067708756133391095,-7.331864990749244
230.8,0.0173307755917243,-0.0067511748927990365,-7.259410657549938
230.81,0.0172633622640979,-0.0067314941394051,-7.373717191091258
230.82,0.0171961456433712,-0.00671183307370075,-7.521163302486216
230.83,0.0171291255380973,-0.006692191277866619,-7.4863898707131575
230.84,0.0170623017525636,-0.006672569092017536,-7.5622709797206875
230.85,0.0169956740909811,-0.006652966450725831,-7.572544203407765
230.86,0.0169292423574837,-0.006633383580883333,-7.446606372440019
230.87,0.0168630063515452,-0.006613821215267537,-7.640767984713021
230.88,0.0167969658667824,-0.006594278760522407,-7.809823668867324
230.89,0.0167311207112028,-0.006574755722726661,-7.727657604290352
230.9,0.0166654706860072,-0.006555252635134963,-7.804182544175868
230.91,0.0166000155920708,-0.0065357694532015495,-7.8128128985464835
230.92,0.0165347552299426,-0.00651630637583606,-7.820347714363213
230.93,0.0164696893970702,-0.006496863593010028,-7.930699142020826
230.94,0.0164048178911027,-0.0064774408840866625,-7.994393865049255
230.95,0.0163401405125128,-0.006458038210860965,-8.00596899066583
230.96,0.0162756570595738,-0.006438655745999155,-8.087452934068736
230.97,0.0162113673301423,-0.006419293442239011,-7.989821545689549
230.98,0.0161472711216586,-0.006399951924110966,-8.014623134761266
230.99,0.0160833682222599,-0.00638063131363596,-8.226803212400354
231.0,0.0160196584274079,-0.006361331009728898,-8.23561400955867
231.01,0.015956141533773,-0.006342051178303358,-8.239233825928071
231.02,0.0158928173349309,-0.006322792040799365,-8.32079590960714
231.03,0.0158296856238403,-0.0063035535662233095,-8.207450367779092
231.04,0.0157667461928422,-0.006284336412314996,-8.293511982334898
231.05,0.0157039988250102,-0.006265140478714255,-8.478682242893932
231.06,0.0156414433137679,-0.006245965297764153,-8.430899497760626
231.07,0.0155790794486916,-0.00622681125150741,-8.478010972316774
231.08,0.0155169070180251,-0.006207678416537561,-8.537278461940495
231.09,0.0154549258092487,-0.006188566848790792,-8.408076544680819
231.1,0.0153931356082092,-0.006169477245364187,-8.53676784043669
231.11,0.0153315361920193,-0.006150409361798444,-8.715913407625022
231.12,0.0152701273496336,-0.006131362773987374,-8.63715854001723
231.13,0.0152089088640597,-0.006112337972228316,-8.69488317903404
231.14,0.0151478805174109,-0.006093335003905893,-8.761629267609708
231.15,0.0150870420909051,-0.006074353895719149,-8.651361886216716
231.16,0.0150263933648655,-0.0060553952650759,-8.750340619953056
231.17,0.0149659341111828,-0.0060364589896650155,-8.917156625331543
231.18,0.0149056641114416,-0.006017544713808248,-8.85557410874285
231.19,0.0148455831422737,-0.00599865286081587,-8.907794175740829
231.2,0.0147856909792497,-0.00597978350104169,-8.959715015794854
231.21,0.0147259873969455,-0.005960936702426627,-8.923978644648031
231.22,0.014666472168941,-0.005942112819454111,-8.977501314633288
231.23,0.0146071450640953,-0.005923311897784954,-9.087146919896215
231.24,0.0145480058547826,-0.005904533795232532,-9.08629429760706
231.25,0.0144890543114125,-0.0058857787337157404,-9.119149261764507
231.26,0.0144302902029065,-0.005867046836349133,-9.197369837049209
231.27,0.0143717132971324,-0.005848338119635915,-9.03415721592891
231.28,0.0143133233609037,-0.005829653367201638,-9.05703355833226
231.29,0.0142551201497464,-0.005810992721910855,-9.31987306850284
231.3,0.0141971034278827,-0.005792355546471714,-9.29207666865106
231.31,0.0141392729595937,-0.005773742127121726,-9.277544964845816
231.32,0.0140816285052587,-0.005755152754358377,-9.32370008678402
231.33,0.014024169824009,-0.005736587523360035,-9.338671136076474
231.34,0.0139668966737281,-0.005718046615827401,-9.362480278950613
231.35,0.0139098088101521,-0.005699530182553427,-9.418324833134704
231.36,0.0138529059883028,-0.005681038273492624,-9.450739626485461
231.37,0.013796187962513,-0.005662571010371596,-9.474090956936324
231.38,0.0137396544854344,-0.005644128548974147,-9.491007742225904
231.39,0.0136833053084495,-0.005625711047630818,-9.59490511751251
231.4,0.0136271401816717,-0.005607318387246653,-9.719834365640015
231.41,0.0135711588581271,-0.005588950417054973,-9.617380355050386
231.42,0.0135153610893248,-0.0055706076779192225,-9.605732908889365
231.43,0.0134597466197209,-0.0055522904423849165,-9.71979000915873
231.44,0.0134043151957724,-0.005533998592070896,-9.755668668374902
231.45,0.0133490665627941,-0.0055157322372450185,-9.741099539267887
231.46,0.0132940004649589,-0.005497491678109927,-9.616076707443083
231.47,0.0132391166416823,-0.005479277493619968,-9.803068669852369
231.48,0.0131844148282512,-0.005461089346039183,-9.941358031165102
231.49,0.0131298947683669,-0.005442927035947606,-9.848545616325762
231.5,0.0130755561999604,-0.005424791034717485,-9.907390477980647
231.51,0.0130213988596696,-0.0054066814174341124,-9.92357451035022
231.52,0.0129674224828389,-0.005388598388325833,-9.77146120143033
231.53,0.012913626801487,-0.0053705425879475455,-9.925903031355242
231.54,0.0128600115410987,-0.005352513787278251,-10.089762788528716
231.55,0.0128065764363017,-0.005334511730455012,-9.983847373555491
231.56,0.0127533212158299,-0.005316536908785011,-10.027677332024087
231.57,0.0127002456069912,-0.00529858943710424,-10.032005773117021
231.58,0.0126473493356689,-0.005280669464679105,-10.315752874473874
231.59,0.0125946321274662,-0.005262776433539949,-10.20652456677801
231.6,0.0125420937153914,-0.005244910859917536,-10.026549985413745
231.61,0.012489733816796,-0.005227073447698266,-10.235766599823435
231.62,0.0124375521534974,-0.005209263869660873,-10.235694271916195
231.63,0.012385548446038,-0.005191482301010884,-10.276919947237497
231.64,0.0123337224136867,-0.005173728851063283,-10.246389910582138
231.65,0.0122820737744317,-0.00515600380295504,-10.29950875237751
231.66,0.0122306022427746,-0.005138307218809221,-10.377734532200348
231.67,0.0121793075350958,-0.0051206390960532,-10.364975630719435
231.68,0.0121281893652566,-0.0051029996625124915,-10.398380205907316
231.69,0.0120772474458141,-0.005085389038416701,-10.431226752651868
231.7,0.0120264814880225,-0.0050678073440583084,-10.425729587772668
231.71,0.011975891201833,-0.005050254792041536,-10.459613098272575
231.72,0.0119254762946948,-0.005032731493097443,-10.51630228601337
231.73,0.0118752364742375,-0.005015237500678351,-10.524356055165805
231.74,0.0118251714464302,-0.004997772986398373,-10.54976008212826
231.75,0.0117752809157976,-0.004980338086720051,-10.554989556307522
231.76,0.0117255645855434,-0.004962932965096578,-10.68308829342289
231.77,0.0116760221575495,-0.004945557495314128,-10.710865610143593
231.78,0.011626653336257,-0.004928211805424234,-10.621209044096867
231.79,0.0115774578209441,-0.00491089630494421,-10.682040100543846
231.8,0.0115284353093511,-0.004893611048962455,-10.729471884684806
231.81,0.0114795854988956,-0.0048763561060342275,-10.746832470005016
231.82,0.0114309080857445,-0.004859131614667571,-10.790550477124674
231.83,0.0113824027648154,-0.004841937655613256,-10.823672634691691
231.84,0.0113340692304696,-0.00482477433641422,-10.824527685607713
231.85,0.01128590717537,-0.004807641838701635,-10.850030747048171
231.86,0.011237916290551,-0.004790540287640816,-10.88386043048278
231.87,0.0111900962661108,-0.004773469786015069,-10.904864114722331
231.88,0.0111424467909129,-0.004756430462657507,-10.937220365164025
231.89,0.011094967552587,-0.0047394224206249716,-10.972402934494673
231.9,0.0110476582378795,-0.004722445758189144,-10.982444007750145
231.91,0.0110005185323186,-0.004705500629101717,-11.001388626269298
231.92,0.0109535481197484,-0.004688587168623331,-11.018961960414307
231.93,0.0109067466830304,-0.004671705502827354,-11.092568951877155
231.94,0.0108601139038087,-0.004654855617669193,-11.259515720315013
231.95,0.0108136494651403,-0.004638037324168433,-11.159596596577387
231.96,0.0107673530507479,-0.004621251011350719,-11.098336662968464
231.97,0.0107212243374442,-0.004604496988097473,-11.223710164317394
231.98,0.010675263003602,-0.004587775161391782,-11.240782476372676
231.99,0.0106294687265448,-0.00457108564181582,-11.304408597163118
232.0,0.0105838411829197,-0.004554428461669965,-11.309897304062634
232.01,0.0105383800490037,-0.004537803773203379,-11.313880638498734
232.02,0.0104930849986736,-0.004521211730870867,-11.369670908072104
232.03,0.0104479557053604,-0.004504652384152598,-11.39354472714688
232.04,0.0104029918414778,-0.0044881258620634405,-11.271485688404946
232.05,0.0103581930775356,-0.00447163256976499,-11.374049782770655
232.06,0.0103135590795228,-0.004455172454648375,-11.510156460223875
232.07,0.0102690895180922,-0.004438745396339962,-11.434049785835382
232.08,0.0102247840604884,-0.004422351691174134,-11.461425026375789
232.09,0.0101806423728212,-0.0044059914393582205,-11.570130846365497
232.1,0.0101366641202957,-0.004389664579919061,-11.554281389554552
232.11,0.0100928489692736,-0.004373371297145063,-11.504881294177538
232.12,0.0100491965816979,-0.0043571118387107765,-11.586153835921394
232.13,0.0100057066196962,-0.004340886211621637,-11.507911356872592
232.14,0.0099623787443218,-0.004324694642316652,-12.036158522505124
232.15,0.0099192126156594,-0.004308536278069958,-11.893038480520216
232.16,0.0098762079064815,-0.004292411541454977,-11.505937919843458
232.17,0.0098333642703422,-0.004276321304975108,-11.858122665692246
232.18,0.0097906813667588,-0.004260265099320056,-11.785748632029058
232.19,0.0097481588544748,-0.0042442431253632805,-12.119441980673336
232.2,0.0097057963914607,-0.0042282549099816515,-12.100087030602994
232.21,0.009663593643001,-0.004212300630879098,-11.872077527116582
232.22,0.0096215502641662,-0.0041963808399024995,-12.062186082982297
232.23,0.0095796659118243,-0.004180495342732599,-12.241951577861695
232.24,0.0095379402428354,-0.004164644021029191,-11.563823685362157
232.25,0.0094963729134825,-0.004148828233985893,-11.58705415502901
232.26,0.0094549635599553,-0.004133048059898221,-12.33008650494719
232.27,0.0094137118368618,-0.004117302322719082,-12.08569890798901
232.28,0.0093726173970576,-0.004101591523740873,-11.962847071242754
232.29,0.0093316798890272,-0.004085916011747499,-12.213217902496178
232.3,0.0092908989601274,-0.004070275480747545,-12.33139298910545
232.31,0.0092502742628299,-0.004054669856699212,-12.123225423966126
232.32,0.0092098054451689,-0.0040390996245124695,-12.082519693572772
232.33,0.0091694921521631,-0.0040235649534291675,-12.510471592587004
232.34,0.0091293340297345,-0.004008065186354975,-12.992092040201088
232.35,0.0090893307337662,-0.0039925996384275984,-12.571104940702273
232.36,0.0090494819203563,-0.003977169119480908,-12.461984566895028
232.37,0.0090097872337488,-0.003961773962290853,-12.739314365832183
232.38,0.008970246323933,-0.003946413879569923,-12.478696184120718
232.39,0.0089308588378547,-0.003931089375171603,-12.7192828260771
232.4,0.0088916244187519,-0.003915800176683358,-12.989444821804867
232.41,0.0088525427173206,-0.003900545969150775,-12.86783003128216
232.42,0.0088136133808622,-0.0038853271672058412,-11.824946195643275
232.43,0.0087748360510352,-0.0038701455347817395,-12.289655874168561
232.44,0.0087362103485334,-0.003855000462002489,-13.089759310318225
232.45,0.008697735922864,-0.003839890832518254,-12.212218392809708
232.46,0.0086594124109329,-0.0038248178718333376,-13.93707845984585
232.47,0.0086212394501334,-0.0038097791303858767,-13.523533814586576
232.48,0.0085832167113086,-0.0037947753423199677,-12.297139708439131
232.49,0.0085453438215159,-0.0037798084503632883,-13.324668575846482
232.5,0.0085076204230713,-0.0037648771562083403,-13.014333342799855
232.51,0.0084700461582786,-0.003749981940514256,-13.098735540819247
232.52,0.0084326206641552,-0.003735122788611709,-13.359897546673597
232.53,0.0083953435830488,-0.003720299424856607,-13.265343979801283
232.54,0.0083582145558663,-0.0037055120502607706,-13.532886101220221
232.55,0.0083212332229502,-0.0036907603791291937,-13.66381421112267
232.56,0.0082843992293977,-0.003676044325900847,-13.511172190558641
232.57,0.0082477122167955,-0.0036613642021133463,-13.651902083574269
232.58,0.0082111718257368,-0.003646719938287489,-13.611738488624974
232.59,0.0081747776979166,-0.0036321117034417063,-13.50112746724249
232.6,0.008138529470961,-0.0036175397419958757,-13.770409196146085
232.61,0.0081024267830021,-0.003603003781424939,-13.884956608546323
232.62,0.0080664692754603,-0.0035885037516517494,-13.830290745834585
232.63,0.008030656587682,-0.003574039821637448,-13.884640877992727
232.64,0.0079949883585984,-0.003559612023919939,-13.949965947221605
232.65,0.0079594642267034,-0.0035452203765308932,-13.838642361337829
232.66,0.0079240838305019,-0.0035308650428567154,-14.759013403393821
232.67,0.0078888468080937,-0.003516544893049989,-14.779017922909247
232.68,0.0078537528148636,-0.003502259985046546,-14.22783324452205
232.69,0.007818801488763,-0.0034880111132008697,-14.742247647792903
232.7,0.0077839924740619,-0.003473797754139198,-14.764989200287317
232.71,0.0077493254152642,-0.003459619930647499,-14.92863746322298
232.72,0.0077147999573699,-0.0034454775151958345,-15.270324565636404
232.73,0.0076804157469047,-0.0034313702902491862,-13.893235433518061
232.74,0.0076461724290094,-0.0034173000780358606,-14.185393983779505
232.75,0.0076120696232101,-0.003403266630751657,-15.12418265495707
232.76,0.0075781069771774,-0.003389268837827495,-15.105961925758317
232.77,0.0075442841279389,-0.003375306669583333,-15.97158860424431
232.78,0.0075106007273791,-0.0033613792157874862,-15.288142834390134
232.79,0.0074770564251737,-0.003347487370767492,-15.189063006231853
232.8,0.0074436508609503,-0.003333631353566696,-15.929856752375521
232.81,0.0074103836810006,-0.003319810378654155,-15.951880759480085
232.82,0.0073772545364223,-0.0033060244724616994,-15.943057613042656
232.83,0.0073442630743882,-0.003292273738244183,-16.120581193176328
232.84,0.0073114089447465,-0.003278558071168362,-16.194166291858405
232.85,0.0072786917961835,-0.0032648774600808044,-16.46740334561386
232.86,0.0072461112793249,-0.0032512316845166155,-16.57992965770402
232.87,0.0072136670462251,-0.003237620734537515,-16.23376196679284
232.88,0.0071813587472213,-0.0032240450908308524,-16.516938460848138
232.89,0.0071491860274992,-0.0032105045414233006,-16.748540206606638
232.9,0.0071171485404174,-0.003196998850299138,-17.524472281633354
232.91,0.0070852459367647,-0.0031835272084425256,-17.899854523786146
232.92,0.0070534778833812,-0.0031700893066691593,-17.285961651088435
232.93,0.0070218440362227,-0.003156685873558324,-17.832539498757775
232.94,0.0069903440528817,-0.003143316402708364,-18.711232310719584
232.95,0.0069589775975957,-0.0031299800036716893,-18.97067329955835
232.96,0.0069277443426902,-0.0031166765108775387,-18.421992548886365
232.97,0.0068966439551313,-0.003103406683499915,-17.70439045076406
232.98,0.0068656760944718,-0.003090171403734147,-18.403319436669594
232.99,0.0068348404138685,-0.003076970066565058,-18.92790850512395
233.0,0.0068041365810359,-0.0030638022369191575,-18.42499688795695
233.01,0.0067735642556319,-0.0030506685282066506,-18.280253545769867
233.02,0.0067431230970093,-0.003037569104680017,-20.151873451060677
233.03,0.0067128127650405,-0.003024502108902513,-21.1049260310522
233.04,0.0066826329488663,-0.0030114666642375052,-19.883296092826512
233.05,0.0066525833235562,-0.0029984639683674494,-21.466653153262275
233.06,0.0066226635648434,-0.0029854926001891867,-22.236674510511918
233.07,0.0065928733690614,-0.0029725518497516965,-22.36291966159085
233.08,0.0065632124249306,-0.002959641802930035,-20.900827401309165
233.09,0.006533680426224,-0.002946764018202534,-21.340310737786364
233.1,0.0065042770384958,-0.002933918192649995,-23.20478331916877
233.11,0.0064750019597673,-0.002921102781850804,-21.426380240041198
233.12,0.006445854876395,-0.0029083195110991373,-21.701995813174136
233.13,0.0064168354632397,-0.0028955682916341745,-22.86697176685361
233.14,0.0063879434076069,-0.00288284803294415,-24.890485692957334
233.15,0.0063591784044586,-0.0028701569530349504,-24.534048954494978
233.16,0.0063305401700995,-0.002857495439807558,-24.374718792601374
233.17,0.0063020283975447,-0.0028448636523641883,-27.220706667574138
233.18,0.0062736428050726,-0.0028322591824525263,-27.430873796385388
233.19,0.0062453831225271,-0.00281968194979082,-26.366962826875685
233.2,0.006217249071853,-0.002807133106448315,-26.344017334640746
233.21,0.0061892403657628,-0.002794612837060846,-28.116648345590033
233.22,0.006161356723732,-0.002782119796857433,-27.947758578597046
233.23,0.0061335978780064,-0.002769654272800853,-27.57972795652167
233.24,0.0061059635454247,-0.002757216748495857,-28.47909327232123
233.25,0.0060784534520405,-0.002744806592276668,-30.008623568125504
233.26,0.0060510673258243,-0.002732422639994127,-30.421726799183517
233.27,0.0060238049122764,-0.0027200647175858418,-29.72752407785898
233.28,0.0059966659441112,-0.0027077333978333044,-33.50811410204887
233.29,0.005969650164446,-0.0026954257547549664,-34.14366090360004
233.3,0.0059427573509211,-0.002683141373203368,-33.2805333792664
233.31,0.0059159872573262,-0.0026708811030916758,-34.92108324285529
233.32,0.0058893396519372,-0.0026586438761974193,-35.812368324616
233.33,0.0058628143049458,-0.002646429107139997,-36.96087663441799
233.34,0.0058364109970216,-0.0026342360999908514,-37.28453426521898
233.35,0.0058101295108582,-0.002622064782645016,-38.345748366468825
233.36,0.0057839696312353,-0.002609914535198362,-39.66096688080017
233.37,0.0057579311525728,-0.0025977845345016735,-40.69646794187502
233.38,0.0057320138749622,-0.002585674188906699,-41.59615063387834
233.39,0.0057062176048136,-0.00257358304131003,-42.54977191590873
233.4,0.0056805421518305,-0.0025615106038866663,-43.77064620160181
233.41,0.0056549873324764,-0.0025494562333141174,-44.04148359809679
233.42,0.005629552968731,-0.00253741977463166,-48.86942775608362
233.43,0.0056042388880153,-0.0025253978173808197,-51.61541122409699
233.44,0.0055790449690975,-0.002513388498953322,-52.13534908444002
233.45,0.0055539710734941,-0.0025013920386833316,-46.463222453393676
233.46,0.0055290170724358,-0.00248941298071997,-47.62881921708101
233.47,0.0055041827593637,-0.0024774508501491832,-52.99384136444415
233.48,0.0054794680137407,-0.002465501612915872,-63.39152360960873
233.49,0.0054548727059512,-0.002453557889234119,-65.54002936175648
233.5,0.0054303968386857,-0.002441618536890799,-59.20348428368688
233.51,0.0054060403056318,-0.0024296885093991775,-58.914150447211384
233.52,0.0053818030356124,-0.002417768744759163,-61.29602470308008
233.53,0.0053576849024927,-0.0024058577966083825,-68.32317109755864
233.54,0.005333685862944,-0.002393951287170859,-67.52677659631809
233.55,0.0053098058598776,-0.0023820499551699403,-68.98389492379518
233.56,0.0052860448491521,-0.002370153261501665,-72.42975212641191
233.57,0.0052624027867779,-0.002358259122184991,-78.88943042967347
233.58,0.0052388796695266,-0.002346363669575006,-79.17723611861759
233.59,0.0052154755175358,-0.0023344670360042085,-80.78422706452612
233.6,0.0051921903355643,-0.0023225686170374772,-85.59677262009998
233.61,0.0051690241594,-0.0023106657857757734,-88.20540624618506
233.62,0.0051459770384847,-0.0022987572935166535,-90.22025007889263
233.63,0.0051230490351921,-0.002286842368260011,-93.08562075336627
233.64,0.0051002402171231,-0.0022749197139283997,-96.63448729878257
233.65,0.0050775506726984,-0.002262987570731626,-100.89646033860609
233.66,0.0050549805042065,-0.0022510437859033358,-104.08002050710881
233.67,0.0050325298403471,-0.0022390869488925114,-106.2469173525406
233.68,0.0050101988126211,-0.0022271161837491248,-112.87716821474535
233.69,0.0049879875738823,-0.002215128042680004,-116.32834675782249
233.7,0.004965896314538,-0.002203120987723319,-118.58712178160566
233.71,0.0049439252208039,-0.002191094202056643,-125.14539749583815
233.72,0.0049220745065207,-0.002179044441623346,-128.91481115607291
233.73,0.0049003444139907,-0.0021669700577491837,-132.59810081863986
233.74,0.0048787351930272,-0.002154869513168391,-138.52319965075458
233.75,0.0048572471197858,-0.0021427400470983423,-142.65301923678615
233.76,0.0048358804944617,-0.002130579912759154,-147.52542658635176
233.77,0.0048146356311185,-0.0021183869809575056,-153.7681990675858
233.78,0.0047935128732199,-0.00210615841614831,-157.9761343810241
233.79,0.0047725125875663,-0.002093892520660007,-163.84845858416497
233.8,0.0047516351559819,-0.0020815867133158446,-170.48274364921002
233.81,0.0047308809956937,-0.0020692380528466846,-174.7930683506257
233.82,0.004710250543837,-0.0020568448719258687,-181.75204586813027
233.83,0.0046897442567487,-0.002044404117398353,-188.33549033463402
233.84,0.004669362629053,-0.0020319129857474653,-193.0154570627076
233.85,0.0046491061715095,-0.002019369701985801,-201.02447526872072
233.86,0.0046289754202131,-0.002006770763810016,-207.4500588953373
233.87,0.0046089709502678,-0.001994113549651645,-212.72867592879427
233.88,0.0045890933507766,-0.0019813960629441697,-221.38258828616617
233.89,0.0045693432419757,-0.001968614563414207,-227.91502803354334
233.9,0.0045497212814296,-0.00195576645584583,-233.94451351241975
233.91,0.0045302281431015,-0.0019428494380916567,-242.79913348671417
233.92,0.0045108645344845,-0.0019298597571491625,-249.6333937115313
233.93,0.0044916311989859,-0.001916794743794167,-256.23692256157506
233.94,0.0044725288993627,-0.0019036519020058321,-264.5171847808316
233.95,0.0044535584313824,-0.0018904278853708208,-271.5306108334991
233.96,0.0044347206218972,-0.0018771199357942013,-280.9531825960958
233.97,0.0044160163255064,-0.0018637240575083316,-289.28874899543257
233.98,0.00439744644465,-0.0018502368794324753,-295.70117021310494
233.99,0.0043790119003058,-0.0018366560897466913,-304.0296120708588
234.0,0.0043607136458243,-0.0018229784081549793,-312.1204671960466
234.01,0.0043425526656704,-0.0018092006420208412,-319.8560412987057
234.02,0.0043245299765454,-0.0017953198122191564,-327.515684474252
234.03,0.0043066466231171,-0.0017813329521257997,-336.39738898351766
234.04,0.0042889036828642,-0.0017672364378617167,-344.442559880875
234.05,0.0042713022704759,-0.0017530270719100182,-352.17982729383664
234.06,0.0042538435279592,-0.001738701806147506,-360.9125959488834
234.07,0.0042365286325063,-0.0017242570507858327,-368.846128126672
234.08,0.0042193587958451,-0.001709689610436643,-376.56407808106053
234.09,0.0042023352596574,-0.0016949963907283245,-384.69414306002665
234.1,0.0041854592984204,-0.0016801740406692076,-392.50387911069373
234.11,0.0041687322199961,-0.0016652193351874905,-400.082006147333
234.12,0.004152155363435,-0.0016501291304600162,-407.8105202242636
234.13,0.0041357300999967,-0.0016349001429891716,-415.4029995944061
234.14,0.0041194578340804,-0.001619529096065801,-422.7516249088133
234.15,0.004103340002318,-0.0016040127797075086,-430.02061791097265
234.16,0.0040873780735333,-0.0015883479518175123,-437.17053960077044
234.17,0.0040715735491848,-0.0015725313492216848,-444.1212363804599
234.18,0.0040559279632329,-0.0015565597323225397,-450.7624169449392
234.19,0.0040404428818214,-0.0015404299386574962,-457.34249803168103
234.2,0.0040251199025048,-0.001524138730993308,-463.72357337763674
234.21,0.0040099606559989,-0.0015076828714091354,-469.6944408852541
234.22,0.0039949668043721,-0.0014910592354691913,-475.64856385781235
234.23,0.0039801400413289,-0.0014742645781008193,-481.20449349148447
234.24,0.0039654820934011,-0.0014572957458741582,-486.53724704086704
234.25,0.003950994717603,-0.0014401495659416908,-491.73027860856473
234.26,0.0039366797040698,-0.0014228227842291575,-496.55598029399204
234.27,0.0039225388745915,-0.0014053121991842031,-501.0907388002065
234.28,0.0039085740834166,-0.0013876146153966368,-505.3045666135597
234.29,0.0038947872162795,-0.0013697268448141335,-509.3675430920565
234.3,0.0038811801914214,-0.0013516455923041817,-512.9450035443518
234.31,0.0038677549600076,-0.001333367671385859,-516.2257366800169
234.32,0.0038545135043179,-0.0013148898690891605,-519.3682189445151
234.33,0.0038414578400178,-0.0012962088301750106,-521.8850292504312
234.34,0.0038285900157937,-0.0012773213898566787,-524.2872739860918
234.35,0.003815912111435,-0.0012582241982675023,-526.4838097514568
234.36,0.0038034262424383,-0.0012389137858783473,-527.7942023728358
234.37,0.0037911345569667,-0.0012193870637591396,-529.4346852387301
234.38,0.0037790392343527,-0.0011996403743833228,-530.58171663337
234.39,0.0037671424944013,-0.0011796701473575089,-530.5664698216946
234.4,0.0037554465868411,-0.0011594734331300093,-531.6271259692006
234.41,0.0037439537945568,-0.0011390460087541752,-531.5776328166263
234.42,0.0037326664475723,-0.001118384250775819,-530.5579105130416
234.43,0.0037215869013014,-0.0010974850792624831,-530.128802577314
234.44,0.003710717550891,-0.0010763444638116804,-529.3787157981739
234.45,0.0037000608306179,-0.00105495821005082,-527.7511737615282
234.46,0.0036896192177617,-0.0010333226254024732,-525.5881164797398
234.47,0.0036793952214731,-0.0010114341527941864,-523.8881311963883
234.48,0.0036693913927809,-0.0009892882459558252,-521.5931743666362
234.49,0.0036596103291068,-0.0009668805108125028,-518.4792670524744
234.5,0.003650054668346,-0.0009442070800766639,-515.0924440431296
234.51,0.0036407270872914,-0.0009212638972916405,-512.4506751612797
234.52,0.0036316303078669,-0.0008980453487566811,-508.54834324131275
234.53,0.003622767112949,-0.000874546945353341,-503.87844765193336
234.54,0.0036141403154576,-0.0008507647830191484,-499.84198130988955
234.55,0.0036057527814594,-0.0008266934269216796,-495.55753293433435
234.56,0.0035976074299124,-0.0008023270690491883,-490.38395659037883
234.57,0.003589707239818,-0.0007776607782200068,-484.74991677417216
234.58,0.0035820552306123,-0.00075268981294165,-479.6384770306984
234.59,0.003574654480445,-0.0007274077648991515,-473.97274808585405
234.6,0.0035675081324814,-0.000701808484225842,-467.65195683124915
234.61,0.0035606193865587,-0.000675886530159995,-461.18182491372806
234.62,0.003553991497629,-0.0006496360749766905,-455.12905341935374
234.63,0.003547627785245,-0.0006230494331341422,-448.2580654494409
234.64,0.003541531650969,-0.0005961201321058134,-440.91109851167533
234.65,0.0035357065452548,-0.0005688422780241773,-433.9325220235591
234.66,0.0035301559935601,-0.000541208079432511,-426.83976034790044
234.67,0.0035248835993367,-0.00051320899195003,-419.0445641534393
234.68,0.0035198930531561,-0.0004848380758833503,-411.05916093625484
234.69,0.0035151881010568,-0.0004560884130691607,-403.20445324235675
234.7,0.0035107725764269,-0.00042695162993916546,-395.66677093093324
234.71,0.0035066503950714,-0.00039741649765247505,-387.3190202521599
234.72,0.0035028256008656,-0.0003674748898291712,-378.61631583053276
234.73,0.0034993022762847,-0.00033712004393002,-370.40415670262394
234.74,0.0034960846129128,-0.0003063415421116794,-362.12446708781
234.75,0.0034931768967206,-0.0002751275537041517,-353.6189699212383
234.76,0.0034905835494062,-0.00024346696528083,-344.7376662769184
234.77,0.0034883090746764,-0.00021135150724085013,-336.06874144053864
234.78,0.0034863580723929,-0.00017877040004081918,-327.4384678896545
234.79,0.0034847352614831,-0.00014571098562167804,-318.77240679231636
234.8,0.0034834454918647,-0.00011215946626585028,-309.9478753759739
234.81,0.0034824937487254,-7.810503076835565e-05,-301.1650594856886
234.82,0.0034818851062832,-4.353647851000041e-05,-292.4828175595651
234.83,0.0034816247805233,-8.439862439140201e-06,-283.7814051558443
234.84,0.0034817181236691,2.720157172166812e-05,-275.12117462516886
234.85,0.0034821706713053,6.34009419016609e-05,-266.5441899708761
234.86,0.0034829880439326,0.0001001701861900019,-258.0306369258215
234.87,0.0034841760296031,0.00013752544360833154,-249.48248076172806
234.88,0.0034857405677087,0.0001754854208200057,-241.09371099707874
234.89,0.0034876878082811,0.0002140668210333468,-232.94108129352242
234.9,0.0034900240228582,0.0002532833341483281,-224.78468004928382
234.91,0.0034927556522751,0.0002931526804033157,-216.65992738102136
234.92,0.0034958893195629,0.00033369481873836226,-208.59415222063097
234.93,0.0034994318602703,0.00037493093274335075,-200.95068592108896
234.94,0.0035033903085712,0.0004168779757183081,-193.40845174226706
234.95,0.0035077718524123,0.0004595542606899983,-185.84906850334085
234.96,0.0035125838996127,0.000502981881869167,-178.22293514243677
234.97,0.0035178340773195,0.0005471862621433398,-171.1682395202589
234.98,0.0035235302820045,0.0005921878864025126,-164.37700221162726
234.99,0.0035296805600895,0.0006380063001666441,-157.45773541382084
235.0,0.0035362932154044,0.0006846664256025063,-150.46940663737305
235.01,0.0035433767884987,0.0007321969094458311,-143.96963974270832
235.02,0.0035509401382058,0.0007806231829733429,-137.96474685197765
235.03,0.0035589923133672,0.0008299670854599868,-131.76386732452195
235.04,0.0035675426323956,0.0008802563140808175,-125.65933110892041
235.05,0.0035766006917619,0.0009315209389799925,-119.62219707584669
235.06,0.0035861764076737,0.0009837931725983394,-114.28402877190142
235.07,0.0035962800029144,0.0010370994891075157,-109.03677040221046
235.08,0.0036069219409038,0.0010914681222291681,-103.72404467283833
235.09,0.0036181130189098,0.0011469321732233365,-98.26155455017138
235.1,0.0036298643609694,0.0012035299846533394,-93.56790802709084
235.11,0.0036421875026524,0.001261293213509982,-89.21757128499344
235.12,0.0036550942126862,0.00132025163365332,-84.56991092838739
235.13,0.003668596647023,0.0013804430791416467,-79.9803465769197
235.14,0.0036827073198958,0.0014419084629433596,-75.77756687734784
235.15,0.0036974391908322,0.001504686711354153,-72.09701374526573
235.16,0.0037128055476066,0.0015688122621783382,-68.26084253984955
235.17,0.0037288200633469,0.001634325451105854,-64.49544834632921
235.18,0.003745496828552,0.001701269842234176,-60.76640973076105
235.19,0.0037628503842627,0.0017696921301900029,-57.62966159322871
235.2,0.0037808957338649,0.0018396330569700001,-54.608978605226035
235.21,0.0037996482502273,0.0019111346005783276,-51.50866868100472
235.22,0.0038191237894324,0.001984244520089155,-48.33321336787915
235.23,0.0038393386767333,0.0020590159492283404,-45.696796862778726
235.24,0.0038603098035022,0.002135496102839186,-43.32915722172325
235.25,0.0038820544488783,0.00221373020319333,-40.738436011669506
235.26,0.0039045904342517,0.002293771998228321,-38.29916599022355
235.27,0.0039279360983461,0.0023756766197875036,-36.03345842482596
235.28,0.0039521103594572,0.0024594994005782958,-34.07625159159573
235.29,0.0039771326561478,0.0025452925845358162,-32.09570694351191
235.3,0.0040030229685959,0.0026331126346716897,-30.19702980455265
235.31,0.0040298018613114,0.002723018292694137,-28.438251305664927
235.32,0.0040574904846054,0.002815068834867458,-26.791997742408732
235.33,0.0040861105891005,0.002909324506406713,-25.248942425324387
235.34,0.0041156845307246,0.0030058466867950457,-23.777154762023212
235.35,0.0041462352894962,0.003104698678115794,-22.404415084837797
235.36,0.0041777864853556,0.0032059448266458105,-21.128137918950195
235.37,0.0042103623847746,0.003309650393214186,-19.91247635395315
235.38,0.0042439879137543,0.003415882306524218,-18.880319182493086
235.39,0.0042786886695001,0.0035247052015575124,-17.818122681885992
235.4,0.0043144908863767,0.003636188253879134,-16.769393619194453
235.41,0.0043514215415669,0.003750404024998345,-15.9490303202533
235.42,0.0043895082998232,0.0038674197486283377,-15.22926508336895
235.43,0.0044287794940723,0.003987301662640818,-14.387962314917235
235.44,0.0044692641365845,0.004110124430492458,-13.570879907141268
235.45,0.0045109920361404,0.004235965012999165,-13.162183742352015
235.46,0.0045539937047089,0.004364884820660876,-12.586585264829012
235.47,0.0045983002375076,0.0044969548809675255,-11.883938845041353
235.48,0.0046439435690428,0.004632256244443374,-11.42285759932771
235.49,0.0046909563650955,0.004770859883928332,-11.221757230261135
235.5,0.0047393719760789,0.00491282429996833,-10.746037961822868
235.51,0.004789224307725,0.005058224913839161,-10.202816367912236
235.52,0.0048405481940826,0.005207144347917508,-10.077911242825895
235.53,0.0048933791194644,0.00535964092825998,-9.898119001281682
235.54,0.004947753148244,0.005515776297525855,-9.525159318986045
235.55,0.005003707029625,0.005675627367030846,-9.142793997783075
235.56,0.0050612783196643,0.0058392717603016646,-9.489620198633334
235.57,0.0051205052067831,0.006006734094039154,-9.266107920302513
235.58,0.0051814259542726,0.006178079365619162,-8.784519785924548
235.59,0.0052440800152067,0.006353397215309965,-8.890726606190585
235.6,0.0053085072631788,0.006532727047755789,-9.170036003011708
235.61,0.0053747480121955,0.006716088963326693,-8.99999485699317
235.62,0.0054428426844523,0.00690354221367579,-8.670397752155438
235.63,0.0055128327097955,0.007095161448692454,-9.115365426331472
235.64,0.0055847597783377,0.007290940843813378,-9.519888825114164
235.65,0.0056586653894356,0.007490870881962515,-9.266342843413819
235.66,0.0057345912203155,0.007695010416308351,-9.165238719649661
235.67,0.0058125797397824,0.00790340183448583,-9.673694941532384
235.68,0.0058926733311551,0.00811601174501246,-9.794545217840286
235.69,0.0059749140560141,0.008332843971979182,-9.757386163077284
235.7,0.0060593443407676,0.008553920875382485,-9.929426857343572
235.71,0.0061460065400449,0.008779228655255796,-10.748112336547862
235.72,0.0062349426983556,0.009008661133015027,-10.815966768794368
235.73,0.0063261934780874,0.009242204306262464,-10.583668333016993
235.74,0.0064198005091458,0.009479884812135833,-11.3653664636696
235.75,0.006515804509615,0.009721570466808348,-12.253716609100426
235.76,0.0066142447731201,0.009967097456565018,-12.272292060797891
235.77,0.0067151591338648,0.01021642848292087,-12.325956064667256
235.78,0.0068185858083564,0.010469518149212464,-13.271075724488231
235.79,0.0069245613735549,0.010726166015577472,-13.789035044888308
235.8,0.0070331205127354,0.01098622546047084,-14.100822140619245
235.81,0.0071442968470275,0.011249581197424212,-14.58079252182432
235.82,0.0072581225408807,0.01151607459444921,-15.786413929928848
235.83,0.0073746278550264,0.01178541137546829,-16.340056064401757
235.84,0.0074938396253927,0.01205740059545251,-16.612053890972273
235.85,0.0076157841580673,0.012331898471504187,-17.734383236209293
235.86,0.0077404848937536,0.012608593404900007,-19.067929059884488
235.87,0.0078679621853331,0.012887123702189121,-19.80583650527394
235.88,0.0079982326349311,0.013167234484963337,-20.481447949987235
235.89,0.0081313112432246,0.013448678422444993,-22.108660454410135
235.9,0.00826720921869,0.013731025036239894,-23.535367988124996
235.91,0.0084059334447109,0.014013875776603353,-24.697457492529587
235.92,0.0085474872424727,0.014296886547287462,-26.165700422446058
235.93,0.0086918703402938,0.014579658573071768,-28.153641587794926
235.94,0.0088390779976787,0.014861703371135898,-30.018937971621718
235.95,0.0089891004575903,0.015142564054387405,-31.98207186080474
235.96,0.0091419237763084,0.015421782161941622,-34.41309516033685
235.97,0.0092975288828049,0.015698836587409185,-36.98012140994005
235.98,0.0094558915399625,0.015973205096669277,-39.913094126304465
235.99,0.009616982176334,0.016244335062652503,-43.260308503005994
236.0,0.0097807655129409,0.01651164583452748,-46.819745289236444
236.01,0.0099472004591138,0.01677456919610827,-50.7918023084996
236.02,0.0101162403020576,0.01703252389747167,-55.68112887821936
236.03,0.0102878321857346,0.017284855544062568,-61.36338460417544
236.04,0.0104619164582107,0.01753088497231913,-66.537920960146
236.05,0.0106384270430511,0.01777007720361747,-73.380598830475
236.06,0.0108172929639113,0.018001773285630854,-82.21083521013868
236.07,0.0109984349669053,0.01822519173877912,-91.32323356976322
236.08,0.0111817670547686,0.018439665572597543,-99.69742815259573
236.09,0.011367196761256,0.018644716694704175,-112.13451450050373
236.1,0.0115546274500052,0.018839600974092475,-128.13259531901525
236.11,0.0117439521254336,0.01902344558277424,-142.13312064627246
236.12,0.0119350578512983,0.019195733380904953,-157.69631861461792
236.13,0.0121278265016679,0.019355971682970756,-180.03960978597942
236.14,0.012322134454171,0.01950336164685926,-206.7007682478817
236.15,0.0125178483464587,0.019637074008615942,-227.41436372512132
236.16,0.0127148292120016,0.0197567953272617,-254.62086541632357
236.17,0.0129129356832788,0.019861981746228306,-290.81457027194017
236.18,0.0131120177094604,0.019951795577911706,-325.34166702371937
236.19,0.0133119185165817,0.02002562845687746,-348.13822276719173
236.2,0.0135124764090754,0.02008335398807837,-381.2453664245305
236.21,0.0137135298653735,0.020124385026600834,-418.05962228569143
236.22,0.0139149060212254,0.020147921686519847,-434.0074969570563
236.23,0.0141164292105896,0.02015371681673674,-440.2952381452897
236.24,0.0143179205684218,0.020141602964428396,-444.4163093061871
236.25,0.0145192002249363,0.02011117863520832,-440.1236355264727
236.26,0.0147200817802676,0.02006200605516913,-417.866379418116
236.27,0.014920377469131,0.019993980184985802,-393.0453469578333
236.28,0.0151198977953591,0.019906871858524154,-362.663746329385
236.29,0.01531845072347,0.01980049298984333,-327.91550106442224
236.3,0.0155158431919567,0.019674774045154053,-294.04747625018143
236.31,0.0157118814831306,0.019529627761531807,-260.924764689577
236.32,0.0159063709872254,0.019365033087936665,-228.61682733187774
236.33,0.0160991177542358,0.019181126850735735,-201.0328785412749
236.34,0.0162899293902459,0.018977971773158353,-176.39728498942054
236.35,0.0164786134852063,0.018755679330289897,-153.44380133720753
236.36,0.0166649802222104,0.01851456483858589,-134.59021450933867
236.37,0.016848842890317,0.01825487832226421,-118.39402631922779
236.38,0.0170300168505012,0.01797689667974919,-104.18538418642497
236.39,0.017208321112861,0.01768099158481505,-91.9600349126581
236.4,0.0173835784009925,0.01736759782398663,-81.55418774911892
236.41,0.0175556163040696,0.0170371778614908,-72.99188260816436
236.42,0.0177242666412916,0.016690142093713178,-65.19081395792948
236.43,0.0178893656918749,0.01632706414732103,-58.51689489192453
236.44,0.0180507564521893,0.0159485529649349,-53.11911563725394
236.45,0.0182082870935727,0.01555512500348314,-48.12816183241777
236.46,0.0183618114990818,0.015147455091716125,-43.82486831143653
236.47,0.0185111910665969,0.014726251006587626,-40.26707144146204
236.48,0.018656293625377,0.014292164226164996,-36.99339805098574
236.49,0.0187969939831438,0.013845968047719101,-34.20371114298753
236.5,0.0189331751243172,0.013388422698151626,-31.943515356027735
236.51,0.0190647268923922,0.012920190876836851,-29.72268934236112
236.52,0.019191546175586,0.012442130897588437,-27.82513706689089
236.53,0.0193135394880738,0.011955083518709204,-26.38408023946836
236.54,0.0194306201820594,0.011459711315762375,-24.88398078608447
236.55,0.0195427089219343,0.010956905150593122,-23.616442526551424
236.56,0.0196497362885785,0.010447521360315773,-22.6875921561929
236.57,0.0197516397221554,0.009932225169395858,-21.69280890099479
236.58,0.0198483640205903,0.009411900898243213,-20.858301474012368
236.59,0.0199398637577012,0.008887401072600783,-20.260984656145208
236.6,0.0200261004651557,0.008359410281440102,-19.63354638067998
236.61,0.0201070431499665,0.007828781451709045,-19.131658024699163
236.62,0.0201826699249399,0.0072963184703332745,-18.795645226819193
236.63,0.0202529656617697,0.006762682400834163,-18.442515202876205
236.64,0.0203179223431413,0.006228684679961677,-18.190498584310046
236.65,0.0203775406074776,0.005695079836964071,-18.071347065359184
236.66,0.0204318273290077,0.005162477721440089,-17.94714420023186
236.67,0.0204807959682652,0.0046316249859950104,-17.90774533961397
236.68,0.0205244679028693,0.004103210546022521,-17.973451698980778
236.69,0.020562870200051,0.0035777921642097857,-18.05681764871067
236.7,0.0205960359177714,0.003056032271881616,-18.215059476469172
236.71,0.0206240050277768,0.002538540277596697,-18.457723289803912
236.72,0.0206468226520499,0.002025821313215067,-18.742835100768172
236.73,0.0206645392409674,0.0015184448979384316,-19.100064960561944
236.74,0.0206772110657104,0.0010169334613741785,-19.532649261260453
236.75,0.0206848989493082,0.0005217319653507437,-20.029310131872013
236.76,0.0206876683034114,3.3315910889930814e-05,-20.60252759540023
236.77,0.0206855893067333,-0.00044788031207914036,-21.253858798105103
236.78,0.0206787360158044,-0.0009214800150300628,-21.98889013358984
236.79,0.0206671862859017,-0.0013871007668390888,-22.81250334740366
236.8,0.0206510217385622,-0.0018443937519098455,-23.72785725638861
236.81,0.0206303271808164,-0.0022930525519939487,-24.746183110538023
236.82,0.0206051904253512,-0.002732786080944314,-25.874826049131812
236.83,0.020575702086453,-0.0031633268120775824,-27.12171622644187
236.84,0.0205419553133683,-0.0035844348997115505,-28.48993145577903
236.85,0.0205040455024025,-0.003995906052445842,-30.002583064280675
236.86,0.0204620699409126,-0.004397549628741589,-31.675947130132663
236.87,0.0204161278331009,-0.00478918928976836,-33.48899170356327
236.88,0.0203663199144045,-0.005170699526999204,-35.49706752454004
236.89,0.0203127480051099,-0.005541959252686654,-37.727205903032264
236.9,0.0202555152602245,-0.005902851790300697,-40.116717445328156
236.91,0.0201947257099833,-0.0062533214718408885,-42.77293443158803
236.92,0.0201304837682278,-0.006593309118529348,-45.73553672607604
236.93,0.0200628946457572,-0.0069227529270298425,-48.8806972076147
236.94,0.0199920638406392,-0.007241657450630645,-52.38751295727912
236.95,0.0199180966405181,-0.007550018619339293,-56.308643284692984
236.96,0.0198410986203907,-0.007847825931947319,-60.44159765531149
236.97,0.0197611751180899,-0.008135135247559825,-65.06907526977844
236.98,0.0196784307730473,-0.008411987453223307,-70.25059905890758
236.99,0.0195929700914781,-0.008678414707542452,-75.65786609784718
237.0,0.0195048969018831,-0.008934516901917504,-81.74371848237301
237.01,0.0194143139136814,-0.009180371369209208,-88.54975741674204
237.02,0.0193213233789038,-0.009416046100227539,-95.56224205532342
237.03,0.0192260264719488,-0.009641678535517376,-103.3855693873452
237.04,0.0191285229000496,-0.009857386516917468,-112.29882135349153
237.05,0.0190289115071099,-0.010063255989216542,-121.32754626271226
237.06,0.0189272900422227,-0.010259446217662551,-131.04119205147026
237.07,0.0188237543280396,-0.010446119739491682,-142.4686415980367
237.08,0.0187183990136067,-0.010623374566312427,-153.78572251779445
237.09,0.0186113176469209,-0.010791383589034132,-165.44233221098585
237.1,0.0185026015412306,-0.010950341715194156,-179.43360028685242
237.11,0.0183923405797149,-0.011100361757900891,-192.94715927267765
237.12,0.018280623481782,-0.011241625199033285,-206.1961676240106
237.13,0.0181675365822802,-0.01137434613878412,-222.2022145574976
237.14,0.018053164585637,-0.011498652314585283,-237.1055780314152
237.15,0.017937590947209,-0.01161473105347587,-250.93618070999173
237.16,0.0178208966789626,-0.011722803730052252,-267.2633055502491
237.17,0.0177031610553021,-0.011823017306962589,-281.98894676797454
237.18,0.0175844618979881,-0.011915557437886751,-294.643836647469
237.19,0.0174648747762485,-0.01200064207189577,-308.4600431962232
237.2,0.0173444733390802,-0.012078441104107468,-320.77792669168394
237.21,0.0172233296326664,-0.012149132735162518,-329.8223980189334
237.22,0.0171015136818242,-0.012212927939025085,-338.32991608584933
237.23,0.01697909344642,-0.012270013206586624,-345.8364830241658
237.24,0.016856135201792,-0.012320559625350787,-349.20540446795934
237.25,0.0167327033771992,-0.012364770016504966,-350.7167245777554
237.26,0.0166088602830999,-0.01240283937496093,-352.0575996550795
237.27,0.0164846664988638,-0.012434932845119985,-349.1837992870719
237.28,0.0163601809001041,-0.01246124389257166,-343.8955751420699
237.29,0.0162354602546472,-0.012481969008653419,-339.40138565278494
237.3,0.0161105595964757,-0.012497268641110053,-331.36222528474383
237.31,0.015985532350875,-0.012507326755169015,-321.15131183642865
237.32,0.0158604299068597,-0.01251233536326661,-312.49102662227517
237.33,0.0157353019483395,-0.012512450682820923,-301.3231697560465
237.34,0.0156101966197837,-0.012507847196769305,-288.7276803320417
237.35,0.0154851601362055,-0.012498707496851608,-277.7543093050008
237.36,0.0153602370734,-0.01248518597698504,-265.6418961501967
237.37,0.0152354704768921,-0.012467445732913258,-252.8196449305715
237.38,0.0151109016625147,-0.012445656335000808,-241.11184081022776
237.39,0.0149865703370727,-0.012419971352258408,-229.54885328630684
237.4,0.0148625147150449,-0.012390541995862557,-217.68168243229113
237.41,0.0147387714594047,-0.012357524989215924,-206.5345782296398
237.42,0.0146153756806742,-0.0123210694779217,-196.1686597414494
237.43,0.014492361060813,-0.01228131640860075,-185.76674445472295
237.44,0.0143697598636619,-0.012238410569870859,-175.8887396605241
237.45,0.0142476028923384,-0.012192493104459136,-166.9276258585764
237.46,0.0141259196012619,-0.012143695649879953,-158.07778317656027
237.47,0.0140047381341481,-0.012092152135705053,-149.6338899218526
237.48,0.0138840852761251,-0.012037994559103303,-142.03759872086246
237.49,0.0137639865475286,-0.01198134582111574,-134.68499183323232
237.5,0.0136444662553983,-0.011922328687505776,-127.66736041303113
237.51,0.0135255474668676,-0.011861064454422504,-121.22138962384597
237.52,0.0134072520733378,-0.011797668663145132,-115.15550118029104
237.53,0.0132896008255753,-0.011732253714590126,-109.41514813424591
237.54,0.0131726133646373,-0.011664929617530772,-104.04356276064811
237.55,0.0130563082430144,-0.01159580300610411,-98.9439004525372
237.56,0.0129407029669543,-0.011524978334224133,-94.21728008130965
237.57,0.0128258140048438,-0.011452555748007586,-89.85187515193692
237.58,0.0127116568593794,-0.011378631086170847,-85.5870690839957
237.59,0.0125982460721761,-0.011303300232239974,-81.58803791891614
237.6,0.0124855952359532,-0.01122665586781501,-77.98127153718508
237.61,0.012373717045303,-0.011148784739305933,-74.56837940979017
237.62,0.0122626233485324,-0.011069771301055818,-71.08615825581107
237.63,0.0121523251415264,-0.010989702224229974,-68.05202815539404
237.64,0.0120428325618671,-0.010908656526804996,-65.3247114895316
237.65,0.0119341550188882,-0.01082670807849833,-62.380297228271004
237.66,0.0118263011506434,-0.010743935269902463,-59.74159662627176
237.67,0.0117192788211566,-0.010660411078900025,-57.449790326196826
237.68,0.0116130952124026,-0.010576201874014124,-55.123771660374395
237.69,0.0115077568424298,-0.010491374915408299,-52.66562564935251
237.7,0.0114032695457107,-0.01040599984625743,-50.735924996925824
237.71,0.0112996384774704,-0.010320135794428253,-48.99316750697045
237.72,0.0111968682742783,-0.010233837889639212,-47.031649003416206
237.73,0.011094962966302,-0.010147165696400024,-44.849476158111855
237.74,0.0109939260031202,-0.010060182529640927,-43.36193845140726
237.75,0.0108937601917736,-0.00997293738352412,-42.149086835402564
237.76,0.010794467981608,-0.009885473314143306,-40.47715580930976
237.77,0.0106960512802273,-0.009797842269450066,-38.48750016803851
237.78,0.010598511508447,-0.00971010170149257,-37.301523122545085
237.79,0.0105018494788196,-0.009622292414590778,-36.485135851848476
237.8,0.0104060657745255,-0.00953444740261499,-35.03897829511237
237.81,0.0103111604986062,-0.009446611437528406,-33.273781780191165
237.82,0.0102171333550536,-0.00935883475409245,-32.28104490821009
237.83,0.0101239834955478,-0.009271151627018267,-31.71046718793192
237.84,0.0100317099205494,-0.009183587668530049,-30.478774234513253
237.85,0.0099403112178148,-0.009096180399304165,-28.922725104297932
237.86,0.0098497856534132,-0.009008972737111626,-28.070683507124745
237.87,0.0097601310063747,-0.00892199325599337,-27.669416967220563
237.88,0.009671344957482,-0.008835261654117433,-26.589152515658085
237.89,0.0095834248410844,-0.008748809269385838,-25.28257887736011
237.9,0.0094963677295849,-0.008662671026682578,-24.479485774749254
237.91,0.0094101702955242,-0.008576871485728357,-24.16332203128526
237.92,0.0093248291162023,-0.008491426022701648,-23.306238173605372
237.93,0.009240340512311,-0.008406358798879868,-22.144254983599467
237.94,0.0091567005866035,-0.008321698732135875,-21.37163352847979
237.95,0.0090739051145994,-0.008237466822551725,-21.130348376997535
237.96,0.0089919497823658,-0.008153674489520799,-20.477277571860196
237.97,0.0089108300971156,-0.00807033955214249,-19.323994743961624
237.98,0.0088305413854756,-0.00798748742920835,-18.580654948797036
237.99,0.0087510786857349,-0.007905135642828357,-18.54089378331999
238.0,0.0086724369828252,-0.00782328996655329,-17.9240757782777
238.01,0.0085946111530518,-0.0077419641630242005,-17.460101014140836
238.02,0.0085175959199972,-0.007661170698587582,-15.90086966478752
238.03,0.0084413858826738,-0.007580936783159884,-15.699314791121926
238.04,0.0083659753036317,-0.007501268255948219,-16.102633821713916
238.05,0.008291358636107,-0.007422161903061761,-15.08851520367319
238.06,0.0082175301381766,-0.007343634104878377,-14.55402469790339
238.07,0.0081444839874004,-0.007265695621663315,-13.284083706867184
238.08,0.0080722142065643,-0.0071883652843517405,-13.394118076061215
238.09,0.0080007146578082,-0.007111642306182456,-13.519139654000847
238.1,0.0079299793355612,-0.007035525290640773,-12.761564785029405
238.11,0.0078600020961175,-0.00696002465715668,-11.825017222098118
238.12,0.0077907767479156,-0.006885153147777555,-11.151709403187562
238.13,0.0077222969155022,-0.006810918532876703,-11.48279573418239
238.14,0.0076545562683721,-0.006737315669560028,-11.062657813355099
238.15,0.0075875484837147,-0.006664348037891639,-10.683237765759674
238.16,0.0075212671739628,-0.0065920195258466424,-9.427215228887782
238.17,0.0074557059247748,-0.006520343304602476,-9.312347978095536
238.18,0.0073908581399545,-0.006449318285562535,-9.758752469445177
238.19,0.0073267174082006,-0.0063789369414617245,-8.927485489233357
238.2,0.0072632772356367,-0.0063092055674874485,-8.589323542446635
238.21,0.0072005311232078,-0.006240125825929963,-7.626269914581574
238.22,0.0071384725281106,-0.006171704786238324,-7.704547863370724
238.23,0.0070770948471034,-0.0061039380292516885,-7.850362535530632
238.24,0.0070163916011501,-0.0060368202629717,-7.2909177745459095
238.25,0.006956356271034,-0.005970353484025781,-6.584335720989143
238.26,0.006896982351112,-0.005904541213320023,-6.0200695107137205
238.27,0.0068382632648817,-0.005839384567294209,-6.336364571584823
238.28,0.0067801924975301,-0.0057748760570741344,-6.075291590614299
238.29,0.0067227635904541,-0.005711013278961616,-5.848025834055438
238.3,0.0066659700825401,-0.005647794354309979,-4.509897001430769
238.31,0.0066098055384371,-0.005585226521469212,-4.5857059267732385
238.32,0.0065542634039113,-0.005523303833420852,-5.3126962276358665
238.33,0.006499337344,-0.005462014944864127,-4.375338922708589
238.34,0.0064450209870538,-0.00540136207542335,-4.4844504545423565
238.35,0.0063913079969608,-0.005341339888670787,-3.352681035243579
238.36,0.0063381920766485,-0.0052819523092399725,-2.9293283281441744
238.37,0.0062856668473981,-0.00522319691768836,-3.7454965553404826
238.38,0.006233726067661,-0.005165061707848345,-3.331459304721754
238.39,0.0061823635551834,-0.00510754380342337,-3.0558844390171416
238.4,0.0061315731438727,-0.005050639911148367,-2.484181425777236
238.41,0.0060813487135025,-0.004994348949019129,-1.5183787146227532
238.42,0.0060316841235516,-0.004938671750779125,-2.1448103909205143
238.43,0.0059825732664969,-0.0048835978866233485,-2.386472364024698
238.44,0.0059340101779214,-0.004829119613201652,-1.7139788876430693
238.45,0.0058859888948557,-0.00477523538152749,-1.6315736350296473
238.46,0.0058385035040062,-0.004721940429478367,-0.43462394092923423
238.47,0.0057915481209586,-0.004669236249344984,-0.7697869899284582
238.48,0.005745116838282,-0.00461711451339245,-1.3979594004892275
238.49,0.0056992039189835,-0.004565565305247515,-0.5701393208591373
238.5,0.0056538036298125,-0.004514587222854227,-0.7462509687256512
238.51,0.0056089102898323,-0.004464173822997519,0.4491856169915234
238.52,0.0055645182718149,-0.004414325794323329,0.3325438698927277
238.53,0.0055206219137624,-0.004365036238517486,-0.43825200291727867
238.54,0.0054772157165721,-0.004316294909824974,0.3376247989434174
238.55,0.005434294196512,-0.0042680996283608295,0.23962455890246986
238.56,0.0053918519229907,-0.004220444261562533,0.9326803517822142
238.57,0.0053498835205145,-0.004173326410039993,1.2430584455037117
238.58,0.0053083836199796,-0.004126741507055836,0.6887671226271569
238.59,0.005267346941628,-0.004080680834377466,0.8826740086115489
238.6,0.0052267682727454,-0.004035139229544154,1.0758698117042629
238.61,0.0051866424427662,-0.003990111809553324,1.3723732149846248
238.62,0.0051469643366305,-0.0039455942791766915,1.9991056680003185
238.63,0.0051077288698552,-0.0039015834973041693,1.580063993542014
238.64,0.0050689310029586,-0.0038580717502249466,1.3412006255406475
238.65,0.0050305657930675,-0.0038150521900591787,1.7559761657336437
238.66,0.0049926283323559,-0.003772520768705024,1.734065513469659
238.67,0.0049551137678407,-0.003730472012930017,2.524697304537499
238.68,0.0049180172933888,-0.003688903370772464,2.251360740389127
238.69,0.0048813341228823,-0.003647808097868262,1.7281516670551742
238.7,0.0048450595771814,-0.003607178654568341,2.2461370348988337
238.71,0.0048091890099257,-0.0035670113446316593,2.0665358109050267
238.72,0.0047737178282842,-0.0035273003410775587,2.7590175018647174
238.73,0.0047386414930605,-0.0034880426888900034,2.652481801596379
238.74,0.0047039554831891,-0.0034492326081716146,2.0807506209710733
238.75,0.0046696553718317,-0.003410862884472463,2.472996314038404
238.76,0.0046357367714344,-0.0033729294851100053,2.3675132839909785
238.77,0.0046021953451596,-0.0033354270447442055,2.6670043388052047
238.78,0.0045690268080255,-0.0032983514361433104,2.7957947494294197
238.79,0.0045362269099298,-0.0032616979607200045,2.4021818209748598
238.8,0.0045037914619332,-0.0032254604145199586,2.3947110319132325
238.81,0.0044717163317076,-0.003189633792032534,2.4390230143042992
238.82,0.0044399974319903,-0.0031542133788633672,2.4715402960960153
238.83,0.0044086307254305,-0.0031191945313099574,2.7021096241854394
238.84,0.00437761221718,-0.0030845731045533184,2.3994295714694567
238.85,0.0043469379569824,-0.003050343562008349,2.149146647751163
238.86,0.0043166040569519,-0.003016500594327485,2.2496386509637554
238.87,0.0042866066710467,-0.00298303987122998,2.1007117765509196
238.88,0.0042569420010137,-0.0029499566026116564,2.361571611896744
238.89,0.0042276062940244,-0.002917246969540003,2.0988459931505132
238.9,0.0041985958330869,-0.002884905928195058,1.687837469812012
238.91,0.0041699069639771,-0.002852928187919961,1.7904028143291064
238.92,0.0041415360720187,-0.0028213096872041735,1.5397990365879275
238.93,0.0041134795880292,-0.002790045749014217,1.7213474027887878
238.94,0.0040857339879682,-0.002759132632975798,1.4901594002212584
238.95,0.0040582957814548,-0.0027285657444983016,1.0000013291354874
238.96,0.0040311615353806,-0.0026983400424716777,0.9980438623736464
238.97,0.0040043278566682,-0.002668451544766652,0.7789641181916039
238.98,0.003977791394772,-0.002638895949144183,0.5418080311745743
238.99,0.003951548841958,-0.0026096690058400227,0.6096311646139524
239.0,0.0039255969315963,-0.0025807670726916586,0.23005012915177767
239.01,0.0038999324319634,-0.0025521857156999813,-0.2643531773751358
239.02,0.0038745521635382,-0.0025239203837099794,-0.3318634989149651
239.03,0.0038494529833772,-0.00249596735377416,-0.6629294762320378
239.04,0.0038246317889519,-0.002468322552540032,-0.9081285674333186
239.05,0.0038000855177259,-0.002440982113339162,-1.0831446320369726
239.06,0.0037758111446326,-0.002413942334022474,-1.5319143838481042
239.07,0.0037518056824235,-0.002387199126984182,-1.957591030269902
239.08,0.0037280661866154,-0.0023607485202266636,-2.2140885933652066
239.09,0.0037045897488264,-0.0023345868801116837,-2.6080165230940477
239.1,0.003681373498283,-0.00230871044611084,-2.969196992791721
239.11,0.0036584146013777,-0.0022831155660308316,-3.3624378398011587
239.12,0.0036357102605591,-0.0022577986070441347,-3.81669869216452
239.13,0.0036132577149589,-0.00223275591849,-4.25361986754154
239.14,0.0035910542397779,-0.002207983943652493,-4.700259489645194
239.15,0.0035690971453469,-0.0021834791849033412,-5.153621449949061
239.16,0.0035473837769014,-0.002159238191975841,-5.768017867353269
239.17,0.0035259115141353,-0.00213525738012583,-6.258151258478724
239.18,0.0035046777731222,-0.0021115334018216706,-6.684647915403964
239.19,0.0034836800007284,-0.0020880630522866588,-7.309922472875725
239.2,0.0034629156778648,-0.0020648429521366494,-7.877570115524332
239.21,0.0034423823183505,-0.0020418698488883363,-8.467412728557337
239.22,0.0034220774683554,-0.002019140520594991,-9.28095581544211
239.23,0.0034019987065198,-0.0019966515717841685,-9.834811549723673
239.24,0.0033821436456906,-0.001974399976900823,-10.350154131323997
239.25,0.0033625099256462,-0.0019523828110900117,-11.171993619039057
239.26,0.0033430952185947,-0.0019305968865500006,-11.846505099265084
239.27,0.0033238972270834,-0.0019090392181366773,-12.655268955741622
239.28,0.0033049136835742,-0.0018877067474025,-13.587183280197587
239.29,0.0032861423516586,-0.0018665963742125053,-14.224371324153614
239.3,0.0032675810248846,-0.0018457053617966664,-14.94185237204855
239.31,0.0032492275224721,-0.00182503095391415,-15.909219102344215
239.32,0.0032310796934978,-0.0018045702196616636,-16.701916736636285
239.33,0.0032131354150339,-0.001784320426672487,-17.875887983458355
239.34,0.0031953925917384,-0.0017642785709116589,-18.90191627818406
239.35,0.0031778491595976,-0.0017444418690316535,-19.526867150037717
239.36,0.0031605030785168,-0.0017248079493416533,-20.554564628142728
239.37,0.0031433523335449,-0.0017053741548750086,-21.68028588893709
239.38,0.0031263949372378,-0.0016861377973549916,-22.633316483064185
239.39,0.0031096289279506,-0.001667096368844999,-24.075252333840332
239.4,0.003093052369445,-0.0016482470371366703,-25.398005825443395
239.41,0.0030766633554639,-0.001629587159444149,-26.07561308928405
239.42,0.0030604600018006,-0.0016111146526108272,-27.256211543107096
239.43,0.0030444404459287,-0.0015928271082575058,-28.674576404525023
239.44,0.0030286028514767,-0.0015747219887533403,-29.82027664008297
239.45,0.0030129454058636,-0.001556796989493329,-31.490391143175245
239.46,0.0029974663199302,-0.0015390494984733431,-33.143924862286156
239.47,0.0029821638322959,-0.0015214770109183034,-33.98419561286191
239.48,0.0029670362027519,-0.0015040776403633643,-35.321098116877145
239.49,0.0029520817097474,-0.0014868492195316825,-37.05725235047343
239.5,0.0029372986563858,-0.0014697893658608308,-38.440663135663094
239.51,0.0029226853677109,-0.001452895956593331,-40.338819134237674
239.52,0.0029082401903632,-0.0014361666059458337,-42.355597217889944
239.53,0.0028939614963578,-0.0014195989481666682,-43.4345519421469
239.54,0.0028798476782745,-0.0014031912491850053,-44.953432905013194
239.55,0.0028658971447813,-0.0013869415625458433,-47.03807053483948
239.56,0.0028521083276534,-0.0013708476603049894,-48.69849508208442
239.57,0.0028384796788945,-0.0013549075874316882,-50.86558310887077
239.58,0.0028250096704167,-0.0013391191618991837,-53.31513753455955
239.59,0.0028116967973795,-0.0013234801389674878,-54.65942130047447
239.6,0.0027985395749613,-0.0013079889333483165,-56.38315927702524
239.61,0.0027855365319274,-0.0012926438055458282,-58.88124461092893
239.62,0.0027726862188017,-0.0012774426640708414,-60.87058481569934
239.63,0.0027599872047682,-0.0012623837054575014,-63.32048284260904
239.64,0.0027474380773762,-0.001247464950627492,-66.21364067879783
239.65,0.0027350374451783,-0.0012326842922125115,-67.92696555612933
239.66,0.0027227839361578,-0.0012180402529450149,-69.91947767666747
239.67,0.0027106761900865,-0.0012035312687025193,-72.84637395561265
239.68,0.0026987128669952,-0.0011891553933149914,-75.29363452055946
239.69,0.0026868926441218,-0.0011749109391816415,-77.78347081739024
239.7,0.002675214215638,-0.0011607962642250088,-80.43286029838106
239.71,0.0026636762919307,-0.0011468096898608433,-83.7290497325048
239.72,0.0026522776011734,-0.0011329493085749849,-86.99942459916096
239.73,0.0026410168911883,-0.0011192132820166652,-90.02550645150582
239.74,0.0026298929267278,-0.001105599903150861,-95.11174158960088
239.75,0.0026189044902079,-0.0010921069653474756,-89.61582960759398
239.76,0.0026080503817083,-0.001078736289394983,-95.48966171972407
239.77,0.002597329366874,-0.0010654851352325178,-107.28588345006797
239.78,0.002586740294784,-0.0010523486707908264,-105.61602743923244
239.79,0.0025762820110414,-0.001039327099019173,-110.7499651923885
239.8,0.0025659533755424,-0.001026418509045019,-111.05319445278589
239.81,0.0025557532648235,-0.0010136227317174885,-110.00826861039133
239.82,0.0025456805461262,-0.001000939886276655,-120.84515013824246
239.83,0.0025357341035179,-0.0009883659555341721,-127.66279231896333
239.84,0.0025259128714508,-0.0009758984040275057,-128.0194099272918
239.85,0.0025162157820844,-0.0009635369771674858,-134.83658640828938
239.86,0.0025066417831415,-0.0009512797193591418,-126.81463879715551
239.87,0.0024971898343036,-0.00093912917124251,-136.57757265688795
239.88,0.0024878588555275,-0.0009270820765183419,-151.91645977371834
239.89,0.0024786478617215,-0.0009151336261541429,-148.26310590682834
239.9,0.0024695558516669,-0.0009032848315408516,-155.98696023666523
239.91,0.0024605818385573,-0.000891533724537511,-154.57746872234745
239.92,0.0024517248499988,-0.0008798809276608222,-156.44862085886092
239.93,0.0024429838953212,-0.0008683259522116541,-170.48894723008507
239.94,0.0024343580170974,-0.0008568648600333592,-176.08266201682386
239.95,0.0024258462896115,-0.0008454961678341604,-178.59830839283222
239.96,0.0024174477875252,-0.000834219417141659,-185.2252644822308
239.97,0.0024091615988837,-0.0008230332112183262,-185.40615703860811
